    unsorted:	 25.00000000 25.00000000 25.00000000 25.00000000 25.00000000 208796.0045 201979.4479 201637.4075 203339.2367 209187.7545 210168.2898 194989.6132 196919.2198 191547.2620 190230.6514 215957.8530 220581.1981 183289.1759 176218.8885 170978.5827 164901.0946 162746.5598 155713.7961 232639.5058 234860.9284 238140.8407 147594.9397 141557.7365 252328.0938 130911.9519 259424.6866 119089.4736 107193.6798 93834.54619 85587.82232 73093.53265 63938.32890 55160.76096 52143.60242 43895.67437 38585.07797 31966.59088 25552.64736 22465.84253 262.2816552 192.4929745 463.4839197 653.2859263 1039.752658 16597.66519 13881.15472 7467.628807 283639.6792 290788.5252 306885.7275 324391.7170 325181.1169 363718.6239 401882.0347 476487.6018 525343.4568 561455.6427 568113.3510 595983.3682 639724.6831 679753.2556 775453.6506 838757.0797 1007115.256 1087830.828 1232738.070 1495438.423 1727899.061 2060009.987 2236864.091 2794301.613 3519751.598 4134307.526 4818189.575 10961152.11
      sorted:	 25.00000000 25.00000000 25.00000000 25.00000000 25.00000000 192.4929745 262.2816552 463.4839197 653.2859263 1039.752658 7467.628807 13881.15472 16597.66519 22465.84253 25552.64736 31966.59088 38585.07797 43895.67437 52143.60242 55160.76096 63938.32890 73093.53265 85587.82232 93834.54619 107193.6798 119089.4736 130911.9519 141557.7365 147594.9397 155713.7961 162746.5598 164901.0946 170978.5827 176218.8885 183289.1759 190230.6514 191547.2620 194989.6132 196919.2198 201637.4075 201979.4479 203339.2367 208796.0045 209187.7545 210168.2898 215957.8530 220581.1981 232639.5058 234860.9284 238140.8407 252328.0938 259424.6866 283639.6792 290788.5252 306885.7275 324391.7170 325181.1169 363718.6239 401882.0347 476487.6018 525343.4568 561455.6427 568113.3510 595983.3682 639724.6831 679753.2556 775453.6506 838757.0797 1007115.256 1087830.828 1232738.070 1495438.423 1727899.061 2060009.987 2236864.091 2794301.613 3519751.598 4134307.526 4818189.575 10961152.11
