    unsorted:	 198314.0906 192389.0052 194862.4603 201268.8222 184885.9168 183029.1844 179109.9482 204476.2979 173118.7376 170355.5411 165790.5042 213844.8830 217705.7486 219194.6083 223230.0318 224537.3102 226855.8711 228870.1021 159452.7107 157047.9121 150672.6713 242741.5534 140062.0489 132259.0822 251926.6806 251004.9317 124018.7423 121452.1969 110547.1788 105733.0642 88990.34286 85323.24657 75919.46799 60050.12174 44338.54619 42042.27460 37884.77749 29911.37372 13867.54631 10149.67977 4130.672531 370062.9428 368821.6311 576106.2417 5615347.592 5618161.518 5626374.232 5569619.041 5561156.243 5576891.547 5536118.433 5650854.527 5507007.429 5483743.032 5687067.619 5424249.369 5714033.335 5386267.004 5362284.151 5294049.571 5279652.797 5213114.957 5832930.806 5167394.297 5915885.233 5087778.405 6003815.552 4916082.373 6138419.022 4699023.399 6332272.744 6723937.671 10121481.99 2049976547.
      sorted:	 4130.672531 10149.67977 13867.54631 29911.37372 37884.77749 42042.27460 44338.54619 60050.12174 75919.46799 85323.24657 88990.34286 105733.0642 110547.1788 121452.1969 124018.7423 132259.0822 140062.0489 150672.6713 157047.9121 159452.7107 165790.5042 170355.5411 173118.7376 179109.9482 183029.1844 184885.9168 192389.0052 194862.4603 198314.0906 201268.8222 204476.2979 213844.8830 217705.7486 219194.6083 223230.0318 224537.3102 226855.8711 228870.1021 242741.5534 251004.9317 251926.6806 368821.6311 370062.9428 576106.2417 4699023.399 4916082.373 5087778.405 5167394.297 5213114.957 5279652.797 5294049.571 5362284.151 5386267.004 5424249.369 5483743.032 5507007.429 5536118.433 5561156.243 5569619.041 5576891.547 5615347.592 5618161.518 5626374.232 5650854.527 5687067.619 5714033.335 5832930.806 5915885.233 6003815.552 6138419.022 6332272.744 6723937.671 10121481.99 2049976547.
