    unsorted:	 25.00000000 25.00000000 25.00000000 25.00000000 25.00000000 216234.9514 216220.9696 213449.8809 212246.2657 202459.3185 200874.9296 206943.9191 196406.7220 194874.5403 191190.3697 188701.7698 184786.0570 177256.3362 174348.7898 168721.4871 165799.5071 163865.9541 157210.5804 229328.5638 235033.6194 234534.3396 147527.2518 141112.4934 246000.5830 132473.2887 251900.2305 120383.8451 107559.1269 93224.42597 84740.58139 74111.26885 64561.08335 273178.6000 53663.59634 51433.62745 43968.51024 39677.49382 32342.02799 261.6512995 187.7367494 474.1848300 644.9913944 1022.541380 25140.80621 21873.25079 16258.33471 13582.10589 7209.541087 281587.2358 296814.8169 316056.3572 328071.2517 362954.6335 398180.7164 478525.0010 526334.6649 568160.6541 575437.3561 598608.9588 636632.3893 689593.5469 789527.7491 853875.5268 1027264.159 1114539.463 1256002.334 1521589.282 1756099.003 2090844.606 2278634.999 2851952.757 3557149.541 4184540.329 4814900.156 11331195.06
      sorted:	 25.00000000 25.00000000 25.00000000 25.00000000 25.00000000 187.7367494 261.6512995 474.1848300 644.9913944 1022.541380 7209.541087 13582.10589 16258.33471 21873.25079 25140.80621 32342.02799 39677.49382 43968.51024 51433.62745 53663.59634 64561.08335 74111.26885 84740.58139 93224.42597 107559.1269 120383.8451 132473.2887 141112.4934 147527.2518 157210.5804 163865.9541 165799.5071 168721.4871 174348.7898 177256.3362 184786.0570 188701.7698 191190.3697 194874.5403 196406.7220 200874.9296 202459.3185 206943.9191 212246.2657 213449.8809 216220.9696 216234.9514 229328.5638 234534.3396 235033.6194 246000.5830 251900.2305 273178.6000 281587.2358 296814.8169 316056.3572 328071.2517 362954.6335 398180.7164 478525.0010 526334.6649 568160.6541 575437.3561 598608.9588 636632.3893 689593.5469 789527.7491 853875.5268 1027264.159 1114539.463 1256002.334 1521589.282 1756099.003 2090844.606 2278634.999 2851952.757 3557149.541 4184540.329 4814900.156 11331195.06
