    unsorted:	 25.00000000 25.00000000 25.00000000 25.00000000 25.00000000 197576.7980 196807.1997 198534.3489 199311.7962 193951.0262 201893.9703 189688.6029 187614.1715 206804.1604 207398.1543 219737.8166 179040.9033 217867.2275 221702.9633 224366.4685 173204.9521 172723.5628 164738.4591 161074.5668 235970.7465 238593.9426 243098.8294 155836.4594 249790.6089 144201.7792 137548.7052 258178.5924 125485.1244 112993.0602 105047.0648 95185.74203 83649.25188 278811.7082 56516.84666 67414.99449 52582.02085 51176.02959 40893.62935 35439.53353 29364.45177 23898.23588 21798.21402 259.6766218 163.3763849 496.5226354 632.5981432 957.5420856 15821.71202 12725.90933 6691.867964 308036.9394 306595.9096 338602.9392 385524.9164 475110.7394 517836.3074 561629.2262 574224.7106 596617.9284 646860.9505 683644.4144 780900.0263 855076.9245 1037502.619 1111198.961 1251154.059 1530968.355 1733470.699 2071373.927 2260438.709 2829039.566 3560280.772 4111386.454 4785668.339 10895174.72
      sorted:	 25.00000000 25.00000000 25.00000000 25.00000000 25.00000000 163.3763849 259.6766218 496.5226354 632.5981432 957.5420856 6691.867964 12725.90933 15821.71202 21798.21402 23898.23588 29364.45177 35439.53353 40893.62935 51176.02959 52582.02085 56516.84666 67414.99449 83649.25188 95185.74203 105047.0648 112993.0602 125485.1244 137548.7052 144201.7792 155836.4594 161074.5668 164738.4591 172723.5628 173204.9521 179040.9033 187614.1715 189688.6029 193951.0262 196807.1997 197576.7980 198534.3489 199311.7962 201893.9703 206804.1604 207398.1543 217867.2275 219737.8166 221702.9633 224366.4685 235970.7465 238593.9426 243098.8294 249790.6089 258178.5924 278811.7082 306595.9096 308036.9394 338602.9392 385524.9164 475110.7394 517836.3074 561629.2262 574224.7106 596617.9284 646860.9505 683644.4144 780900.0263 855076.9245 1037502.619 1111198.961 1251154.059 1530968.355 1733470.699 2071373.927 2260438.709 2829039.566 3560280.772 4111386.454 4785668.339 10895174.72
