    unsorted:	 25.00000000 25.00000000 25.00000000 25.00000000 25.00000000 202150.9695 201853.4945 200745.0651 203636.1579 197920.1418 193372.0599 191752.8274 191192.2711 210134.1229 216228.2967 217205.6228 219727.1818 178990.1238 227221.9751 229542.7736 172461.9443 167837.8039 164532.9552 165946.6003 161674.9160 236828.4850 152024.2246 141835.6176 132794.3088 121906.5887 261594.6796 264733.4272 111339.8680 96077.88140 83590.30068 71523.21705 62164.69164 53789.72205 50738.28624 44781.71887 40402.12996 29928.63910 25242.30424 22261.39749 16868.04892 261.2806081 210.8532447 460.7099555 662.4560022 1081.363669 13914.70959 7443.595984 287261.9591 301527.8202 307310.4745 328608.8862 327347.7672 365362.2933 404558.9863 482729.4671 526056.0779 560871.7608 567043.6217 591660.1302 635090.0296 677573.9027 776358.7159 849262.0367 1015800.274 1092466.580 1237109.846 1502184.413 1720592.332 2043247.522 2229755.988 2811948.130 3492894.903 4099967.907 4821245.208 10850956.46
      sorted:	 25.00000000 25.00000000 25.00000000 25.00000000 25.00000000 210.8532447 261.2806081 460.7099555 662.4560022 1081.363669 7443.595984 13914.70959 16868.04892 22261.39749 25242.30424 29928.63910 40402.12996 44781.71887 50738.28624 53789.72205 62164.69164 71523.21705 83590.30068 96077.88140 111339.8680 121906.5887 132794.3088 141835.6176 152024.2246 161674.9160 164532.9552 165946.6003 167837.8039 172461.9443 178990.1238 191192.2711 191752.8274 193372.0599 197920.1418 200745.0651 201853.4945 202150.9695 203636.1579 210134.1229 216228.2967 217205.6228 219727.1818 227221.9751 229542.7736 236828.4850 261594.6796 264733.4272 287261.9591 301527.8202 307310.4745 327347.7672 328608.8862 365362.2933 404558.9863 482729.4671 526056.0779 560871.7608 567043.6217 591660.1302 635090.0296 677573.9027 776358.7159 849262.0367 1015800.274 1092466.580 1237109.846 1502184.413 1720592.332 2043247.522 2229755.988 2811948.130 3492894.903 4099967.907 4821245.208 10850956.46
