    unsorted:	 185013.7715 183401.2195 187130.5983 188399.3825 178521.1878 195333.8530 168609.2848 166933.0412 164260.2838 201505.2584 204124.8778 157991.7970 154074.4404 150035.1736 218219.5408 217139.2688 220332.7934 220975.6640 213472.8399 222400.2918 229401.4392 232295.9299 140940.2748 135054.5315 123373.5760 119566.8516 108659.6013 105855.4932 249060.6520 257832.1011 93467.43677 86438.25870 69271.93975 57552.06397 49455.81213 43645.10465 42027.64243 29262.14748 9870.435623 11170.87866 8719.667172 370065.3218 368687.9428 575345.3929 5564039.183 5570711.571 5552766.196 5535395.804 5600611.695 5617617.798 5623961.106 5499849.944 5479836.090 5652648.017 5422646.738 5694085.411 5718467.067 5383916.323 5365425.560 5291605.680 5259230.843 5177231.936 5163205.084 5843172.483 5908688.101 5056791.429 6018460.343 4873157.371 6156465.783 4658040.525 6294583.483 6728574.911 10418624.98 2048686613.
      sorted:	 8719.667172 9870.435623 11170.87866 29262.14748 42027.64243 43645.10465 49455.81213 57552.06397 69271.93975 86438.25870 93467.43677 105855.4932 108659.6013 119566.8516 123373.5760 135054.5315 140940.2748 150035.1736 154074.4404 157991.7970 164260.2838 166933.0412 168609.2848 178521.1878 183401.2195 185013.7715 187130.5983 188399.3825 195333.8530 201505.2584 204124.8778 213472.8399 217139.2688 218219.5408 220332.7934 220975.6640 222400.2918 229401.4392 232295.9299 249060.6520 257832.1011 368687.9428 370065.3218 575345.3929 4658040.525 4873157.371 5056791.429 5163205.084 5177231.936 5259230.843 5291605.680 5365425.560 5383916.323 5422646.738 5479836.090 5499849.944 5535395.804 5552766.196 5564039.183 5570711.571 5600611.695 5617617.798 5623961.106 5652648.017 5694085.411 5718467.067 5843172.483 5908688.101 6018460.343 6156465.783 6294583.483 6728574.911 10418624.98 2048686613.
