    unsorted:	 190256.7069 191314.2191 192888.2522 188844.9279 185914.8405 183524.4645 198401.2900 200853.8630 201528.1350 205517.7234 209187.7073 211272.2837 177941.0112 173141.6977 172006.2388 215722.3255 217633.3232 222987.1858 224841.3487 163511.1953 161149.6239 237927.2715 238386.9127 152614.8800 243208.0791 145005.8859 249032.9352 136202.1358 129176.0215 115789.9742 269118.0708 271358.2797 92392.66892 98780.76294 88121.72142 77312.49078 68677.20847 58603.36625 54802.68157 43576.36786 40244.67011 34957.05064 31256.16098 22622.53529 20845.96134 13451.69507 12338.94655 6923.619454 298027.3621 428.6407270 330495.0200 370067.1093 384944.6132 433166.5114 455721.3710 463974.9181 479842.5141 508434.7896 537360.2851 552736.5990 635753.4395 676623.6479 816022.7246 875994.7072 987085.9853 1201991.439 1363260.128 1629619.940 1783235.467 2353769.907 3066268.251 3502963.291 7268786.001 11261300.63
      sorted:	 428.6407270 6923.619454 12338.94655 13451.69507 20845.96134 22622.53529 31256.16098 34957.05064 40244.67011 43576.36786 54802.68157 58603.36625 68677.20847 77312.49078 88121.72142 92392.66892 98780.76294 115789.9742 129176.0215 136202.1358 145005.8859 152614.8800 161149.6239 163511.1953 172006.2388 173141.6977 177941.0112 183524.4645 185914.8405 188844.9279 190256.7069 191314.2191 192888.2522 198401.2900 200853.8630 201528.1350 205517.7234 209187.7073 211272.2837 215722.3255 217633.3232 222987.1858 224841.3487 237927.2715 238386.9127 243208.0791 249032.9352 269118.0708 271358.2797 298027.3621 330495.0200 370067.1093 384944.6132 433166.5114 455721.3710 463974.9181 479842.5141 508434.7896 537360.2851 552736.5990 635753.4395 676623.6479 816022.7246 875994.7072 987085.9853 1201991.439 1363260.128 1629619.940 1783235.467 2353769.907 3066268.251 3502963.291 7268786.001 11261300.63
