    unsorted:	 203475.2448 204913.8855 206046.8926 209186.8319 208853.4734 198779.4158 197485.2623 194323.5096 217202.4351 215269.4848 219911.2652 189976.2175 188445.4629 180917.2131 177640.7271 226721.4547 166819.3045 164426.8207 162321.0212 159929.7499 154793.4959 234801.6387 236730.5312 149787.1765 244610.3974 245878.0737 136106.4609 254647.0685 130833.4454 117938.4003 276416.4541 277599.0673 101592.0282 97612.80059 86069.69269 79489.91687 65978.13128 58959.93159 52150.55916 43386.55217 39204.69681 35943.63690 30154.88854 20791.83792 22171.83279 13468.83025 12909.99662 7099.592462 303120.7652 506.3498500 335090.1049 370060.1780 396169.8207 442299.2995 471812.8142 477588.4378 493885.4823 519831.6446 538238.4185 566398.3049 651386.5354 688863.6895 819993.0126 905437.8432 989709.7331 1204317.472 1393403.822 1664264.769 1817097.734 2364940.760 3112591.910 3464506.650 7390319.066 11380916.57
      sorted:	 506.3498500 7099.592462 12909.99662 13468.83025 20791.83792 22171.83279 30154.88854 35943.63690 39204.69681 43386.55217 52150.55916 58959.93159 65978.13128 79489.91687 86069.69269 97612.80059 101592.0282 117938.4003 130833.4454 136106.4609 149787.1765 154793.4959 159929.7499 162321.0212 164426.8207 166819.3045 177640.7271 180917.2131 188445.4629 189976.2175 194323.5096 197485.2623 198779.4158 203475.2448 204913.8855 206046.8926 208853.4734 209186.8319 215269.4848 217202.4351 219911.2652 226721.4547 234801.6387 236730.5312 244610.3974 245878.0737 254647.0685 276416.4541 277599.0673 303120.7652 335090.1049 370060.1780 396169.8207 442299.2995 471812.8142 477588.4378 493885.4823 519831.6446 538238.4185 566398.3049 651386.5354 688863.6895 819993.0126 905437.8432 989709.7331 1204317.472 1393403.822 1664264.769 1817097.734 2364940.760 3112591.910 3464506.650 7390319.066 11380916.57
