    unsorted:	 25.00000000 25.00000000 25.00000000 25.00000000 25.00000000 201244.0383 202489.8281 199458.6856 197635.0559 205265.8510 189734.2427 190778.5301 210706.8532 209607.8108 183590.7985 172834.4433 177207.8067 171867.4923 222449.8334 159166.7144 161710.7397 157452.6080 230511.2224 233570.9671 234847.3910 239494.6615 147151.4533 141359.3958 132427.2157 252002.5645 255271.9195 122284.1533 113425.0922 97391.81208 81168.88790 69975.73876 64646.60408 54549.98531 46885.52599 44995.88312 41043.75628 29863.65952 25541.02594 23789.03076 17074.30191 263.2077478 195.6944013 482.1292367 655.8995614 1054.036454 14042.26304 7468.403408 280288.8044 289155.8932 305347.2350 323955.6544 330119.4833 367291.6965 402477.9349 480333.5852 541400.7680 577751.6712 585707.7164 604726.7265 643836.6665 693464.3010 801392.5061 855999.3813 1041189.415 1124249.177 1235816.652 1526132.690 1776269.491 2107893.295 2283626.400 2860035.943 3549266.551 4170961.745 4840253.098 11160718.65
      sorted:	 25.00000000 25.00000000 25.00000000 25.00000000 25.00000000 195.6944013 263.2077478 482.1292367 655.8995614 1054.036454 7468.403408 14042.26304 17074.30191 23789.03076 25541.02594 29863.65952 41043.75628 44995.88312 46885.52599 54549.98531 64646.60408 69975.73876 81168.88790 97391.81208 113425.0922 122284.1533 132427.2157 141359.3958 147151.4533 157452.6080 159166.7144 161710.7397 171867.4923 172834.4433 177207.8067 183590.7985 189734.2427 190778.5301 197635.0559 199458.6856 201244.0383 202489.8281 205265.8510 209607.8108 210706.8532 222449.8334 230511.2224 233570.9671 234847.3910 239494.6615 252002.5645 255271.9195 280288.8044 289155.8932 305347.2350 323955.6544 330119.4833 367291.6965 402477.9349 480333.5852 541400.7680 577751.6712 585707.7164 604726.7265 643836.6665 693464.3010 801392.5061 855999.3813 1041189.415 1124249.177 1235816.652 1526132.690 1776269.491 2107893.295 2283626.400 2860035.943 3549266.551 4170961.745 4840253.098 11160718.65
