    unsorted:	 199384.4693 200582.2191 195802.7705 196865.1532 192824.9611 193022.3086 190828.7613 205274.5854 205811.1085 188427.7691 209281.1138 211864.6581 177155.0059 172933.6875 220965.4152 223119.5148 223655.9878 227680.2415 169708.9390 235166.7833 162046.2488 158454.5196 238297.8106 151575.0327 242242.0227 147246.4050 251463.3525 134765.2156 127796.4933 117200.8663 267902.3192 103668.3723 273738.1332 97217.78243 81344.81871 77034.20783 67495.94724 59597.42002 56350.38602 44818.93741 41278.03762 35188.45675 31534.74275 23166.73339 21075.16040 13456.83377 12537.64434 7011.371512 292224.9876 441.6905038 328809.1250 370069.6547 386290.7011 426723.0762 455511.0878 460528.3797 477712.4604 506333.4801 537473.4274 548349.0064 629493.9347 670759.2450 805285.8725 877263.6182 980911.2679 1201855.408 1370720.668 1622725.831 1781582.744 2340503.394 3025865.495 3479358.849 7262268.725 11131416.82
      sorted:	 441.6905038 7011.371512 12537.64434 13456.83377 21075.16040 23166.73339 31534.74275 35188.45675 41278.03762 44818.93741 56350.38602 59597.42002 67495.94724 77034.20783 81344.81871 97217.78243 103668.3723 117200.8663 127796.4933 134765.2156 147246.4050 151575.0327 158454.5196 162046.2488 169708.9390 172933.6875 177155.0059 188427.7691 190828.7613 192824.9611 193022.3086 195802.7705 196865.1532 199384.4693 200582.2191 205274.5854 205811.1085 209281.1138 211864.6581 220965.4152 223119.5148 223655.9878 227680.2415 235166.7833 238297.8106 242242.0227 251463.3525 267902.3192 273738.1332 292224.9876 328809.1250 370069.6547 386290.7011 426723.0762 455511.0878 460528.3797 477712.4604 506333.4801 537473.4274 548349.0064 629493.9347 670759.2450 805285.8725 877263.6182 980911.2679 1201855.408 1370720.668 1622725.831 1781582.744 2340503.394 3025865.495 3479358.849 7262268.725 11131416.82
