    unsorted:	 191534.9230 192130.2075 189092.7235 188705.1417 185264.4633 196821.3663 200346.8541 205150.8600 203760.9688 206611.8728 181423.2643 173982.3342 172022.6167 171605.7709 167046.1427 215926.6773 213196.0511 219348.5875 221207.8306 226308.3006 161477.7042 155150.0499 234381.7742 239401.7615 240001.7683 149282.6090 250650.2440 131520.9668 124979.8172 121911.1681 267109.4282 109926.1283 272055.0467 97387.43146 80505.40847 75991.73001 63510.04378 56544.11093 50515.42500 46943.89635 40491.67090 34672.60268 29845.29679 22360.89039 20914.36579 13450.24263 12323.45164 6866.286830 293520.1084 430.3318024 327553.4792 370068.7959 388250.3666 426650.2916 456987.1383 459790.0485 474718.6491 504078.6656 537531.0612 544927.5919 628249.2445 671355.3168 812703.7243 881461.3641 984893.1886 1210413.839 1384758.892 1658533.556 1801963.934 2377255.104 3058589.608 3512855.382 7298349.918 11217383.09
      sorted:	 430.3318024 6866.286830 12323.45164 13450.24263 20914.36579 22360.89039 29845.29679 34672.60268 40491.67090 46943.89635 50515.42500 56544.11093 63510.04378 75991.73001 80505.40847 97387.43146 109926.1283 121911.1681 124979.8172 131520.9668 149282.6090 155150.0499 161477.7042 167046.1427 171605.7709 172022.6167 173982.3342 181423.2643 185264.4633 188705.1417 189092.7235 191534.9230 192130.2075 196821.3663 200346.8541 203760.9688 205150.8600 206611.8728 213196.0511 215926.6773 219348.5875 221207.8306 226308.3006 234381.7742 239401.7615 240001.7683 250650.2440 267109.4282 272055.0467 293520.1084 327553.4792 370068.7959 388250.3666 426650.2916 456987.1383 459790.0485 474718.6491 504078.6656 537531.0612 544927.5919 628249.2445 671355.3168 812703.7243 881461.3641 984893.1886 1210413.839 1384758.892 1658533.556 1801963.934 2377255.104 3058589.608 3512855.382 7298349.918 11217383.09
