    unsorted:	 204383.6260 203834.1167 206530.8321 200166.4926 197730.5906 196273.7481 208608.5415 193939.6557 189370.9945 187184.0754 218018.0068 217874.3893 175897.3556 177259.7698 169721.6695 166265.1545 163762.0586 225469.9909 227573.7768 232932.6974 233601.9464 158342.4006 152957.5487 242677.9687 246798.0647 252244.2894 142981.9366 134083.2043 125102.5751 117859.6860 106347.5949 268810.8654 272065.6548 100655.0885 94176.34601 78888.00951 293481.8075 65285.36065 58070.78386 50492.91721 42223.01653 38189.22743 35011.50651 29736.59006 22359.70725 21197.12427 13463.76467 12813.20847 6958.813388 495.5943605 329433.6741 370067.3299 388293.5734 436079.8655 466115.9928 472458.1418 487308.6370 514128.6446 537820.1861 560271.9924 641003.3315 684485.9343 815849.9413 895663.5875 981530.3825 1207661.156 1385467.864 1644408.331 1821020.818 2350095.371 3110562.743 3522692.784 7364621.497 11396821.21
      sorted:	 495.5943605 6958.813388 12813.20847 13463.76467 21197.12427 22359.70725 29736.59006 35011.50651 38189.22743 42223.01653 50492.91721 58070.78386 65285.36065 78888.00951 94176.34601 100655.0885 106347.5949 117859.6860 125102.5751 134083.2043 142981.9366 152957.5487 158342.4006 163762.0586 166265.1545 169721.6695 175897.3556 177259.7698 187184.0754 189370.9945 193939.6557 196273.7481 197730.5906 200166.4926 203834.1167 204383.6260 206530.8321 208608.5415 217874.3893 218018.0068 225469.9909 227573.7768 232932.6974 233601.9464 242677.9687 246798.0647 252244.2894 268810.8654 272065.6548 293481.8075 329433.6741 370067.3299 388293.5734 436079.8655 466115.9928 472458.1418 487308.6370 514128.6446 537820.1861 560271.9924 641003.3315 684485.9343 815849.9413 895663.5875 981530.3825 1207661.156 1385467.864 1644408.331 1821020.818 2350095.371 3110562.743 3522692.784 7364621.497 11396821.21
