    unsorted:	 197196.3552 198088.0037 199286.1423 203440.6078 204207.8465 192741.5499 189518.8820 208860.3691 179916.7289 179713.8980 212327.9631 174538.2837 217048.7711 169952.7135 167376.5945 164595.0678 220610.3350 160952.1730 226643.9075 229292.3403 234332.1763 235816.0390 238843.0576 154438.0876 243885.5459 148225.5960 253922.0072 136036.7160 127223.8168 118578.6093 269339.2083 104851.4727 99231.63567 275917.7526 90733.90205 79180.47262 75260.32406 60291.88770 55990.07638 295013.7142 43438.87584 40086.56242 34863.03540 32001.35617 23778.83633 21617.76798 13476.28053 13030.42531 7032.217166 488.4606797 332362.4912 370063.3226 391580.7654 442172.2156 467608.3152 471797.9796 490169.1375 519398.9980 538502.6246 567231.8837 649197.6794 680037.5573 811106.9558 895790.9802 986121.6693 1204634.238 1388887.234 1652239.655 1812202.452 2338628.022 3078569.300 3518066.313 7348664.653 11243500.90
      sorted:	 488.4606797 7032.217166 13030.42531 13476.28053 21617.76798 23778.83633 32001.35617 34863.03540 40086.56242 43438.87584 55990.07638 60291.88770 75260.32406 79180.47262 90733.90205 99231.63567 104851.4727 118578.6093 127223.8168 136036.7160 148225.5960 154438.0876 160952.1730 164595.0678 167376.5945 169952.7135 174538.2837 179713.8980 179916.7289 189518.8820 192741.5499 197196.3552 198088.0037 199286.1423 203440.6078 204207.8465 208860.3691 212327.9631 217048.7711 220610.3350 226643.9075 229292.3403 234332.1763 235816.0390 238843.0576 243885.5459 253922.0072 269339.2083 275917.7526 295013.7142 332362.4912 370063.3226 391580.7654 442172.2156 467608.3152 471797.9796 490169.1375 519398.9980 538502.6246 567231.8837 649197.6794 680037.5573 811106.9558 895790.9802 986121.6693 1204634.238 1388887.234 1652239.655 1812202.452 2338628.022 3078569.300 3518066.313 7348664.653 11243500.90
