    unsorted:	 206657.1168 206956.2917 209929.3732 202921.7028 212563.0586 217856.9423 193858.9159 191904.2340 188843.6357 188139.5858 182606.7375 221148.8644 222324.1326 171789.3912 169966.3608 167415.3442 160130.6371 156989.9422 231411.2203 234541.0562 233791.7114 151508.2454 242920.0830 140394.2470 250664.4241 129946.4741 122470.6290 120305.8004 110114.3892 104708.2363 95708.97626 85153.81138 74716.37429 60465.47481 49152.49510 41774.61900 36628.28743 17390.47002 18953.60579 10285.05094 4144.573900 370073.2131 368813.1391 576096.5073 5562444.478 5565839.498 5575766.147 5614200.227 5620838.747 5628689.003 5538924.487 5507459.876 5482953.205 5656839.618 5684634.489 5422191.051 5711801.105 5387870.205 5354744.135 5293083.526 5294876.547 5254227.887 5160598.240 5842977.545 5096548.458 5931359.362 6025053.491 4908981.653 6171028.440 4661689.159 6371494.810 6800305.556 10430244.38 2052894663.
      sorted:	 4144.573900 10285.05094 17390.47002 18953.60579 36628.28743 41774.61900 49152.49510 60465.47481 74716.37429 85153.81138 95708.97626 104708.2363 110114.3892 120305.8004 122470.6290 129946.4741 140394.2470 151508.2454 156989.9422 160130.6371 167415.3442 169966.3608 171789.3912 182606.7375 188139.5858 188843.6357 191904.2340 193858.9159 202921.7028 206657.1168 206956.2917 209929.3732 212563.0586 217856.9423 221148.8644 222324.1326 231411.2203 233791.7114 234541.0562 242920.0830 250664.4241 368813.1391 370073.2131 576096.5073 4661689.159 4908981.653 5096548.458 5160598.240 5254227.887 5293083.526 5294876.547 5354744.135 5387870.205 5422191.051 5482953.205 5507459.876 5538924.487 5562444.478 5565839.498 5575766.147 5614200.227 5620838.747 5628689.003 5656839.618 5684634.489 5711801.105 5842977.545 5931359.362 6025053.491 6171028.440 6371494.810 6800305.556 10430244.38 2052894663.
