    unsorted:	 201352.3461 198674.5174 203193.8944 203958.5535 194006.1602 190351.5958 185393.6269 180123.0560 177155.1650 174555.9018 167222.3261 164464.1851 162207.3433 159912.7927 213251.9864 216913.5887 219354.4587 221405.8869 223831.3453 153974.2931 144608.5560 234481.4310 137746.8726 240963.8323 126966.0459 122039.7068 116442.5412 248215.4287 252801.8132 106813.7985 88980.27955 85239.50527 73159.82049 61980.39800 51593.35494 41380.33552 33560.52191 24532.66726 12038.77163 9596.301578 7209.703841 370067.4620 368802.1146 576141.9473 5563544.129 5557166.912 5571179.844 5613490.275 5614568.167 5624292.604 5535678.105 5645803.767 5508286.053 5482609.517 5684131.388 5425844.134 5710551.720 5390833.732 5362210.399 5301044.804 5273811.961 5211170.894 5169879.599 5829453.485 5077000.247 5922153.451 6003688.733 4908511.767 6140595.829 4675373.586 6337728.884 6703254.580 10141433.37 2049578891.
      sorted:	 7209.703841 9596.301578 12038.77163 24532.66726 33560.52191 41380.33552 51593.35494 61980.39800 73159.82049 85239.50527 88980.27955 106813.7985 116442.5412 122039.7068 126966.0459 137746.8726 144608.5560 153974.2931 159912.7927 162207.3433 164464.1851 167222.3261 174555.9018 177155.1650 180123.0560 185393.6269 190351.5958 194006.1602 198674.5174 201352.3461 203193.8944 203958.5535 213251.9864 216913.5887 219354.4587 221405.8869 223831.3453 234481.4310 240963.8323 248215.4287 252801.8132 368802.1146 370067.4620 576141.9473 4675373.586 4908511.767 5077000.247 5169879.599 5211170.894 5273811.961 5301044.804 5362210.399 5390833.732 5425844.134 5482609.517 5508286.053 5535678.105 5557166.912 5563544.129 5571179.844 5613490.275 5614568.167 5624292.604 5645803.767 5684131.388 5710551.720 5829453.485 5922153.451 6003688.733 6140595.829 6337728.884 6703254.580 10141433.37 2049578891.
