    unsorted:	 200548.1486 200183.5245 197874.5216 202893.3820 204724.3655 192882.0367 191607.0887 190544.7552 190054.7332 208344.2545 212837.7784 183434.3914 216019.0891 177542.3438 175446.2634 222614.6508 224124.3468 225028.2795 169781.2531 163420.5006 162719.8831 233844.8258 234506.8481 155469.4458 149864.9621 242396.9589 252776.4583 132718.4521 123677.3668 118495.0052 107915.8843 271393.8012 272636.0834 97459.91051 78287.36449 76611.52766 70254.73173 58951.37537 55766.68195 43455.73311 39735.85968 35189.65332 29177.51419 23188.74171 21104.61123 13455.59138 12592.78437 6944.464670 295338.9817 446.6159035 329255.2775 370068.8886 388287.3491 432539.3073 463631.6442 466892.3471 481286.1211 508142.0958 538308.1157 551680.0371 635402.3013 678224.7918 812099.2174 889309.0489 986715.2610 1197609.127 1369689.421 1639799.102 1791765.576 2354723.068 3063527.426 3489505.172 7295346.451 11153545.62
      sorted:	 446.6159035 6944.464670 12592.78437 13455.59138 21104.61123 23188.74171 29177.51419 35189.65332 39735.85968 43455.73311 55766.68195 58951.37537 70254.73173 76611.52766 78287.36449 97459.91051 107915.8843 118495.0052 123677.3668 132718.4521 149864.9621 155469.4458 162719.8831 163420.5006 169781.2531 175446.2634 177542.3438 183434.3914 190054.7332 190544.7552 191607.0887 192882.0367 197874.5216 200183.5245 200548.1486 202893.3820 204724.3655 208344.2545 212837.7784 216019.0891 222614.6508 224124.3468 225028.2795 233844.8258 234506.8481 242396.9589 252776.4583 271393.8012 272636.0834 295338.9817 329255.2775 370068.8886 388287.3491 432539.3073 463631.6442 466892.3471 481286.1211 508142.0958 538308.1157 551680.0371 635402.3013 678224.7918 812099.2174 889309.0489 986715.2610 1197609.127 1369689.421 1639799.102 1791765.576 2354723.068 3063527.426 3489505.172 7295346.451 11153545.62
