    unsorted:	 216351.3410 217281.6998 213539.5668 211580.3164 219541.5465 206203.8937 202643.0366 196288.1460 194153.3897 191640.2289 189022.6396 181449.4199 180390.4083 226249.0550 167946.1715 165433.6120 163238.2897 158355.7825 155813.5887 150846.4731 229332.5526 141318.9419 134359.8502 239886.8179 241888.7797 126042.1073 120271.1091 114857.2375 107361.2210 92694.83473 87472.58315 262206.8926 74808.89588 58868.11269 45751.36313 40007.12790 33336.04848 30697.12782 18626.53929 9850.789540 8570.406095 370063.7732 368772.4894 576017.3442 5557269.165 5561973.487 5570121.236 5538136.906 5616648.934 5607514.243 5622142.539 5503797.892 5482637.678 5650182.950 5687384.998 5423312.123 5711787.782 5387725.695 5360229.066 5286587.848 5282005.921 5215018.570 5167016.763 5836917.210 5907606.200 5096883.451 5998596.744 4909999.114 6148839.929 4682116.192 6305852.319 6700907.982 10161704.00 2049905820.
      sorted:	 8570.406095 9850.789540 18626.53929 30697.12782 33336.04848 40007.12790 45751.36313 58868.11269 74808.89588 87472.58315 92694.83473 107361.2210 114857.2375 120271.1091 126042.1073 134359.8502 141318.9419 150846.4731 155813.5887 158355.7825 163238.2897 165433.6120 167946.1715 180390.4083 181449.4199 189022.6396 191640.2289 194153.3897 196288.1460 202643.0366 206203.8937 211580.3164 213539.5668 216351.3410 217281.6998 219541.5465 226249.0550 229332.5526 239886.8179 241888.7797 262206.8926 368772.4894 370063.7732 576017.3442 4682116.192 4909999.114 5096883.451 5167016.763 5215018.570 5282005.921 5286587.848 5360229.066 5387725.695 5423312.123 5482637.678 5503797.892 5538136.906 5557269.165 5561973.487 5570121.236 5607514.243 5616648.934 5622142.539 5650182.950 5687384.998 5711787.782 5836917.210 5907606.200 5998596.744 6148839.929 6305852.319 6700907.982 10161704.00 2049905820.
