    unsorted:	 25.00000000 25.00000000 25.00000000 25.00000000 25.00000000 200184.5698 199919.0729 202582.1127 203567.9105 206987.1228 195522.8346 192171.6085 187919.7505 186779.8257 213280.2353 180271.0633 215769.8282 218261.6998 168567.5707 169040.2862 169473.9788 157323.9168 155630.7373 230355.7104 235848.0247 239079.2896 241648.8939 148713.4217 253215.7006 137451.1833 128281.5305 118997.9563 266126.1543 109080.8157 96635.08484 275941.5169 85435.73655 72308.31911 62375.54650 54445.12747 51364.92718 44456.62739 39158.09494 31458.08516 25010.75483 22761.21919 17189.86743 263.2013490 166.4738850 502.0056427 657.5715222 1000.989900 13321.59642 7331.354033 300138.6091 314362.4382 326340.0140 360167.9765 397948.0963 475670.8887 513263.9402 548537.1123 554361.6436 580656.7680 621708.1156 660836.6312 755734.7276 833459.6573 1007473.343 1072700.713 1234047.612 1500227.488 1699301.622 2023870.632 2241521.279 2808517.268 3505948.164 4110416.646 4838548.639 10868658.56
      sorted:	 25.00000000 25.00000000 25.00000000 25.00000000 25.00000000 166.4738850 263.2013490 502.0056427 657.5715222 1000.989900 7331.354033 13321.59642 17189.86743 22761.21919 25010.75483 31458.08516 39158.09494 44456.62739 51364.92718 54445.12747 62375.54650 72308.31911 85435.73655 96635.08484 109080.8157 118997.9563 128281.5305 137451.1833 148713.4217 155630.7373 157323.9168 168567.5707 169040.2862 169473.9788 180271.0633 186779.8257 187919.7505 192171.6085 195522.8346 199919.0729 200184.5698 202582.1127 203567.9105 206987.1228 213280.2353 215769.8282 218261.6998 230355.7104 235848.0247 239079.2896 241648.8939 253215.7006 266126.1543 275941.5169 300138.6091 314362.4382 326340.0140 360167.9765 397948.0963 475670.8887 513263.9402 548537.1123 554361.6436 580656.7680 621708.1156 660836.6312 755734.7276 833459.6573 1007473.343 1072700.713 1234047.612 1500227.488 1699301.622 2023870.632 2241521.279 2808517.268 3505948.164 4110416.646 4838548.639 10868658.56
