    unsorted:	 195533.6421 193584.3819 198275.9570 189811.7066 187723.1528 188101.2531 201505.7474 204723.5678 205275.9660 206404.7272 209557.8129 179183.7361 219284.5944 219221.1955 220232.1703 176247.3362 170312.0525 170925.4351 167745.6009 223384.3009 161352.1368 156946.8338 235298.6704 237275.1915 150563.5203 244054.9195 251971.8476 133693.0083 127383.2516 117901.9410 269782.0944 103949.6905 274344.3068 98843.27837 86290.29554 78390.45310 68010.09747 57467.49790 47048.41082 41144.28336 38394.03238 34582.65878 29567.65387 23153.60466 21296.88090 13455.12084 12566.03652 6931.145577 298831.5554 440.0694482 331449.9929 370066.8501 390047.9806 433981.1820 467881.6426 478783.0977 491277.2652 519544.4199 538359.0794 569115.7859 649757.7109 691939.5447 822138.2436 913092.8355 998700.2710 1200854.626 1417058.244 1666839.486 1835002.399 2373287.422 3137644.009 3465075.376 7446873.502 11453358.51
      sorted:	 440.0694482 6931.145577 12566.03652 13455.12084 21296.88090 23153.60466 29567.65387 34582.65878 38394.03238 41144.28336 47048.41082 57467.49790 68010.09747 78390.45310 86290.29554 98843.27837 103949.6905 117901.9410 127383.2516 133693.0083 150563.5203 156946.8338 161352.1368 167745.6009 170312.0525 170925.4351 176247.3362 179183.7361 187723.1528 188101.2531 189811.7066 193584.3819 195533.6421 198275.9570 201505.7474 204723.5678 205275.9660 206404.7272 209557.8129 219221.1955 219284.5944 220232.1703 223384.3009 235298.6704 237275.1915 244054.9195 251971.8476 269782.0944 274344.3068 298831.5554 331449.9929 370066.8501 390047.9806 433981.1820 467881.6426 478783.0977 491277.2652 519544.4199 538359.0794 569115.7859 649757.7109 691939.5447 822138.2436 913092.8355 998700.2710 1200854.626 1417058.244 1666839.486 1835002.399 2373287.422 3137644.009 3465075.376 7446873.502 11453358.51
