    unsorted:	 25.00000000 25.00000000 25.00000000 25.00000000 25.00000000 192564.6320 192305.9528 193936.8927 196183.6749 201784.7052 201414.3842 205319.0850 204646.3193 186239.1703 209400.1688 179797.2915 215111.7284 174447.5198 170631.0009 165058.9227 165764.4051 227396.5177 229487.4649 232798.5460 237092.7622 156883.7804 239792.6376 147919.3546 141873.3441 130006.1269 254279.7521 119840.8519 111304.3872 96110.75477 273330.6834 278692.6165 83952.40532 288479.9078 71427.85330 61794.81843 51014.41968 46076.92525 41925.51188 36434.18362 31581.35679 259.1117619 187.6692801 490.0478297 646.1246578 1019.074201 24089.14046 20826.82703 16086.05518 13415.94655 7117.046918 315187.5419 315846.5758 344945.6776 391088.9840 476286.5429 512798.3199 557773.5117 564646.0341 594044.4964 640875.6114 676582.0771 772929.3465 840373.0844 1018793.531 1091537.234 1248412.146 1507459.262 1706205.586 2046415.188 2226664.444 2793300.767 3539207.975 4117950.934 4816080.977 10801973.84
      sorted:	 25.00000000 25.00000000 25.00000000 25.00000000 25.00000000 187.6692801 259.1117619 490.0478297 646.1246578 1019.074201 7117.046918 13415.94655 16086.05518 20826.82703 24089.14046 31581.35679 36434.18362 41925.51188 46076.92525 51014.41968 61794.81843 71427.85330 83952.40532 96110.75477 111304.3872 119840.8519 130006.1269 141873.3441 147919.3546 156883.7804 165058.9227 165764.4051 170631.0009 174447.5198 179797.2915 186239.1703 192305.9528 192564.6320 193936.8927 196183.6749 201414.3842 201784.7052 204646.3193 205319.0850 209400.1688 215111.7284 227396.5177 229487.4649 232798.5460 237092.7622 239792.6376 254279.7521 273330.6834 278692.6165 288479.9078 315187.5419 315846.5758 344945.6776 391088.9840 476286.5429 512798.3199 557773.5117 564646.0341 594044.4964 640875.6114 676582.0771 772929.3465 840373.0844 1018793.531 1091537.234 1248412.146 1507459.262 1706205.586 2046415.188 2226664.444 2793300.767 3539207.975 4117950.934 4816080.977 10801973.84
