    unsorted:	 25.00000000 25.00000000 25.00000000 25.00000000 25.00000000 194803.3855 196657.2730 191752.8851 190240.0515 201070.4714 203278.3952 205235.1543 208544.4135 210733.3591 212204.6818 180414.4411 221675.3851 223168.0503 177487.3961 168714.8555 164792.1984 233897.6335 231602.9652 237286.2923 237978.5281 159261.1676 156691.2930 250640.4313 141404.9839 137078.6725 131179.8808 120918.7098 110982.4508 271053.0116 95446.69907 277919.4712 81384.92485 71693.66985 63144.07558 56581.42859 54478.84499 47288.00487 40835.33561 31497.64735 25268.79094 22449.43245 262.1230466 172.0611236 470.3007693 655.8757100 988.0584886 16957.24404 13655.60885 7315.028211 301089.1735 315903.5806 329627.7001 366084.5401 398530.4194 469440.9344 529803.2502 559639.2843 569654.3701 593972.8785 636339.9952 679601.9825 778569.2626 842691.8317 1016585.005 1086175.469 1222468.886 1495738.746 1715655.850 2054302.501 2235917.014 2806765.874 3511967.862 4074846.912 4803897.716 10957177.63
      sorted:	 25.00000000 25.00000000 25.00000000 25.00000000 25.00000000 172.0611236 262.1230466 470.3007693 655.8757100 988.0584886 7315.028211 13655.60885 16957.24404 22449.43245 25268.79094 31497.64735 40835.33561 47288.00487 54478.84499 56581.42859 63144.07558 71693.66985 81384.92485 95446.69907 110982.4508 120918.7098 131179.8808 137078.6725 141404.9839 156691.2930 159261.1676 164792.1984 168714.8555 177487.3961 180414.4411 190240.0515 191752.8851 194803.3855 196657.2730 201070.4714 203278.3952 205235.1543 208544.4135 210733.3591 212204.6818 221675.3851 223168.0503 231602.9652 233897.6335 237286.2923 237978.5281 250640.4313 271053.0116 277919.4712 301089.1735 315903.5806 329627.7001 366084.5401 398530.4194 469440.9344 529803.2502 559639.2843 569654.3701 593972.8785 636339.9952 679601.9825 778569.2626 842691.8317 1016585.005 1086175.469 1222468.886 1495738.746 1715655.850 2054302.501 2235917.014 2806765.874 3511967.862 4074846.912 4803897.716 10957177.63
