    unsorted:	 25.00000000 25.00000000 25.00000000 25.00000000 25.00000000 193945.2169 194428.4195 197601.6666 198240.7758 189555.5190 188535.6445 201866.1773 207523.5140 205524.2647 212392.9824 179366.2694 218007.0665 224099.0626 224610.8803 231170.1567 231634.3307 173184.9778 167437.5477 157503.9136 160167.7284 154579.9279 150052.3219 237222.4478 142589.4703 130408.6508 119551.7658 255750.8026 108180.2714 94592.95841 268172.4241 274230.2823 84145.14815 70802.60923 60944.53713 54389.11335 50564.58361 43653.26768 37953.41274 31213.87578 24557.86256 22312.93317 262.5005676 165.8240132 495.8817704 651.1276313 978.7644497 16882.43437 13431.37756 7114.232495 291286.7071 318392.5039 314900.9338 350235.2094 391124.5560 473304.9747 520240.9964 557690.7176 563412.7266 589912.5771 632549.8585 672658.3672 770909.7653 837794.0958 1016334.662 1086534.584 1249990.168 1495678.159 1710023.477 2029587.189 2212343.371 2801175.688 3544945.322 4126794.340 4834842.386 10715626.64
      sorted:	 25.00000000 25.00000000 25.00000000 25.00000000 25.00000000 165.8240132 262.5005676 495.8817704 651.1276313 978.7644497 7114.232495 13431.37756 16882.43437 22312.93317 24557.86256 31213.87578 37953.41274 43653.26768 50564.58361 54389.11335 60944.53713 70802.60923 84145.14815 94592.95841 108180.2714 119551.7658 130408.6508 142589.4703 150052.3219 154579.9279 157503.9136 160167.7284 167437.5477 173184.9778 179366.2694 188535.6445 189555.5190 193945.2169 194428.4195 197601.6666 198240.7758 201866.1773 205524.2647 207523.5140 212392.9824 218007.0665 224099.0626 224610.8803 231170.1567 231634.3307 237222.4478 255750.8026 268172.4241 274230.2823 291286.7071 314900.9338 318392.5039 350235.2094 391124.5560 473304.9747 520240.9964 557690.7176 563412.7266 589912.5771 632549.8585 672658.3672 770909.7653 837794.0958 1016334.662 1086534.584 1249990.168 1495678.159 1710023.477 2029587.189 2212343.371 2801175.688 3544945.322 4126794.340 4834842.386 10715626.64
