    unsorted:	 203191.9774 202112.2686 205755.7201 197911.0691 194737.5270 210076.5338 213148.1146 215369.0076 216801.7506 187207.3006 185537.6573 180862.2911 223116.3330 224957.4892 174141.3015 172425.7318 168441.8020 229919.4823 160074.5644 156158.4921 150994.3805 237994.4255 242216.3444 243965.8920 142588.1235 130079.3082 125102.5759 120134.8184 113746.6291 105596.7195 87922.47621 82742.51312 66983.12265 57414.20374 49093.29700 38996.26334 36062.30662 30400.64529 23658.70032 9841.718730 6006.239283 370070.8018 368790.8575 575908.4544 5613360.332 5614863.617 5558218.960 5561494.277 5570953.927 5623936.608 5538389.161 5644747.615 5503585.778 5483833.355 5685045.743 5426673.871 5710844.210 5390867.825 5372165.807 5307305.135 5283823.162 5213147.119 5835671.776 5164610.848 5917455.049 5086020.156 5997531.659 4898908.126 6142427.325 4682995.673 6304147.734 6656532.917 10118489.85 2051702867.
      sorted:	 6006.239283 9841.718730 23658.70032 30400.64529 36062.30662 38996.26334 49093.29700 57414.20374 66983.12265 82742.51312 87922.47621 105596.7195 113746.6291 120134.8184 125102.5759 130079.3082 142588.1235 150994.3805 156158.4921 160074.5644 168441.8020 172425.7318 174141.3015 180862.2911 185537.6573 187207.3006 194737.5270 197911.0691 202112.2686 203191.9774 205755.7201 210076.5338 213148.1146 215369.0076 216801.7506 223116.3330 224957.4892 229919.4823 237994.4255 242216.3444 243965.8920 368790.8575 370070.8018 575908.4544 4682995.673 4898908.126 5086020.156 5164610.848 5213147.119 5283823.162 5307305.135 5372165.807 5390867.825 5426673.871 5483833.355 5503585.778 5538389.161 5558218.960 5561494.277 5570953.927 5613360.332 5614863.617 5623936.608 5644747.615 5685045.743 5710844.210 5835671.776 5917455.049 5997531.659 6142427.325 6304147.734 6656532.917 10118489.85 2051702867.
