    unsorted:	 198734.7529 199524.6583 197025.0422 200831.0858 194767.7631 203761.1425 206626.0964 192042.0322 190165.4124 208989.7639 211095.4463 185649.7325 180660.4170 175394.8331 173661.9547 223502.6155 223760.3014 222827.7844 229515.9779 236537.4065 236878.1528 164092.6521 161860.6828 240793.1296 154889.8949 142265.4515 139213.3549 253089.8549 129941.0390 119335.7405 270365.5440 273868.6411 104059.7331 96532.76750 81044.56299 78660.29679 68955.90335 58595.04567 52278.69485 44613.75331 40216.00019 35276.85475 33999.89174 22574.92931 21371.91819 13465.78977 12817.02237 7135.826865 298546.4419 426.3500648 332439.5356 370070.5415 385837.4335 447177.5275 473311.2432 478766.1026 492495.5688 523287.3569 537870.1297 570863.7574 658889.7904 689090.7709 813220.8098 900191.6513 975321.0398 1208498.727 1387310.882 1647957.293 1803613.927 2333423.822 3063643.924 3407191.123 7318432.909 11204888.63
      sorted:	 426.3500648 7135.826865 12817.02237 13465.78977 21371.91819 22574.92931 33999.89174 35276.85475 40216.00019 44613.75331 52278.69485 58595.04567 68955.90335 78660.29679 81044.56299 96532.76750 104059.7331 119335.7405 129941.0390 139213.3549 142265.4515 154889.8949 161860.6828 164092.6521 173661.9547 175394.8331 180660.4170 185649.7325 190165.4124 192042.0322 194767.7631 197025.0422 198734.7529 199524.6583 200831.0858 203761.1425 206626.0964 208989.7639 211095.4463 222827.7844 223502.6155 223760.3014 229515.9779 236537.4065 236878.1528 240793.1296 253089.8549 270365.5440 273868.6411 298546.4419 332439.5356 370070.5415 385837.4335 447177.5275 473311.2432 478766.1026 492495.5688 523287.3569 537870.1297 570863.7574 658889.7904 689090.7709 813220.8098 900191.6513 975321.0398 1208498.727 1387310.882 1647957.293 1803613.927 2333423.822 3063643.924 3407191.123 7318432.909 11204888.63
