    unsorted:	 202104.0455 200288.1148 205871.1954 195113.5554 193762.5744 187073.0412 187473.0013 209354.5251 213161.7340 216532.6965 218812.4374 221346.8129 181463.5388 226553.4541 169537.2789 163329.7739 161362.9428 159760.9588 154658.4911 230109.6418 150156.6193 140981.5197 238238.2630 242047.3306 131975.1371 123088.4681 120205.3261 109367.4976 104851.3514 93420.39502 263340.0952 86146.66067 73841.46981 60897.39180 50287.97736 44055.52308 40808.68454 29847.49000 15155.95689 10265.46551 7267.312079 370069.9427 368803.4788 575987.7658 5617084.537 5608589.185 5625094.987 5577155.407 5563971.512 5555190.212 5537254.860 5653043.123 5500280.268 5482123.313 5689137.845 5420123.972 5713054.371 5386981.890 5360042.025 5300861.269 5281588.890 5210688.170 5834991.004 5159573.894 5090571.604 5936836.886 6003883.071 4894082.546 6142410.611 4662449.741 6330654.621 6722954.092 10155517.36 2050592139.
      sorted:	 7267.312079 10265.46551 15155.95689 29847.49000 40808.68454 44055.52308 50287.97736 60897.39180 73841.46981 86146.66067 93420.39502 104851.3514 109367.4976 120205.3261 123088.4681 131975.1371 140981.5197 150156.6193 154658.4911 159760.9588 161362.9428 163329.7739 169537.2789 181463.5388 187073.0412 187473.0013 193762.5744 195113.5554 200288.1148 202104.0455 205871.1954 209354.5251 213161.7340 216532.6965 218812.4374 221346.8129 226553.4541 230109.6418 238238.2630 242047.3306 263340.0952 368803.4788 370069.9427 575987.7658 4662449.741 4894082.546 5090571.604 5159573.894 5210688.170 5281588.890 5300861.269 5360042.025 5386981.890 5420123.972 5482123.313 5500280.268 5537254.860 5555190.212 5563971.512 5577155.407 5608589.185 5617084.537 5625094.987 5653043.123 5689137.845 5713054.371 5834991.004 5936836.886 6003883.071 6142410.611 6330654.621 6722954.092 10155517.36 2050592139.
