    unsorted:	 25.00000000 25.00000000 25.00000000 25.00000000 25.00000000 197487.0005 195798.5960 199307.5002 201451.2172 202886.9494 205497.9611 191514.6335 189026.3192 210158.4853 214830.4948 219472.8685 220080.0902 179743.9439 175901.7377 172379.7487 226451.7180 229981.9165 234157.6074 167062.7327 163830.2351 237951.2709 158985.6627 248577.3185 144739.3805 138674.6726 128904.5767 116832.6325 109353.4338 269656.1647 95047.14436 276534.7366 83274.97154 72831.26425 63197.21370 51579.87115 47522.26237 42847.90208 38650.73162 32497.77480 24832.72634 21999.14507 261.9951588 189.1097759 486.9458475 653.5169304 1019.251256 16832.84027 13416.77590 7202.122900 298114.6275 317917.3875 320417.3753 357079.2299 395837.0408 482816.1913 524109.0718 568009.9681 573410.4880 597286.3085 640452.8133 682267.2401 782225.2885 851335.3789 1026087.774 1102488.604 1246566.122 1522831.424 1736096.771 2069873.572 2249237.980 2805113.645 3518868.091 4117535.116 4799874.300 10954651.92
      sorted:	 25.00000000 25.00000000 25.00000000 25.00000000 25.00000000 189.1097759 261.9951588 486.9458475 653.5169304 1019.251256 7202.122900 13416.77590 16832.84027 21999.14507 24832.72634 32497.77480 38650.73162 42847.90208 47522.26237 51579.87115 63197.21370 72831.26425 83274.97154 95047.14436 109353.4338 116832.6325 128904.5767 138674.6726 144739.3805 158985.6627 163830.2351 167062.7327 172379.7487 175901.7377 179743.9439 189026.3192 191514.6335 195798.5960 197487.0005 199307.5002 201451.2172 202886.9494 205497.9611 210158.4853 214830.4948 219472.8685 220080.0902 226451.7180 229981.9165 234157.6074 237951.2709 248577.3185 269656.1647 276534.7366 298114.6275 317917.3875 320417.3753 357079.2299 395837.0408 482816.1913 524109.0718 568009.9681 573410.4880 597286.3085 640452.8133 682267.2401 782225.2885 851335.3789 1026087.774 1102488.604 1246566.122 1522831.424 1736096.771 2069873.572 2249237.980 2805113.645 3518868.091 4117535.116 4799874.300 10954651.92
