    unsorted:	 203416.0292 203133.3506 201746.5813 200036.3619 206057.3267 197209.5368 208858.3616 209527.7677 211421.5877 193676.6376 193117.9259 190400.6729 183473.1873 180154.0443 175073.5095 173090.1897 166384.9342 227473.4620 230900.8533 234862.1937 236485.7097 239407.1906 161729.0702 245679.5366 152609.1753 146952.5255 253730.4476 137027.4412 126039.9664 118220.0556 273211.0017 275408.9925 104844.6541 100131.9910 86646.90005 80536.50008 70145.86234 59862.88579 55298.32534 42800.26163 39584.89564 33901.94134 27899.37499 22473.69479 21344.69884 13485.11264 13092.88159 298424.0130 7135.874590 493.7188913 334418.6895 370064.4750 390142.6468 443036.6256 474550.7898 484589.2094 492688.7290 523615.7910 538292.2128 569024.5560 656485.8230 688003.4589 833142.2098 928319.8367 1002941.204 1224632.858 1444395.654 1687104.448 1874849.021 2380982.636 3183698.593 3452404.378 7576572.096 11607335.10
      sorted:	 493.7188913 7135.874590 13092.88159 13485.11264 21344.69884 22473.69479 27899.37499 33901.94134 39584.89564 42800.26163 55298.32534 59862.88579 70145.86234 80536.50008 86646.90005 100131.9910 104844.6541 118220.0556 126039.9664 137027.4412 146952.5255 152609.1753 161729.0702 166384.9342 173090.1897 175073.5095 180154.0443 183473.1873 190400.6729 193117.9259 193676.6376 197209.5368 200036.3619 201746.5813 203133.3506 203416.0292 206057.3267 208858.3616 209527.7677 211421.5877 227473.4620 230900.8533 234862.1937 236485.7097 239407.1906 245679.5366 253730.4476 273211.0017 275408.9925 298424.0130 334418.6895 370064.4750 390142.6468 443036.6256 474550.7898 484589.2094 492688.7290 523615.7910 538292.2128 569024.5560 656485.8230 688003.4589 833142.2098 928319.8367 1002941.204 1224632.858 1444395.654 1687104.448 1874849.021 2380982.636 3183698.593 3452404.378 7576572.096 11607335.10
