    unsorted:	 189313.6998 187739.8623 192066.6945 182446.2011 196034.1645 201151.7583 205393.4082 172145.0886 174799.4914 170567.1076 166642.9594 156878.7557 157685.8507 211256.0933 217493.8698 218167.6133 221915.8417 150497.4043 227325.4440 225905.2694 229464.1636 143510.1152 237342.2925 136287.7619 245289.1751 125144.4038 118615.0667 113691.0922 253048.9781 104186.4373 88602.53179 84115.55139 68082.19447 57723.46363 51294.93871 43176.75012 31931.27234 22509.60501 17712.38278 10315.24949 6730.301011 370070.4656 368777.4987 576067.9135 5559290.730 5562813.078 5572156.261 5612264.065 5604512.665 5621272.679 5534699.815 5647711.492 5498486.938 5481806.802 5676698.437 5424901.685 5705369.252 5387454.438 5364103.496 5288462.578 5297592.764 5234753.524 5169757.803 5838793.091 5092254.251 5921710.267 6000025.269 4895893.040 6143063.484 4686253.997 6281757.304 6713273.286 10160583.68 2050934694.
      sorted:	 6730.301011 10315.24949 17712.38278 22509.60501 31931.27234 43176.75012 51294.93871 57723.46363 68082.19447 84115.55139 88602.53179 104186.4373 113691.0922 118615.0667 125144.4038 136287.7619 143510.1152 150497.4043 156878.7557 157685.8507 166642.9594 170567.1076 172145.0886 174799.4914 182446.2011 187739.8623 189313.6998 192066.6945 196034.1645 201151.7583 205393.4082 211256.0933 217493.8698 218167.6133 221915.8417 225905.2694 227325.4440 229464.1636 237342.2925 245289.1751 253048.9781 368777.4987 370070.4656 576067.9135 4686253.997 4895893.040 5092254.251 5169757.803 5234753.524 5288462.578 5297592.764 5364103.496 5387454.438 5424901.685 5481806.802 5498486.938 5534699.815 5559290.730 5562813.078 5572156.261 5604512.665 5612264.065 5621272.679 5647711.492 5676698.437 5705369.252 5838793.091 5921710.267 6000025.269 6143063.484 6281757.304 6713273.286 10160583.68 2050934694.
