    unsorted:	 202687.8530 204394.2635 205713.3462 195120.3821 194275.2232 196778.9236 192738.5992 210411.2322 213483.7904 213054.7244 215064.6046 215594.2854 183894.0464 182587.7256 180201.7617 175504.5506 169363.6854 165325.1096 163442.6471 232900.2177 234500.6488 239206.1631 239975.2708 156249.8442 151904.4037 247557.7825 255359.3535 134331.5721 127591.6866 116950.5757 103370.1428 99985.03337 273456.0325 277535.6764 83392.24892 79200.45052 68163.48965 59984.18039 53766.55319 43827.29653 39131.40374 36340.65678 33160.23918 23374.69196 21979.86826 13475.17491 12996.94470 7147.174148 301558.5880 499.6647602 335257.5324 370069.3274 391916.8244 435664.0651 465701.4670 470492.3122 484465.0292 512905.5738 538019.7224 559445.8475 640298.8892 681541.1459 818333.8416 900908.1796 993432.7836 1199707.813 1409416.916 1664456.704 1832360.442 2371511.550 3142821.342 3491527.501 7481559.556 11522368.99
      sorted:	 499.6647602 7147.174148 12996.94470 13475.17491 21979.86826 23374.69196 33160.23918 36340.65678 39131.40374 43827.29653 53766.55319 59984.18039 68163.48965 79200.45052 83392.24892 99985.03337 103370.1428 116950.5757 127591.6866 134331.5721 151904.4037 156249.8442 163442.6471 165325.1096 169363.6854 175504.5506 180201.7617 182587.7256 183894.0464 192738.5992 194275.2232 195120.3821 196778.9236 202687.8530 204394.2635 205713.3462 210411.2322 213054.7244 213483.7904 215064.6046 215594.2854 232900.2177 234500.6488 239206.1631 239975.2708 247557.7825 255359.3535 273456.0325 277535.6764 301558.5880 335257.5324 370069.3274 391916.8244 435664.0651 465701.4670 470492.3122 484465.0292 512905.5738 538019.7224 559445.8475 640298.8892 681541.1459 818333.8416 900908.1796 993432.7836 1199707.813 1409416.916 1664456.704 1832360.442 2371511.550 3142821.342 3491527.501 7481559.556 11522368.99
