    unsorted:	 25.00000000 25.00000000 25.00000000 25.00000000 25.00000000 199516.1433 202541.3042 201728.3353 197367.7512 195812.8449 193899.2777 205283.7192 206418.5226 190540.9480 211266.8171 213086.1032 180507.1326 220074.8515 174913.1025 173282.1047 234247.7880 233648.3765 161445.2713 157480.1076 153582.4630 243548.3312 245140.4246 143629.5750 140261.8336 130217.0694 257500.0626 121842.6512 113701.3753 98572.33717 86381.74225 278771.9678 71949.44273 61346.82610 55749.79449 51707.12684 43934.98752 37531.09488 32635.12814 25410.41643 21990.06314 17101.23891 261.9882994 186.9434157 473.0270136 660.7259892 1022.954750 13657.51224 7403.365873 285458.0474 304008.6585 322431.0969 325445.4198 361564.3202 401936.9829 477385.8756 523962.4652 562073.5017 566897.2999 591811.1775 631812.1560 673855.7551 773426.2382 843241.7758 1018759.922 1100161.713 1235022.276 1504091.785 1732166.756 2062786.214 2234119.688 2811397.221 3505453.356 4135248.260 4832830.422 10863206.32
      sorted:	 25.00000000 25.00000000 25.00000000 25.00000000 25.00000000 186.9434157 261.9882994 473.0270136 660.7259892 1022.954750 7403.365873 13657.51224 17101.23891 21990.06314 25410.41643 32635.12814 37531.09488 43934.98752 51707.12684 55749.79449 61346.82610 71949.44273 86381.74225 98572.33717 113701.3753 121842.6512 130217.0694 140261.8336 143629.5750 153582.4630 157480.1076 161445.2713 173282.1047 174913.1025 180507.1326 190540.9480 193899.2777 195812.8449 197367.7512 199516.1433 201728.3353 202541.3042 205283.7192 206418.5226 211266.8171 213086.1032 220074.8515 233648.3765 234247.7880 243548.3312 245140.4246 257500.0626 278771.9678 285458.0474 304008.6585 322431.0969 325445.4198 361564.3202 401936.9829 477385.8756 523962.4652 562073.5017 566897.2999 591811.1775 631812.1560 673855.7551 773426.2382 843241.7758 1018759.922 1100161.713 1235022.276 1504091.785 1732166.756 2062786.214 2234119.688 2811397.221 3505453.356 4135248.260 4832830.422 10863206.32
