    unsorted:	 25.00000000 25.00000000 25.00000000 25.00000000 25.00000000 192358.5651 190815.4236 197201.6101 197618.3510 205127.9195 204313.9856 201927.4110 209571.2001 212317.3975 185279.1313 219657.3987 174666.5727 173436.0682 172167.2123 222695.2497 167102.9171 161594.2576 157754.3728 233852.9283 230776.9246 238053.0169 151442.9458 141002.6736 249573.5750 253624.2812 131086.5279 119424.5477 107749.6933 94260.79008 86892.95927 275096.2123 285071.7376 290384.4400 71161.51085 60395.45873 53286.51376 45914.18848 44331.02396 40018.27835 33413.28523 25279.25226 22484.74945 17231.39113 263.1486340 197.7591180 502.7305982 659.6108826 1064.964045 13869.11908 7125.654315 318749.9811 323139.5339 355526.5629 394911.9076 478427.7990 535888.9842 575240.4105 582148.9942 603044.6230 643362.1107 692957.6989 794813.3190 852527.4795 1034014.354 1120960.336 1252588.644 1523401.114 1757669.699 2082818.643 2255801.468 2848733.635 3579426.466 4172222.236 4826927.271 11122797.99
      sorted:	 25.00000000 25.00000000 25.00000000 25.00000000 25.00000000 197.7591180 263.1486340 502.7305982 659.6108826 1064.964045 7125.654315 13869.11908 17231.39113 22484.74945 25279.25226 33413.28523 40018.27835 44331.02396 45914.18848 53286.51376 60395.45873 71161.51085 86892.95927 94260.79008 107749.6933 119424.5477 131086.5279 141002.6736 151442.9458 157754.3728 161594.2576 167102.9171 172167.2123 173436.0682 174666.5727 185279.1313 190815.4236 192358.5651 197201.6101 197618.3510 201927.4110 204313.9856 205127.9195 209571.2001 212317.3975 219657.3987 222695.2497 230776.9246 233852.9283 238053.0169 249573.5750 253624.2812 275096.2123 285071.7376 290384.4400 318749.9811 323139.5339 355526.5629 394911.9076 478427.7990 535888.9842 575240.4105 582148.9942 603044.6230 643362.1107 692957.6989 794813.3190 852527.4795 1034014.354 1120960.336 1252588.644 1523401.114 1757669.699 2082818.643 2255801.468 2848733.635 3579426.466 4172222.236 4826927.271 11122797.99
