    unsorted:	 25.00000000 25.00000000 25.00000000 25.00000000 25.00000000 184598.4238 185229.9386 185748.3560 186668.6713 189821.0818 178237.6643 197259.4480 201621.2370 203238.7632 205932.7400 206619.8680 208389.1010 170834.0159 164440.2924 162811.1034 224198.5900 227559.7561 229547.8773 238966.3336 236424.3872 155225.9208 244645.5525 146119.1846 139096.0363 252602.6047 127137.9376 115739.6375 108547.2836 94116.65066 270004.1791 273220.6883 81361.63287 71365.76000 52822.25054 62752.82458 48888.91069 44117.02108 38948.13821 34558.98844 262.7877998 175.6762674 493.0637926 657.6823915 1005.504479 25238.88626 22522.51752 17119.19304 13493.11315 7321.750474 301813.3803 314873.1932 325597.7814 363183.7337 399677.5427 483639.6808 527957.9404 560292.6517 572714.7742 596485.2781 634036.2859 680608.2689 780083.4607 839970.1953 1014488.757 1069983.013 1231776.080 1504681.216 1697440.531 2041594.850 2235723.991 2792872.930 3502844.641 4056010.049 4838909.260 10675574.17
      sorted:	 25.00000000 25.00000000 25.00000000 25.00000000 25.00000000 175.6762674 262.7877998 493.0637926 657.6823915 1005.504479 7321.750474 13493.11315 17119.19304 22522.51752 25238.88626 34558.98844 38948.13821 44117.02108 48888.91069 52822.25054 62752.82458 71365.76000 81361.63287 94116.65066 108547.2836 115739.6375 127137.9376 139096.0363 146119.1846 155225.9208 162811.1034 164440.2924 170834.0159 178237.6643 184598.4238 185229.9386 185748.3560 186668.6713 189821.0818 197259.4480 201621.2370 203238.7632 205932.7400 206619.8680 208389.1010 224198.5900 227559.7561 229547.8773 236424.3872 238966.3336 244645.5525 252602.6047 270004.1791 273220.6883 301813.3803 314873.1932 325597.7814 363183.7337 399677.5427 483639.6808 527957.9404 560292.6517 572714.7742 596485.2781 634036.2859 680608.2689 780083.4607 839970.1953 1014488.757 1069983.013 1231776.080 1504681.216 1697440.531 2041594.850 2235723.991 2792872.930 3502844.641 4056010.049 4838909.260 10675574.17
