    unsorted:	 206293.7844 206584.5804 204079.0878 202100.3023 200949.3252 197645.6719 195284.0049 192053.0736 187511.5435 187268.1160 188696.9107 211377.0610 214319.5766 178450.6833 219685.5852 221584.6180 171184.1441 167816.6696 164772.7007 226062.8328 159223.4346 152285.8935 149408.7608 237225.5410 243623.7033 244093.1985 251256.2369 139481.1154 131713.7497 119645.9405 267422.9102 270631.4247 104469.0867 98065.82846 79869.25692 77179.64642 69811.38105 57882.71391 50661.44065 42560.27094 39745.25274 34369.46124 30821.36894 22478.42252 20972.77343 13459.20769 12559.91319 7025.044914 295176.5747 425.6019065 332179.9672 370063.1584 387835.6483 435691.0254 466771.1950 475477.2973 488324.8657 515604.3432 537209.5818 563600.3275 648323.1124 685541.1630 816402.9094 897931.0701 984267.9443 1203508.494 1401234.710 1668979.762 1816631.581 2348497.926 3089388.217 3448364.730 7353394.566 11265050.49
      sorted:	 425.6019065 7025.044914 12559.91319 13459.20769 20972.77343 22478.42252 30821.36894 34369.46124 39745.25274 42560.27094 50661.44065 57882.71391 69811.38105 77179.64642 79869.25692 98065.82846 104469.0867 119645.9405 131713.7497 139481.1154 149408.7608 152285.8935 159223.4346 164772.7007 167816.6696 171184.1441 178450.6833 187268.1160 187511.5435 188696.9107 192053.0736 195284.0049 197645.6719 200949.3252 202100.3023 204079.0878 206293.7844 206584.5804 211377.0610 214319.5766 219685.5852 221584.6180 226062.8328 237225.5410 243623.7033 244093.1985 251256.2369 267422.9102 270631.4247 295176.5747 332179.9672 370063.1584 387835.6483 435691.0254 466771.1950 475477.2973 488324.8657 515604.3432 537209.5818 563600.3275 648323.1124 685541.1630 816402.9094 897931.0701 984267.9443 1203508.494 1401234.710 1668979.762 1816631.581 2348497.926 3089388.217 3448364.730 7353394.566 11265050.49
