    unsorted:	 25.00000000 25.00000000 25.00000000 25.00000000 25.00000000 205437.1661 206513.2899 206619.8448 204900.0017 209126.0891 210165.3415 215711.1692 217837.7431 198058.2718 196242.3104 192352.2653 187736.0767 180845.2080 173755.0469 175244.8783 234119.4148 233072.6825 239605.7648 162894.3468 160105.3442 156503.5139 253194.1445 251386.7679 142777.0499 138220.9411 129754.9934 119266.2214 107131.5740 276387.0265 93102.48771 82206.24998 75147.12137 65251.02081 55319.07691 51064.55381 45012.87755 39852.22273 30909.80033 25083.00996 22301.83591 17284.70726 261.7349736 191.5787715 476.3765043 666.2475918 1037.756994 13682.30280 7323.006163 287684.7121 300493.0947 320039.6914 328374.6084 363555.0489 398633.4588 472812.7620 529461.6970 551871.5453 569634.0155 595147.9502 633277.9978 675137.4253 771362.4928 835225.3216 1006193.725 1064348.021 1227015.113 1476791.651 1668094.424 2005716.437 2215043.269 2788651.972 3508884.052 4045773.043 4817308.559 10478167.06
      sorted:	 25.00000000 25.00000000 25.00000000 25.00000000 25.00000000 191.5787715 261.7349736 476.3765043 666.2475918 1037.756994 7323.006163 13682.30280 17284.70726 22301.83591 25083.00996 30909.80033 39852.22273 45012.87755 51064.55381 55319.07691 65251.02081 75147.12137 82206.24998 93102.48771 107131.5740 119266.2214 129754.9934 138220.9411 142777.0499 156503.5139 160105.3442 162894.3468 173755.0469 175244.8783 180845.2080 187736.0767 192352.2653 196242.3104 198058.2718 204900.0017 205437.1661 206513.2899 206619.8448 209126.0891 210165.3415 215711.1692 217837.7431 233072.6825 234119.4148 239605.7648 251386.7679 253194.1445 276387.0265 287684.7121 300493.0947 320039.6914 328374.6084 363555.0489 398633.4588 472812.7620 529461.6970 551871.5453 569634.0155 595147.9502 633277.9978 675137.4253 771362.4928 835225.3216 1006193.725 1064348.021 1227015.113 1476791.651 1668094.424 2005716.437 2215043.269 2788651.972 3508884.052 4045773.043 4817308.559 10478167.06
