    unsorted:	 190365.1926 188718.1852 187127.9650 179948.4420 178067.1303 168898.2791 168518.7180 171002.7360 160886.6748 199376.2212 201860.8295 207087.9517 209316.1633 215277.4253 216564.2745 224145.8985 221529.9680 226468.6947 228225.7690 228814.9530 232449.2100 154904.9226 150446.2727 142648.9879 134896.8990 124984.8731 120317.8649 111349.3979 106489.2423 90460.45820 87315.33031 75835.98960 262371.0966 63617.64874 52487.15938 38916.74184 34034.52099 21117.98664 15602.48285 10068.84149 7899.310254 370071.6788 368749.9926 575814.2552 5614531.367 5613511.808 5570854.279 5577049.129 5558115.976 5625857.572 5538717.272 5655254.894 5503481.506 5482247.833 5677376.352 5422211.550 5706999.572 5385966.812 5367423.921 5278276.199 5287811.934 5228570.775 5173917.743 5841851.260 5908768.002 5095603.099 5997380.334 4918887.987 6140553.829 4677831.713 6288957.312 6717436.805 10314345.62 2050838599.
      sorted:	 7899.310254 10068.84149 15602.48285 21117.98664 34034.52099 38916.74184 52487.15938 63617.64874 75835.98960 87315.33031 90460.45820 106489.2423 111349.3979 120317.8649 124984.8731 134896.8990 142648.9879 150446.2727 154904.9226 160886.6748 168518.7180 168898.2791 171002.7360 178067.1303 179948.4420 187127.9650 188718.1852 190365.1926 199376.2212 201860.8295 207087.9517 209316.1633 215277.4253 216564.2745 221529.9680 224145.8985 226468.6947 228225.7690 228814.9530 232449.2100 262371.0966 368749.9926 370071.6788 575814.2552 4677831.713 4918887.987 5095603.099 5173917.743 5228570.775 5278276.199 5287811.934 5367423.921 5385966.812 5422211.550 5482247.833 5503481.506 5538717.272 5558115.976 5570854.279 5577049.129 5613511.808 5614531.367 5625857.572 5655254.894 5677376.352 5706999.572 5841851.260 5908768.002 5997380.334 6140553.829 6288957.312 6717436.805 10314345.62 2050838599.
