    unsorted:	 25.00000000 25.00000000 25.00000000 25.00000000 25.00000000 204373.4533 204595.6635 200160.1331 203086.8856 199311.8287 197388.5725 211311.2812 214893.9720 215889.9352 191425.2242 188755.9799 226877.5698 227353.1131 225722.7084 182162.3138 169359.8149 170876.4310 168567.5246 162518.0840 240028.7988 156233.0250 242578.7380 246593.5814 141143.2427 135562.3027 126606.6264 116389.8013 107237.7640 268515.2649 93607.10412 81709.30582 71080.60380 61573.22150 52928.67810 49820.39794 41945.90993 35336.34610 31672.35687 23904.41409 20967.81625 16130.56848 258.0785407 194.4611056 487.2874386 651.8459806 1030.625862 13190.63780 7004.402339 278175.9966 288423.1598 316784.8482 313917.7369 344677.0976 389309.1275 485257.2869 520003.5534 543138.1036 564292.7076 591244.6537 639148.6878 675805.9068 761227.8289 833182.2218 993544.2949 1036744.094 1233342.730 1494157.045 1651138.365 1978979.318 2206294.832 2747014.178 3518057.477 3993217.415 4796320.682 10361385.37
      sorted:	 25.00000000 25.00000000 25.00000000 25.00000000 25.00000000 194.4611056 258.0785407 487.2874386 651.8459806 1030.625862 7004.402339 13190.63780 16130.56848 20967.81625 23904.41409 31672.35687 35336.34610 41945.90993 49820.39794 52928.67810 61573.22150 71080.60380 81709.30582 93607.10412 107237.7640 116389.8013 126606.6264 135562.3027 141143.2427 156233.0250 162518.0840 168567.5246 169359.8149 170876.4310 182162.3138 188755.9799 191425.2242 197388.5725 199311.8287 200160.1331 203086.8856 204373.4533 204595.6635 211311.2812 214893.9720 215889.9352 225722.7084 226877.5698 227353.1131 240028.7988 242578.7380 246593.5814 268515.2649 278175.9966 288423.1598 313917.7369 316784.8482 344677.0976 389309.1275 485257.2869 520003.5534 543138.1036 564292.7076 591244.6537 639148.6878 675805.9068 761227.8289 833182.2218 993544.2949 1036744.094 1233342.730 1494157.045 1651138.365 1978979.318 2206294.832 2747014.178 3518057.477 3993217.415 4796320.682 10361385.37
