    unsorted:	 200532.2966 200142.9313 198208.5001 202834.3720 205029.7585 205480.7012 195730.5414 207560.9796 189766.3993 188770.1963 187874.8342 181499.2724 179809.6846 217189.1141 220571.2090 223214.1719 226493.5044 226120.8399 172308.8320 231834.6635 161817.9170 158398.4262 151986.5036 243345.5071 245209.1163 146099.7137 253653.2629 135206.9369 128493.7137 117439.5939 272504.4724 275336.9436 101160.0044 93385.46562 84682.14697 77675.47419 70416.96913 59614.22269 51133.17769 43921.78340 38719.18599 35337.70888 32906.14206 24361.46609 21225.95148 13470.21782 12877.30333 297420.4408 7097.622712 421.3909358 330168.7450 370062.4314 386535.6727 446186.6801 462833.2836 472473.3014 488500.8385 517909.4983 537446.4227 564225.5122 649814.4291 680737.7498 812513.0817 877630.6048 970521.2906 1192928.510 1366213.789 1635456.468 1748582.958 2303823.548 2961140.124 3481962.180 7128118.439 10978330.67
      sorted:	 421.3909358 7097.622712 12877.30333 13470.21782 21225.95148 24361.46609 32906.14206 35337.70888 38719.18599 43921.78340 51133.17769 59614.22269 70416.96913 77675.47419 84682.14697 93385.46562 101160.0044 117439.5939 128493.7137 135206.9369 146099.7137 151986.5036 158398.4262 161817.9170 172308.8320 179809.6846 181499.2724 187874.8342 188770.1963 189766.3993 195730.5414 198208.5001 200142.9313 200532.2966 202834.3720 205029.7585 205480.7012 207560.9796 217189.1141 220571.2090 223214.1719 226120.8399 226493.5044 231834.6635 243345.5071 245209.1163 253653.2629 272504.4724 275336.9436 297420.4408 330168.7450 370062.4314 386535.6727 446186.6801 462833.2836 472473.3014 488500.8385 517909.4983 537446.4227 564225.5122 649814.4291 680737.7498 812513.0817 877630.6048 970521.2906 1192928.510 1366213.789 1635456.468 1748582.958 2303823.548 2961140.124 3481962.180 7128118.439 10978330.67
