    unsorted:	 25.00000000 25.00000000 25.00000000 25.00000000 25.00000000 206123.8740 205671.0617 205174.7116 207910.6817 198434.7276 197510.0151 192374.7494 192161.9418 187802.5303 215204.9480 216961.7324 181222.9711 172304.1752 174015.1458 165758.5403 226330.5131 226837.1946 162364.3343 233053.8594 155009.4659 149790.4249 238483.9623 142537.6583 132781.2005 120761.4713 261240.8030 108265.9982 268012.5756 92727.19907 84551.78454 73077.46251 64033.86868 54192.06394 48717.66504 45837.25355 42408.97037 35807.27678 26751.47898 23798.98606 264.2345978 205.4499147 467.7366386 656.8662517 1086.548327 16978.17300 14454.06735 7559.442910 291889.4072 304825.3661 308528.9189 333772.3495 334948.7143 369626.1129 405473.0000 481680.4497 544757.2917 578720.6555 587737.2273 606865.4534 645097.3050 697827.9131 802655.2474 853308.0976 1026085.251 1120199.517 1226055.728 1515577.379 1764128.840 2078513.322 2261021.845 2831861.918 3556678.710 4148002.260 4824500.732 11324001.76
      sorted:	 25.00000000 25.00000000 25.00000000 25.00000000 25.00000000 205.4499147 264.2345978 467.7366386 656.8662517 1086.548327 7559.442910 14454.06735 16978.17300 23798.98606 26751.47898 35807.27678 42408.97037 45837.25355 48717.66504 54192.06394 64033.86868 73077.46251 84551.78454 92727.19907 108265.9982 120761.4713 132781.2005 142537.6583 149790.4249 155009.4659 162364.3343 165758.5403 172304.1752 174015.1458 181222.9711 187802.5303 192161.9418 192374.7494 197510.0151 198434.7276 205174.7116 205671.0617 206123.8740 207910.6817 215204.9480 216961.7324 226330.5131 226837.1946 233053.8594 238483.9623 261240.8030 268012.5756 291889.4072 304825.3661 308528.9189 333772.3495 334948.7143 369626.1129 405473.0000 481680.4497 544757.2917 578720.6555 587737.2273 606865.4534 645097.3050 697827.9131 802655.2474 853308.0976 1026085.251 1120199.517 1226055.728 1515577.379 1764128.840 2078513.322 2261021.845 2831861.918 3556678.710 4148002.260 4824500.732 11324001.76
