    unsorted:	 196225.4013 196740.5100 197706.9807 200681.7793 203653.9684 204170.0675 205049.1522 207685.3387 190747.3938 190157.2878 212032.6983 212856.0859 178974.0502 176378.8614 171985.5485 171252.7905 219018.2341 162470.6053 159722.6216 224615.2058 229613.8524 232180.4990 152847.8081 238019.7193 149208.0503 244489.9644 136835.3139 254491.9523 125769.4429 119416.3386 108729.1175 101957.2620 270688.8160 89055.73991 276573.7563 80187.47575 72978.73843 59672.39091 51346.47487 43144.36656 37745.20706 35573.30016 29616.90701 22135.21091 20788.00467 13477.41619 12919.72217 7187.946052 295907.3152 413.4128911 331157.8644 370067.1367 386133.9531 435840.3409 466412.6697 477418.2603 485229.7766 514453.8857 537527.0786 563437.9151 643960.1721 680671.6148 814590.1875 911970.5554 998365.3306 1198432.849 1425817.412 1680129.177 1859069.064 2365079.940 3169043.975 3485215.215 7538446.148 11590414.81
      sorted:	 413.4128911 7187.946052 12919.72217 13477.41619 20788.00467 22135.21091 29616.90701 35573.30016 37745.20706 43144.36656 51346.47487 59672.39091 72978.73843 80187.47575 89055.73991 101957.2620 108729.1175 119416.3386 125769.4429 136835.3139 149208.0503 152847.8081 159722.6216 162470.6053 171252.7905 171985.5485 176378.8614 178974.0502 190157.2878 190747.3938 196225.4013 196740.5100 197706.9807 200681.7793 203653.9684 204170.0675 205049.1522 207685.3387 212032.6983 212856.0859 219018.2341 224615.2058 229613.8524 232180.4990 238019.7193 244489.9644 254491.9523 270688.8160 276573.7563 295907.3152 331157.8644 370067.1367 386133.9531 435840.3409 466412.6697 477418.2603 485229.7766 514453.8857 537527.0786 563437.9151 643960.1721 680671.6148 814590.1875 911970.5554 998365.3306 1198432.849 1425817.412 1680129.177 1859069.064 2365079.940 3169043.975 3485215.215 7538446.148 11590414.81
