    unsorted:	 197519.9511 196433.3975 195316.3813 198553.0793 193962.2329 188212.5434 181860.5709 206702.6223 211579.9672 212365.7610 216699.2846 217725.3403 221184.4405 225179.4647 224737.9112 177467.8714 174461.0611 172008.1987 163870.2762 159410.5910 151404.4538 234883.6587 238973.3039 142888.4969 137245.0020 119686.0456 126402.3167 115094.8335 256002.9903 104316.0922 82650.44278 86111.34258 65365.54009 54766.63029 44270.93389 41931.87961 31927.99572 24731.19968 20508.52571 10541.47047 6114.443715 370079.1929 368843.7796 576088.6116 5559003.369 5561736.255 5570765.897 5615575.730 5610062.090 5624934.180 5534061.143 5647558.482 5503100.756 5484288.775 5685546.997 5426880.043 5710180.371 5389489.741 5362539.174 5301242.039 5289804.274 5240784.156 5842679.957 5156485.163 5090178.264 5924919.748 6003367.535 4882021.784 6145805.341 4674242.139 6306535.663 6726324.427 10138549.67 2052370090.
      sorted:	 6114.443715 10541.47047 20508.52571 24731.19968 31927.99572 41931.87961 44270.93389 54766.63029 65365.54009 82650.44278 86111.34258 104316.0922 115094.8335 119686.0456 126402.3167 137245.0020 142888.4969 151404.4538 159410.5910 163870.2762 172008.1987 174461.0611 177467.8714 181860.5709 188212.5434 193962.2329 195316.3813 196433.3975 197519.9511 198553.0793 206702.6223 211579.9672 212365.7610 216699.2846 217725.3403 221184.4405 224737.9112 225179.4647 234883.6587 238973.3039 256002.9903 368843.7796 370079.1929 576088.6116 4674242.139 4882021.784 5090178.264 5156485.163 5240784.156 5289804.274 5301242.039 5362539.174 5389489.741 5426880.043 5484288.775 5503100.756 5534061.143 5559003.369 5561736.255 5570765.897 5610062.090 5615575.730 5624934.180 5647558.482 5685546.997 5710180.371 5842679.957 5924919.748 6003367.535 6145805.341 6306535.663 6726324.427 10138549.67 2052370090.
