    unsorted:	 25.00000000 25.00000000 25.00000000 25.00000000 25.00000000 190266.6260 188929.8287 193765.8082 194442.9184 197438.3424 199658.2670 200176.6911 180241.6561 206920.2847 211214.8266 216635.3472 219914.7179 172241.8767 167291.7669 164588.7522 162630.6146 228276.5853 232089.7256 234797.6039 236814.3452 241313.3569 153834.7620 144096.2362 141557.0738 254722.6247 129294.5620 119146.4387 109827.6981 94150.38956 272557.3670 276527.8252 80423.28786 69732.05979 61320.70532 51142.63772 47858.52177 42975.40867 38373.87543 32756.76193 261.2933293 176.9332410 489.9830030 646.9306158 1004.736628 24633.80084 21909.68259 16337.01884 13401.98380 7273.626906 297460.5802 315964.2907 319749.9876 356230.7097 395238.0612 474667.0586 516156.1889 553720.0474 560104.9975 589156.9324 634943.0893 672779.1941 764541.0598 838200.7377 1006000.891 1074056.744 1238981.320 1482600.527 1689877.269 2031454.460 2224477.335 2784547.939 3516615.677 4083286.852 4820827.517 10819367.97
      sorted:	 25.00000000 25.00000000 25.00000000 25.00000000 25.00000000 176.9332410 261.2933293 489.9830030 646.9306158 1004.736628 7273.626906 13401.98380 16337.01884 21909.68259 24633.80084 32756.76193 38373.87543 42975.40867 47858.52177 51142.63772 61320.70532 69732.05979 80423.28786 94150.38956 109827.6981 119146.4387 129294.5620 141557.0738 144096.2362 153834.7620 162630.6146 164588.7522 167291.7669 172241.8767 180241.6561 188929.8287 190266.6260 193765.8082 194442.9184 197438.3424 199658.2670 200176.6911 206920.2847 211214.8266 216635.3472 219914.7179 228276.5853 232089.7256 234797.6039 236814.3452 241313.3569 254722.6247 272557.3670 276527.8252 297460.5802 315964.2907 319749.9876 356230.7097 395238.0612 474667.0586 516156.1889 553720.0474 560104.9975 589156.9324 634943.0893 672779.1941 764541.0598 838200.7377 1006000.891 1074056.744 1238981.320 1482600.527 1689877.269 2031454.460 2224477.335 2784547.939 3516615.677 4083286.852 4820827.517 10819367.97
