    unsorted:	 25.00000000 25.00000000 25.00000000 25.00000000 25.00000000 197392.2391 201024.6590 202114.9143 204524.9285 205527.3488 193997.1011 212087.4552 210496.9758 189734.4668 185486.4071 217961.0776 180786.3365 177724.6355 174054.5310 223272.4859 166466.1734 163226.3723 229565.5254 231514.4909 234997.2519 157547.9097 148943.3403 141164.5059 249280.1919 252088.6700 130496.7713 119270.6457 106552.5622 92102.53777 84123.23524 275666.7367 73541.48483 63921.41667 53302.65466 46163.75566 43297.53619 37978.02815 32192.36011 25166.69416 22714.17115 262.6413582 192.5838278 484.3510804 646.2322763 1041.253851 16318.57656 13496.88015 7192.613934 286187.8013 296441.0085 320039.7720 321215.6891 352311.2060 394150.1559 478134.6769 518506.6613 560148.5657 565170.1592 591153.8145 635054.9147 674132.6344 771126.6119 837239.1891 1019060.692 1098572.698 1246138.507 1516394.342 1736167.795 2068202.023 2256225.894 2819846.137 3527628.747 4112172.242 4796809.604 11074066.16
      sorted:	 25.00000000 25.00000000 25.00000000 25.00000000 25.00000000 192.5838278 262.6413582 484.3510804 646.2322763 1041.253851 7192.613934 13496.88015 16318.57656 22714.17115 25166.69416 32192.36011 37978.02815 43297.53619 46163.75566 53302.65466 63921.41667 73541.48483 84123.23524 92102.53777 106552.5622 119270.6457 130496.7713 141164.5059 148943.3403 157547.9097 163226.3723 166466.1734 174054.5310 177724.6355 180786.3365 185486.4071 189734.4668 193997.1011 197392.2391 201024.6590 202114.9143 204524.9285 205527.3488 210496.9758 212087.4552 217961.0776 223272.4859 229565.5254 231514.4909 234997.2519 249280.1919 252088.6700 275666.7367 286187.8013 296441.0085 320039.7720 321215.6891 352311.2060 394150.1559 478134.6769 518506.6613 560148.5657 565170.1592 591153.8145 635054.9147 674132.6344 771126.6119 837239.1891 1019060.692 1098572.698 1246138.507 1516394.342 1736167.795 2068202.023 2256225.894 2819846.137 3527628.747 4112172.242 4796809.604 11074066.16
