    unsorted:	 175881.9455 174394.6129 181158.4537 185262.4719 190826.8600 193048.5522 197927.4356 198827.9433 167776.4890 163473.1065 160160.9772 157905.5840 205047.7466 210744.5792 214826.1508 217211.2570 218816.9951 219300.5816 150630.2288 228713.3842 227500.9590 233005.1519 143838.9174 136066.6972 124121.2727 118064.3504 247718.6039 110781.4214 103239.9074 256811.2883 85453.33303 83897.05713 71345.34875 57753.88700 52037.33627 47949.58719 44646.27990 22560.63596 24539.62386 10265.47611 5547.348840 370071.7560 368734.6854 575910.3179 5612550.176 5553877.532 5560155.187 5571946.474 5598117.104 5536592.841 5623745.893 5499944.804 5482479.004 5656851.897 5678550.475 5423156.203 5706872.809 5391186.720 5370629.815 5308182.986 5280667.625 5230404.757 5834213.796 5172458.849 5906912.549 5083997.878 5999991.868 4888949.648 6147928.577 4673698.203 6283900.993 6703063.333 10237835.58 2050750172.
      sorted:	 5547.348840 10265.47611 22560.63596 24539.62386 44646.27990 47949.58719 52037.33627 57753.88700 71345.34875 83897.05713 85453.33303 103239.9074 110781.4214 118064.3504 124121.2727 136066.6972 143838.9174 150630.2288 157905.5840 160160.9772 163473.1065 167776.4890 174394.6129 175881.9455 181158.4537 185262.4719 190826.8600 193048.5522 197927.4356 198827.9433 205047.7466 210744.5792 214826.1508 217211.2570 218816.9951 219300.5816 227500.9590 228713.3842 233005.1519 247718.6039 256811.2883 368734.6854 370071.7560 575910.3179 4673698.203 4888949.648 5083997.878 5172458.849 5230404.757 5280667.625 5308182.986 5370629.815 5391186.720 5423156.203 5482479.004 5499944.804 5536592.841 5553877.532 5560155.187 5571946.474 5598117.104 5612550.176 5623745.893 5656851.897 5678550.475 5706872.809 5834213.796 5906912.549 5999991.868 6147928.577 6283900.993 6703063.333 10237835.58 2050750172.
