    unsorted:	 196735.1829 199422.3440 203502.4867 205104.4105 191848.9679 188864.8545 188085.6919 209515.9196 213854.0733 215954.6767 218805.1878 177216.6073 170773.5243 167168.7280 223561.2053 161564.1864 156163.9328 152124.6696 147689.4700 139146.5109 234806.0085 242036.6515 240661.5980 244773.2944 128692.2100 122564.8059 120153.6806 110347.1043 254219.8527 105409.7138 89256.04486 87824.51655 69358.70047 57471.89690 48425.26831 42298.67819 39209.79172 24576.13001 16328.20424 9973.393845 5465.218527 370065.9566 368755.4235 575622.6736 5559498.631 5566447.443 5574434.872 5614300.556 5618883.423 5627854.225 5535241.621 5504237.965 5482368.881 5654970.783 5686951.143 5423486.146 5714618.099 5386248.095 5369440.050 5299222.111 5276301.650 5849694.206 5185633.869 5161318.058 5924478.202 5079601.408 6019636.031 4902243.262 6155171.325 4655310.852 6333113.281 6747201.809 10480039.39 2050387086.
      sorted:	 5465.218527 9973.393845 16328.20424 24576.13001 39209.79172 42298.67819 48425.26831 57471.89690 69358.70047 87824.51655 89256.04486 105409.7138 110347.1043 120153.6806 122564.8059 128692.2100 139146.5109 147689.4700 152124.6696 156163.9328 161564.1864 167168.7280 170773.5243 177216.6073 188085.6919 188864.8545 191848.9679 196735.1829 199422.3440 203502.4867 205104.4105 209515.9196 213854.0733 215954.6767 218805.1878 223561.2053 234806.0085 240661.5980 242036.6515 244773.2944 254219.8527 368755.4235 370065.9566 575622.6736 4655310.852 4902243.262 5079601.408 5161318.058 5185633.869 5276301.650 5299222.111 5369440.050 5386248.095 5423486.146 5482368.881 5504237.965 5535241.621 5559498.631 5566447.443 5574434.872 5614300.556 5618883.423 5627854.225 5654970.783 5686951.143 5714618.099 5849694.206 5924478.202 6019636.031 6155171.325 6333113.281 6747201.809 10480039.39 2050387086.
