    unsorted:	 203752.2447 204477.4221 202617.1808 205604.6025 199800.6651 197396.7858 195433.3900 191295.5925 186575.3687 185587.9366 180703.2835 179123.7874 211717.2129 216593.9942 218577.2314 219887.5104 168365.7870 169446.8347 165174.9997 225430.5045 157104.1950 152510.8774 149168.4871 240048.6074 241769.4546 246589.8183 132739.4722 252730.0958 127465.5014 116861.4586 105951.2308 271260.3215 272514.6753 97576.86207 88241.49599 77431.81495 68383.14595 58587.62100 53833.48148 43629.69038 40669.76198 35266.37987 30412.66261 22770.54969 21347.80304 13456.77858 12452.59515 7102.859845 298763.3841 402.3117506 333570.0154 370064.1661 387721.7024 424175.4980 453492.8897 457411.8131 473411.8818 501952.5132 536589.9672 542712.0333 622808.1219 672832.2310 805857.5371 875121.1577 976864.0947 1195567.659 1374148.201 1627863.099 1790181.089 2363542.132 3060476.449 3464162.955 7318648.687 11217705.01
      sorted:	 402.3117506 7102.859845 12452.59515 13456.77858 21347.80304 22770.54969 30412.66261 35266.37987 40669.76198 43629.69038 53833.48148 58587.62100 68383.14595 77431.81495 88241.49599 97576.86207 105951.2308 116861.4586 127465.5014 132739.4722 149168.4871 152510.8774 157104.1950 165174.9997 168365.7870 169446.8347 179123.7874 180703.2835 185587.9366 186575.3687 191295.5925 195433.3900 197396.7858 199800.6651 202617.1808 203752.2447 204477.4221 205604.6025 211717.2129 216593.9942 218577.2314 219887.5104 225430.5045 240048.6074 241769.4546 246589.8183 252730.0958 271260.3215 272514.6753 298763.3841 333570.0154 370064.1661 387721.7024 424175.4980 453492.8897 457411.8131 473411.8818 501952.5132 536589.9672 542712.0333 622808.1219 672832.2310 805857.5371 875121.1577 976864.0947 1195567.659 1374148.201 1627863.099 1790181.089 2363542.132 3060476.449 3464162.955 7318648.687 11217705.01
