    unsorted:	 196288.8425 195755.9541 197011.0643 193695.4281 186278.2268 185860.6286 182637.5651 205776.1531 209971.2599 217923.1132 218478.1667 222311.4044 223240.4740 225725.7105 175531.3317 172252.6936 232983.9397 231408.0949 234320.7586 164839.1158 160012.7821 156687.2795 150883.2449 142202.7315 134163.6349 123957.2597 119947.2090 254208.9255 110381.2303 105753.9124 93893.20496 86166.97480 67380.13073 55811.68256 46697.99765 45225.27165 34021.21051 27019.92276 16789.75126 10176.29004 9176.812981 370076.2408 368781.1557 576001.8346 5557413.799 5561944.442 5571586.962 5610274.080 5613418.728 5622343.923 5533965.058 5646650.054 5501895.026 5481524.179 5688023.630 5423493.071 5709431.203 5393248.140 5370670.339 5309265.462 5278224.430 5216756.486 5165791.809 5830681.080 5908046.017 5095415.406 5983594.110 4914124.609 6123783.337 4692114.143 6281632.836 6662477.369 10144426.24 2050983958.
      sorted:	 9176.812981 10176.29004 16789.75126 27019.92276 34021.21051 45225.27165 46697.99765 55811.68256 67380.13073 86166.97480 93893.20496 105753.9124 110381.2303 119947.2090 123957.2597 134163.6349 142202.7315 150883.2449 156687.2795 160012.7821 164839.1158 172252.6936 175531.3317 182637.5651 185860.6286 186278.2268 193695.4281 195755.9541 196288.8425 197011.0643 205776.1531 209971.2599 217923.1132 218478.1667 222311.4044 223240.4740 225725.7105 231408.0949 232983.9397 234320.7586 254208.9255 368781.1557 370076.2408 576001.8346 4692114.143 4914124.609 5095415.406 5165791.809 5216756.486 5278224.430 5309265.462 5370670.339 5393248.140 5423493.071 5481524.179 5501895.026 5533965.058 5557413.799 5561944.442 5571586.962 5610274.080 5613418.728 5622343.923 5646650.054 5688023.630 5709431.203 5830681.080 5908046.017 5983594.110 6123783.337 6281632.836 6662477.369 10144426.24 2050983958.
