    unsorted:	 169227.8888 167604.5723 167543.8475 179650.3854 181096.0290 189917.7642 188188.4462 192117.5439 196676.0849 161030.1909 158447.5600 204300.7350 202796.6664 206140.4117 210110.6705 152065.1892 216815.0388 219435.7219 224437.4990 225029.1376 145860.5051 231128.2373 232347.8205 137995.1345 244970.4147 124796.3955 120867.7239 252626.0823 110229.9619 102046.6920 87428.49170 86152.78056 74510.84548 65714.42804 53620.47087 39307.06014 35820.32113 24164.30081 15055.63984 10396.80804 7961.710343 370063.1347 368775.1441 576183.6569 5557315.834 5563452.417 5572529.432 5604260.425 5612258.885 5618237.795 5539103.453 5639106.215 5501306.783 5482695.695 5676289.328 5422948.826 5709911.667 5393813.643 5362187.619 5310021.837 5290731.573 5239290.442 5835620.211 5172434.168 5917498.579 5085535.820 5995913.295 4888625.490 6144810.110 4667358.598 6307623.127 6704421.787 10084414.33 2050449891.
      sorted:	 7961.710343 10396.80804 15055.63984 24164.30081 35820.32113 39307.06014 53620.47087 65714.42804 74510.84548 86152.78056 87428.49170 102046.6920 110229.9619 120867.7239 124796.3955 137995.1345 145860.5051 152065.1892 158447.5600 161030.1909 167543.8475 167604.5723 169227.8888 179650.3854 181096.0290 188188.4462 189917.7642 192117.5439 196676.0849 202796.6664 204300.7350 206140.4117 210110.6705 216815.0388 219435.7219 224437.4990 225029.1376 231128.2373 232347.8205 244970.4147 252626.0823 368775.1441 370063.1347 576183.6569 4667358.598 4888625.490 5085535.820 5172434.168 5239290.442 5290731.573 5310021.837 5362187.619 5393813.643 5422948.826 5482695.695 5501306.783 5539103.453 5557315.834 5563452.417 5572529.432 5604260.425 5612258.885 5618237.795 5639106.215 5676289.328 5709911.667 5835620.211 5917498.579 5995913.295 6144810.110 6307623.127 6704421.787 10084414.33 2050449891.
