    unsorted:	 198936.7193 197180.9584 195362.8882 194337.7197 190792.8418 187785.4806 203316.3387 206656.4752 185151.6169 183794.9737 209616.9438 213088.7034 177241.7215 217866.3842 218479.1219 220742.2278 172710.0562 170122.1778 162979.1547 163034.5849 225277.8865 230060.3509 233443.1530 155144.8611 151767.8552 241096.8207 250820.5237 136492.8333 129670.8744 116901.2562 266619.4763 268504.5425 103769.8933 97241.51613 78782.89896 75321.49712 66747.42901 57703.21841 53278.52767 43034.88033 40111.82036 34766.33893 29328.52050 21695.89823 20681.02018 13454.06647 12491.66462 290617.7994 6864.207630 405.2439652 329098.8801 370073.6681 388841.6816 429879.7562 463961.4201 473387.9229 483210.1092 512413.3829 537217.7306 558876.2445 642632.3971 682229.8677 817047.4901 902089.9431 991083.3189 1208817.984 1410660.471 1664005.632 1804931.688 2366602.207 3101445.112 3494111.157 7374413.375 11334658.42
      sorted:	 405.2439652 6864.207630 12491.66462 13454.06647 20681.02018 21695.89823 29328.52050 34766.33893 40111.82036 43034.88033 53278.52767 57703.21841 66747.42901 75321.49712 78782.89896 97241.51613 103769.8933 116901.2562 129670.8744 136492.8333 151767.8552 155144.8611 162979.1547 163034.5849 170122.1778 172710.0562 177241.7215 183794.9737 185151.6169 187785.4806 190792.8418 194337.7197 195362.8882 197180.9584 198936.7193 203316.3387 206656.4752 209616.9438 213088.7034 217866.3842 218479.1219 220742.2278 225277.8865 230060.3509 233443.1530 241096.8207 250820.5237 266619.4763 268504.5425 290617.7994 329098.8801 370073.6681 388841.6816 429879.7562 463961.4201 473387.9229 483210.1092 512413.3829 537217.7306 558876.2445 642632.3971 682229.8677 817047.4901 902089.9431 991083.3189 1208817.984 1410660.471 1664005.632 1804931.688 2366602.207 3101445.112 3494111.157 7374413.375 11334658.42
