    unsorted:	 201372.5129 196660.6955 196202.9920 198378.4764 199740.8502 203549.6609 205239.4783 190786.4036 211105.2955 211929.6754 213035.5383 217323.1248 187018.8744 180938.8672 220845.1881 173180.1865 171535.3884 163834.7702 161296.4191 231130.7956 234036.9347 237235.5038 239358.1470 153718.4409 148852.3964 247193.8008 136458.3226 130569.1216 257004.3265 117468.9056 271258.7949 274002.7718 101980.9966 97805.23441 86120.33802 80387.71634 69161.68028 60425.05286 51404.58258 44453.21131 39245.32774 36416.57860 31256.09853 22558.04867 21158.37381 13489.18246 13042.58878 7262.985102 301545.8825 458.9077683 335262.2543 370074.3486 387184.4959 434479.0283 465100.5956 469398.7499 487050.2950 515018.2994 537919.3071 559229.6058 639569.5473 677801.9982 806916.5092 891465.8713 983112.0024 1190766.874 1401561.616 1659228.300 1819649.649 2347813.804 3121799.061 3416692.554 7401475.040 11361882.73
      sorted:	 458.9077683 7262.985102 13042.58878 13489.18246 21158.37381 22558.04867 31256.09853 36416.57860 39245.32774 44453.21131 51404.58258 60425.05286 69161.68028 80387.71634 86120.33802 97805.23441 101980.9966 117468.9056 130569.1216 136458.3226 148852.3964 153718.4409 161296.4191 163834.7702 171535.3884 173180.1865 180938.8672 187018.8744 190786.4036 196202.9920 196660.6955 198378.4764 199740.8502 201372.5129 203549.6609 205239.4783 211105.2955 211929.6754 213035.5383 217323.1248 220845.1881 231130.7956 234036.9347 237235.5038 239358.1470 247193.8008 257004.3265 271258.7949 274002.7718 301545.8825 335262.2543 370074.3486 387184.4959 434479.0283 465100.5956 469398.7499 487050.2950 515018.2994 537919.3071 559229.6058 639569.5473 677801.9982 806916.5092 891465.8713 983112.0024 1190766.874 1401561.616 1659228.300 1819649.649 2347813.804 3121799.061 3416692.554 7401475.040 11361882.73
