    unsorted:	 201916.7744 201994.4149 195783.8455 195500.1312 196620.2331 198033.7489 194129.7835 206531.8783 207788.1219 188858.9440 186658.1906 212086.2921 215417.8481 177290.4736 175492.7386 173048.4924 222739.0472 226295.8752 229866.7974 231520.6751 232888.1572 164773.1259 161484.0803 242192.6860 151611.3515 148714.1749 255069.1839 133068.6733 127489.5369 119151.0173 264696.3828 270012.9637 108951.0895 97921.80659 79928.47162 77076.47328 71909.58363 60300.31896 56584.70315 290697.1854 44368.67590 41151.13691 35857.61104 30501.20910 22662.17559 21345.17840 13462.78458 12767.40430 6973.747314 442.1468784 328493.5650 370076.2578 381699.6222 427443.6298 460449.6574 468825.4558 479937.7743 511354.0936 537152.3217 550496.8998 630243.3549 676283.2900 811454.1767 903928.8422 990027.5041 1208070.474 1430148.205 1672418.842 1838792.506 2375593.671 3139278.988 3500597.747 7474723.772 11421991.58
      sorted:	 442.1468784 6973.747314 12767.40430 13462.78458 21345.17840 22662.17559 30501.20910 35857.61104 41151.13691 44368.67590 56584.70315 60300.31896 71909.58363 77076.47328 79928.47162 97921.80659 108951.0895 119151.0173 127489.5369 133068.6733 148714.1749 151611.3515 161484.0803 164773.1259 173048.4924 175492.7386 177290.4736 186658.1906 188858.9440 194129.7835 195500.1312 195783.8455 196620.2331 198033.7489 201916.7744 201994.4149 206531.8783 207788.1219 212086.2921 215417.8481 222739.0472 226295.8752 229866.7974 231520.6751 232888.1572 242192.6860 255069.1839 264696.3828 270012.9637 290697.1854 328493.5650 370076.2578 381699.6222 427443.6298 460449.6574 468825.4558 479937.7743 511354.0936 537152.3217 550496.8998 630243.3549 676283.2900 811454.1767 903928.8422 990027.5041 1208070.474 1430148.205 1672418.842 1838792.506 2375593.671 3139278.988 3500597.747 7474723.772 11421991.58
