    unsorted:	 209522.0358 211654.8854 214741.3876 213711.6744 206258.3111 203070.5366 196702.0989 194936.5676 191709.0616 184258.9586 220155.8025 222755.4651 181364.9634 179759.5756 170189.8118 165415.3857 163197.5164 158612.2598 155241.7334 150225.6690 228330.6282 143157.0121 233675.6994 138089.8374 239653.9148 125951.2337 120356.1473 117155.1188 107414.2711 98379.57315 87371.00180 263349.9535 71887.10269 58959.86217 47956.23777 43156.55535 32370.98331 28276.90643 17992.32817 9973.482008 8375.812808 370068.3608 368770.1017 576117.1841 5606293.843 5610604.955 5621018.975 5577278.118 5565804.505 5556236.296 5536626.715 5646892.523 5502617.872 5482662.157 5682522.151 5422755.221 5710606.485 5386796.936 5364360.921 5298968.611 5269385.180 5231585.722 5171966.193 5833331.423 5106699.899 5906545.416 6003591.856 4910479.163 6139344.885 4672889.073 6303271.024 6713040.363 10191756.03 2051343170.
      sorted:	 8375.812808 9973.482008 17992.32817 28276.90643 32370.98331 43156.55535 47956.23777 58959.86217 71887.10269 87371.00180 98379.57315 107414.2711 117155.1188 120356.1473 125951.2337 138089.8374 143157.0121 150225.6690 155241.7334 158612.2598 163197.5164 165415.3857 170189.8118 179759.5756 181364.9634 184258.9586 191709.0616 194936.5676 196702.0989 203070.5366 206258.3111 209522.0358 211654.8854 213711.6744 214741.3876 220155.8025 222755.4651 228330.6282 233675.6994 239653.9148 263349.9535 368770.1017 370068.3608 576117.1841 4672889.073 4910479.163 5106699.899 5171966.193 5231585.722 5269385.180 5298968.611 5364360.921 5386796.936 5422755.221 5482662.157 5502617.872 5536626.715 5556236.296 5565804.505 5577278.118 5606293.843 5610604.955 5621018.975 5646892.523 5682522.151 5710606.485 5833331.423 5906545.416 6003591.856 6139344.885 6303271.024 6713040.363 10191756.03 2051343170.
