    unsorted:	 25.00000000 25.00000000 25.00000000 25.00000000 25.00000000 203243.7252 201837.7795 200709.3341 204037.8132 207611.1493 210029.4862 196341.2009 191118.8997 213134.1302 187493.0636 184129.1214 179778.1063 223384.7180 169804.4393 171316.9987 164839.0530 160043.0295 225991.3780 155070.1449 232201.6509 233759.6816 147395.2263 244316.5107 138519.7274 249276.5433 128128.5578 116732.6700 105906.7989 265320.0354 270238.3923 93089.56586 83685.48068 71392.97893 61794.23182 55794.82349 53752.53651 43309.96950 37800.04570 29984.96977 24394.70759 22012.83672 259.9234154 169.9509394 495.6749469 646.7184753 986.8471192 16276.98900 13344.69920 6966.333638 286389.2244 313565.7468 319166.8833 349566.8559 390794.4656 475563.6445 522912.9063 555893.1480 566094.0895 594098.3812 633227.3306 675205.8798 771583.7907 832978.2321 1016098.486 1078729.856 1240834.667 1504214.309 1686461.398 2020503.258 2234837.133 2794789.917 3554289.145 4079090.184 4815667.865 10652907.23
      sorted:	 25.00000000 25.00000000 25.00000000 25.00000000 25.00000000 169.9509394 259.9234154 495.6749469 646.7184753 986.8471192 6966.333638 13344.69920 16276.98900 22012.83672 24394.70759 29984.96977 37800.04570 43309.96950 53752.53651 55794.82349 61794.23182 71392.97893 83685.48068 93089.56586 105906.7989 116732.6700 128128.5578 138519.7274 147395.2263 155070.1449 160043.0295 164839.0530 169804.4393 171316.9987 179778.1063 184129.1214 187493.0636 191118.8997 196341.2009 200709.3341 201837.7795 203243.7252 204037.8132 207611.1493 210029.4862 213134.1302 223384.7180 225991.3780 232201.6509 233759.6816 244316.5107 249276.5433 265320.0354 270238.3923 286389.2244 313565.7468 319166.8833 349566.8559 390794.4656 475563.6445 522912.9063 555893.1480 566094.0895 594098.3812 633227.3306 675205.8798 771583.7907 832978.2321 1016098.486 1078729.856 1240834.667 1504214.309 1686461.398 2020503.258 2234837.133 2794789.917 3554289.145 4079090.184 4815667.865 10652907.23
