    unsorted:	 183455.6210 182608.5622 178823.7163 189726.3260 193100.6452 197848.3724 173731.1795 169704.9008 167079.3124 163768.2677 207774.8018 207055.2494 210946.1711 214767.5569 216949.0187 218097.7768 160053.3311 224004.2785 227458.7075 229561.7005 149211.6252 144117.2053 237369.8512 137819.2583 123688.6769 119389.5841 249575.1570 107580.4559 100685.9515 90996.75078 86373.96709 263733.1148 72581.98190 58802.70152 47426.10743 40740.30633 34639.28727 21673.91453 14459.81148 9981.601681 7845.860814 370057.3611 368825.8348 576256.3922 5562061.616 5558119.868 5570029.921 5540905.123 5614174.392 5610624.552 5619463.890 5505600.019 5485195.129 5644984.744 5430749.825 5682406.887 5707639.436 5394411.142 5369120.996 5304318.023 5298404.966 5223699.946 5819162.881 5170159.480 5095810.449 5919157.571 5992705.856 4920847.848 6126671.843 4676321.338 6317036.986 6664033.461 10082459.66 2050158527.
      sorted:	 7845.860814 9981.601681 14459.81148 21673.91453 34639.28727 40740.30633 47426.10743 58802.70152 72581.98190 86373.96709 90996.75078 100685.9515 107580.4559 119389.5841 123688.6769 137819.2583 144117.2053 149211.6252 160053.3311 163768.2677 167079.3124 169704.9008 173731.1795 178823.7163 182608.5622 183455.6210 189726.3260 193100.6452 197848.3724 207055.2494 207774.8018 210946.1711 214767.5569 216949.0187 218097.7768 224004.2785 227458.7075 229561.7005 237369.8512 249575.1570 263733.1148 368825.8348 370057.3611 576256.3922 4676321.338 4920847.848 5095810.449 5170159.480 5223699.946 5298404.966 5304318.023 5369120.996 5394411.142 5430749.825 5485195.129 5505600.019 5540905.123 5558119.868 5562061.616 5570029.921 5610624.552 5614174.392 5619463.890 5644984.744 5682406.887 5707639.436 5819162.881 5919157.571 5992705.856 6126671.843 6317036.986 6664033.461 10082459.66 2050158527.
