    unsorted:	 25.00000000 25.00000000 25.00000000 25.00000000 24.99999999 197471.9153 198406.7852 195551.9124 201917.0298 203529.5774 190097.3175 212114.6427 211288.8800 214619.5575 217135.4058 221915.9421 223950.6433 182270.0080 177276.9013 174028.9835 171472.9720 229796.4154 165591.8452 159806.9416 156221.1786 242889.8330 144311.9609 248954.0326 136514.0025 254320.0530 124062.4296 115645.5685 109011.7370 98175.86514 87320.76094 77376.62944 274282.7871 66946.75031 58220.85137 53624.86921 47486.12699 41995.14564 30526.51394 25797.20312 22113.18789 17145.08104 13904.23357 262.3138728 189.8367667 660.5342359 487.1819368 1055.086856 7333.350427 284486.1119 303084.5743 317253.9033 339755.6227 376688.5551 405828.7109 477316.3134 541310.1934 579234.5575 585682.5105 604665.8003 640932.7185 697597.3183 797523.6075 855725.2226 1036612.540 1131088.060 1257526.914 1526617.050 1782371.683 2120354.198 2295745.804 2888034.804 3554649.604 4190260.265 4832248.446 11260525.39
      sorted:	 24.99999999 25.00000000 25.00000000 25.00000000 25.00000000 189.8367667 262.3138728 487.1819368 660.5342359 1055.086856 7333.350427 13904.23357 17145.08104 22113.18789 25797.20312 30526.51394 41995.14564 47486.12699 53624.86921 58220.85137 66946.75031 77376.62944 87320.76094 98175.86514 109011.7370 115645.5685 124062.4296 136514.0025 144311.9609 156221.1786 159806.9416 165591.8452 171472.9720 174028.9835 177276.9013 182270.0080 190097.3175 195551.9124 197471.9153 198406.7852 201917.0298 203529.5774 211288.8800 212114.6427 214619.5575 217135.4058 221915.9421 223950.6433 229796.4154 242889.8330 248954.0326 254320.0530 274282.7871 284486.1119 303084.5743 317253.9033 339755.6227 376688.5551 405828.7109 477316.3134 541310.1934 579234.5575 585682.5105 604665.8003 640932.7185 697597.3183 797523.6075 855725.2226 1036612.540 1131088.060 1257526.914 1526617.050 1782371.683 2120354.198 2295745.804 2888034.804 3554649.604 4190260.265 4832248.446 11260525.39
