    unsorted:	 25.00000000 25.00000000 25.00000000 25.00000000 25.00000000 197307.7547 198177.5229 200049.7227 202674.0365 203072.4721 204157.4132 190843.6804 207859.0213 212549.0861 184099.5840 181332.6831 174326.9579 171897.0107 223554.0106 228997.7657 229504.8791 162809.3445 158209.8373 155453.1853 238687.4279 145603.2904 142153.2325 246101.2606 132060.9895 120495.6052 110063.7540 261772.9609 264968.7749 95691.43919 84287.58950 71315.56299 59576.91924 51881.16940 48879.45688 41786.90266 38787.10915 32292.12276 26176.70461 22507.62468 259.0606614 206.1044027 464.3080600 660.8992047 1077.338311 16729.25562 14548.65092 7483.060407 289964.9460 300834.4466 304038.4367 331433.3068 334591.5391 368040.6124 403811.8828 484622.7985 555596.3898 588563.9698 594412.2606 613279.6330 649690.2078 708758.2742 819346.5427 866020.6389 1038256.519 1114595.883 1234039.908 1502610.059 1719485.437 2052165.270 2211627.134 2796379.905 3557992.979 4096900.887 4861205.067 10551774.59
      sorted:	 25.00000000 25.00000000 25.00000000 25.00000000 25.00000000 206.1044027 259.0606614 464.3080600 660.8992047 1077.338311 7483.060407 14548.65092 16729.25562 22507.62468 26176.70461 32292.12276 38787.10915 41786.90266 48879.45688 51881.16940 59576.91924 71315.56299 84287.58950 95691.43919 110063.7540 120495.6052 132060.9895 142153.2325 145603.2904 155453.1853 158209.8373 162809.3445 171897.0107 174326.9579 181332.6831 184099.5840 190843.6804 197307.7547 198177.5229 200049.7227 202674.0365 203072.4721 204157.4132 207859.0213 212549.0861 223554.0106 228997.7657 229504.8791 238687.4279 246101.2606 261772.9609 264968.7749 289964.9460 300834.4466 304038.4367 331433.3068 334591.5391 368040.6124 403811.8828 484622.7985 555596.3898 588563.9698 594412.2606 613279.6330 649690.2078 708758.2742 819346.5427 866020.6389 1038256.519 1114595.883 1234039.908 1502610.059 1719485.437 2052165.270 2211627.134 2796379.905 3557992.979 4096900.887 4861205.067 10551774.59
