    unsorted:	 199093.8738 201539.9204 194829.4000 193652.6642 203565.3053 206714.5482 188079.8450 183898.5769 210718.5802 179165.2221 176975.2771 215077.4240 169926.1400 167978.9272 165226.4720 218051.4792 221341.5709 159341.5551 224072.5142 152786.8556 230163.4795 237282.0988 237841.5801 141576.6792 130220.7921 125331.9342 119046.5425 113123.9169 105076.2502 256143.9860 86952.58639 79750.46985 73564.82465 60541.82206 51622.45198 46140.29976 44309.08893 24061.63095 16825.24451 9561.565991 6150.945559 370074.0282 368754.5690 575569.2755 5563278.760 5555469.783 5572692.753 5539429.107 5609539.992 5604265.877 5622739.354 5501508.323 5482727.631 5649010.992 5671173.335 5424394.546 5704998.349 5389435.574 5370960.809 5300459.951 5272427.343 5203512.969 5169148.875 5832862.151 5082007.961 5911310.061 5998499.015 4908511.428 6140587.969 4682153.648 6297968.360 6656118.218 10199824.67 2050903651.
      sorted:	 6150.945559 9561.565991 16825.24451 24061.63095 44309.08893 46140.29976 51622.45198 60541.82206 73564.82465 79750.46985 86952.58639 105076.2502 113123.9169 119046.5425 125331.9342 130220.7921 141576.6792 152786.8556 159341.5551 165226.4720 167978.9272 169926.1400 176975.2771 179165.2221 183898.5769 188079.8450 193652.6642 194829.4000 199093.8738 201539.9204 203565.3053 206714.5482 210718.5802 215077.4240 218051.4792 221341.5709 224072.5142 230163.4795 237282.0988 237841.5801 256143.9860 368754.5690 370074.0282 575569.2755 4682153.648 4908511.428 5082007.961 5169148.875 5203512.969 5272427.343 5300459.951 5370960.809 5389435.574 5424394.546 5482727.631 5501508.323 5539429.107 5555469.783 5563278.760 5572692.753 5604265.877 5609539.992 5622739.354 5649010.992 5671173.335 5704998.349 5832862.151 5911310.061 5998499.015 6140587.969 6297968.360 6656118.218 10199824.67 2050903651.
