    unsorted:	 202719.9344 201878.1672 199955.4246 198491.0007 196816.1210 195605.0944 208763.5064 188471.0498 184869.9352 184051.8871 183382.4858 214155.3077 218176.9579 220582.7785 221358.9959 174972.6934 170365.1072 166245.7573 227968.8141 158749.4375 155170.9161 151190.6202 237445.5437 238616.2596 243010.1957 142191.4482 135206.7655 251033.2668 127800.8622 117444.1515 267652.4556 269094.4263 102018.2920 97281.79580 84365.45980 77425.98434 70180.93795 59915.99669 56435.70872 42951.26052 38318.87484 34539.02359 31316.36405 20139.75676 21455.14170 13456.80812 12511.94969 6991.846412 292749.3819 391.1178876 333196.3702 370062.1916 386855.5750 437582.2660 467886.2295 471574.4941 487540.6334 516645.3036 537847.9629 561718.0446 646443.8652 681704.8632 813758.3884 894443.7591 981982.5501 1213684.502 1394467.119 1665086.174 1816861.684 2358615.470 3116976.581 3480609.392 7362872.310 11316279.75
      sorted:	 391.1178876 6991.846412 12511.94969 13456.80812 20139.75676 21455.14170 31316.36405 34539.02359 38318.87484 42951.26052 56435.70872 59915.99669 70180.93795 77425.98434 84365.45980 97281.79580 102018.2920 117444.1515 127800.8622 135206.7655 142191.4482 151190.6202 155170.9161 158749.4375 166245.7573 170365.1072 174972.6934 183382.4858 184051.8871 184869.9352 188471.0498 195605.0944 196816.1210 198491.0007 199955.4246 201878.1672 202719.9344 208763.5064 214155.3077 218176.9579 220582.7785 221358.9959 227968.8141 237445.5437 238616.2596 243010.1957 251033.2668 267652.4556 269094.4263 292749.3819 333196.3702 370062.1916 386855.5750 437582.2660 467886.2295 471574.4941 487540.6334 516645.3036 537847.9629 561718.0446 646443.8652 681704.8632 813758.3884 894443.7591 981982.5501 1213684.502 1394467.119 1665086.174 1816861.684 2358615.470 3116976.581 3480609.392 7362872.310 11316279.75
