    unsorted:	 183532.1049 183707.6235 196057.3275 196718.5953 200039.3272 190639.3450 204724.0592 207752.5449 212759.3313 213567.1177 215109.9802 176712.1426 173299.7508 170421.6297 170111.1018 219777.2944 159862.3484 157968.4749 150932.4111 230386.9796 231156.8759 142142.3135 240148.3364 242259.7748 134598.0615 124482.8537 118865.6761 109430.9235 103823.8586 87046.43894 85155.10009 73382.61367 268742.3522 61113.72368 50934.81020 41261.76569 33056.48922 25125.25923 15105.07785 10312.59003 7882.998471 370068.7993 368830.2138 576496.2497 5612571.654 5613824.976 5622351.011 5563742.986 5556547.897 5574964.133 5535404.928 5642802.215 5505421.168 5485366.602 5685992.089 5426983.446 5710952.767 5391649.554 5369543.631 5295030.039 5290464.516 5263029.515 5835050.688 5178277.143 5903048.443 5105985.020 5982729.022 4931077.305 6113334.391 4698574.433 6277407.368 6683769.385 10022380.92 2052000842.
      sorted:	 7882.998471 10312.59003 15105.07785 25125.25923 33056.48922 41261.76569 50934.81020 61113.72368 73382.61367 85155.10009 87046.43894 103823.8586 109430.9235 118865.6761 124482.8537 134598.0615 142142.3135 150932.4111 157968.4749 159862.3484 170111.1018 170421.6297 173299.7508 176712.1426 183532.1049 183707.6235 190639.3450 196057.3275 196718.5953 200039.3272 204724.0592 207752.5449 212759.3313 213567.1177 215109.9802 219777.2944 230386.9796 231156.8759 240148.3364 242259.7748 268742.3522 368830.2138 370068.7993 576496.2497 4698574.433 4931077.305 5105985.020 5178277.143 5263029.515 5290464.516 5295030.039 5369543.631 5391649.554 5426983.446 5485366.602 5505421.168 5535404.928 5556547.897 5563742.986 5574964.133 5612571.654 5613824.976 5622351.011 5642802.215 5685992.089 5710952.767 5835050.688 5903048.443 5982729.022 6113334.391 6277407.368 6683769.385 10022380.92 2052000842.
