    unsorted:	 212066.8447 211359.2792 213543.4237 208116.3455 215224.5314 205483.9033 202708.6070 198841.3985 195534.6211 194761.7397 191617.5421 190907.6053 218163.6286 187302.4372 183827.1944 179188.5084 228986.4593 233893.0957 233357.5372 168856.7686 165817.0604 164330.3618 240574.4782 243255.7912 155565.3231 149847.4512 135800.0219 261524.4894 128409.5073 118399.5310 104904.1822 278270.5924 279664.7165 99273.04951 86949.39993 80861.31000 69573.60711 60922.80119 52213.35141 44914.15330 41069.75556 36691.81381 30664.81044 23819.20631 22335.86095 13484.50804 13007.56320 7364.819497 310315.5045 441.3225270 337706.7640 370068.9792 390886.5603 437239.0494 470445.0273 476350.9098 487299.2128 517195.6562 538248.3305 564109.1740 648102.3564 683387.0384 815110.6917 906343.7645 976442.5602 1201163.160 1395483.568 1661202.597 1812873.110 2362806.797 3064762.156 3397757.155 7325278.099 11237485.99
      sorted:	 441.3225270 7364.819497 13007.56320 13484.50804 22335.86095 23819.20631 30664.81044 36691.81381 41069.75556 44914.15330 52213.35141 60922.80119 69573.60711 80861.31000 86949.39993 99273.04951 104904.1822 118399.5310 128409.5073 135800.0219 149847.4512 155565.3231 164330.3618 165817.0604 168856.7686 179188.5084 183827.1944 187302.4372 190907.6053 191617.5421 194761.7397 195534.6211 198841.3985 202708.6070 205483.9033 208116.3455 211359.2792 212066.8447 213543.4237 215224.5314 218163.6286 228986.4593 233357.5372 233893.0957 240574.4782 243255.7912 261524.4894 278270.5924 279664.7165 310315.5045 337706.7640 370068.9792 390886.5603 437239.0494 470445.0273 476350.9098 487299.2128 517195.6562 538248.3305 564109.1740 648102.3564 683387.0384 815110.6917 906343.7645 976442.5602 1201163.160 1395483.568 1661202.597 1812873.110 2362806.797 3064762.156 3397757.155 7325278.099 11237485.99
