    unsorted:	 209999.2304 210878.1425 207793.6464 213566.5552 216081.5717 194347.7690 193269.4069 197477.9777 189812.1047 223715.2427 223042.3033 225285.7502 183524.6573 181958.7726 169993.0730 171998.6324 233181.5856 160650.4866 156452.0953 155748.6235 149616.8246 239601.9994 242251.8560 139596.1554 135361.5883 119440.5414 123519.2231 111483.1904 104041.4991 258303.8788 82766.88511 86249.83526 74151.19816 58675.84361 51103.71536 40175.98207 37835.98651 28709.78792 16936.51293 10001.74762 8568.697872 370066.4723 368861.9724 576538.2897 5563061.122 5556455.332 5572132.499 5538939.901 5614479.396 5603869.227 5621666.132 5644676.574 5503952.767 5485380.485 5685644.880 5427435.198 5391582.814 5364114.294 5717515.060 5304422.230 5294343.931 5255722.289 5835765.951 5160616.855 5107564.686 5931000.004 5996432.278 4886219.396 6125609.234 4659128.603 6313492.095 6705993.559 9916543.061 2051225411.
      sorted:	 8568.697872 10001.74762 16936.51293 28709.78792 37835.98651 40175.98207 51103.71536 58675.84361 74151.19816 82766.88511 86249.83526 104041.4991 111483.1904 119440.5414 123519.2231 135361.5883 139596.1554 149616.8246 155748.6235 156452.0953 160650.4866 169993.0730 171998.6324 181958.7726 183524.6573 189812.1047 193269.4069 194347.7690 197477.9777 207793.6464 209999.2304 210878.1425 213566.5552 216081.5717 223042.3033 223715.2427 225285.7502 233181.5856 239601.9994 242251.8560 258303.8788 368861.9724 370066.4723 576538.2897 4659128.603 4886219.396 5107564.686 5160616.855 5255722.289 5294343.931 5304422.230 5364114.294 5391582.814 5427435.198 5485380.485 5503952.767 5538939.901 5556455.332 5563061.122 5572132.499 5603869.227 5614479.396 5621666.132 5644676.574 5685644.880 5717515.060 5835765.951 5931000.004 5996432.278 6125609.234 6313492.095 6705993.559 9916543.061 2051225411.
