    unsorted:	 25.00000000 25.00000000 25.00000000 25.00000000 25.00000000 202291.8684 203395.8650 199280.0625 196071.3762 192054.8815 190076.5409 206567.7431 209398.8023 212764.1086 212153.3809 185988.4531 180594.9058 221261.1610 170338.0500 169206.6316 161306.6790 162132.5567 158576.3924 231137.5785 237030.7428 236833.5062 146664.9478 242939.1524 141678.4791 133337.0697 254702.0195 122394.2255 111647.2640 97292.11116 85744.50417 274915.3846 71413.23160 61251.20410 52433.80787 47419.57975 45011.48282 40490.32570 33192.44193 25617.75284 22840.82034 262.2404985 181.6000825 481.3515761 649.6880254 1014.901578 16537.58196 13727.16398 7363.787277 281898.4397 300962.5486 320037.3298 328278.4573 365136.1871 399196.7933 482014.2552 531822.5027 569001.3845 576070.0230 601592.0597 638089.7598 684270.2463 781642.2611 840469.5886 1014795.997 1088241.418 1244745.738 1499118.588 1723366.840 2064641.085 2246748.164 2809883.157 3548881.654 4141100.678 4824565.077 10992006.76
      sorted:	 25.00000000 25.00000000 25.00000000 25.00000000 25.00000000 181.6000825 262.2404985 481.3515761 649.6880254 1014.901578 7363.787277 13727.16398 16537.58196 22840.82034 25617.75284 33192.44193 40490.32570 45011.48282 47419.57975 52433.80787 61251.20410 71413.23160 85744.50417 97292.11116 111647.2640 122394.2255 133337.0697 141678.4791 146664.9478 158576.3924 161306.6790 162132.5567 169206.6316 170338.0500 180594.9058 185988.4531 190076.5409 192054.8815 196071.3762 199280.0625 202291.8684 203395.8650 206567.7431 209398.8023 212153.3809 212764.1086 221261.1610 231137.5785 236833.5062 237030.7428 242939.1524 254702.0195 274915.3846 281898.4397 300962.5486 320037.3298 328278.4573 365136.1871 399196.7933 482014.2552 531822.5027 569001.3845 576070.0230 601592.0597 638089.7598 684270.2463 781642.2611 840469.5886 1014795.997 1088241.418 1244745.738 1499118.588 1723366.840 2064641.085 2246748.164 2809883.157 3548881.654 4141100.678 4824565.077 10992006.76
