    unsorted:	 203840.8854 203463.2440 201603.9523 200745.4642 197579.3988 206445.3512 208890.0663 194322.7278 192642.9763 212920.6914 189404.9786 183132.4458 218903.9902 177175.5019 229343.7052 229856.8326 230775.3622 226173.2112 234921.5317 168175.9983 167684.1941 163665.5113 155888.3998 154326.0884 246333.4841 144251.0466 253773.7105 134112.5288 128289.8798 119011.5825 106548.6518 273269.4107 273642.3505 101077.3053 88762.35581 79568.54620 70939.14471 59370.52268 51753.60587 43470.74028 40314.90287 35229.33690 32191.56025 22884.00788 21503.83092 13462.65282 12766.71009 7100.712482 303002.4166 452.1741188 333891.6125 370066.6672 390026.2254 438616.4167 463997.8797 467840.6844 481293.6240 512095.6601 538093.6919 552379.9989 637147.4566 678564.6641 811070.6984 893614.6961 982158.0922 1209001.526 1394436.154 1658835.413 1818265.063 2382871.722 3143914.539 3455168.743 7449799.851 11475273.53
      sorted:	 452.1741188 7100.712482 12766.71009 13462.65282 21503.83092 22884.00788 32191.56025 35229.33690 40314.90287 43470.74028 51753.60587 59370.52268 70939.14471 79568.54620 88762.35581 101077.3053 106548.6518 119011.5825 128289.8798 134112.5288 144251.0466 154326.0884 155888.3998 163665.5113 167684.1941 168175.9983 177175.5019 183132.4458 189404.9786 192642.9763 194322.7278 197579.3988 200745.4642 201603.9523 203463.2440 203840.8854 206445.3512 208890.0663 212920.6914 218903.9902 226173.2112 229343.7052 229856.8326 230775.3622 234921.5317 246333.4841 253773.7105 273269.4107 273642.3505 303002.4166 333891.6125 370066.6672 390026.2254 438616.4167 463997.8797 467840.6844 481293.6240 512095.6601 538093.6919 552379.9989 637147.4566 678564.6641 811070.6984 893614.6961 982158.0922 1209001.526 1394436.154 1658835.413 1818265.063 2382871.722 3143914.539 3455168.743 7449799.851 11475273.53
