    unsorted:	 198328.3932 198972.8766 201929.7473 203144.0050 195831.6348 205375.5371 193013.4982 190070.6730 187740.6961 207706.1719 185598.5853 180613.8010 214358.0598 217725.0336 175490.5735 228881.0060 228045.3045 229757.2194 168588.4667 164461.9341 161595.9276 234889.8014 237376.8268 156627.2325 151871.4730 245412.9821 138496.7687 125808.9408 257745.9454 117172.7493 104864.3770 99446.08461 87582.30602 276569.4254 275663.4191 80537.86677 76723.44553 59929.15718 51737.95320 42077.40073 38492.06091 34838.84841 29871.39119 22557.28496 21486.87820 13470.70934 12858.90489 7239.537197 305158.7409 478.8947430 337394.3982 370063.1843 393241.8313 445659.2495 467073.0722 475114.2613 490670.8770 519232.3055 537904.6048 562830.0260 647163.8449 683752.7439 821509.7931 902999.5423 983307.0351 1206745.395 1421613.324 1677550.960 1835848.001 2378377.512 3162393.317 3411030.918 7490317.723 11488013.13
      sorted:	 478.8947430 7239.537197 12858.90489 13470.70934 21486.87820 22557.28496 29871.39119 34838.84841 38492.06091 42077.40073 51737.95320 59929.15718 76723.44553 80537.86677 87582.30602 99446.08461 104864.3770 117172.7493 125808.9408 138496.7687 151871.4730 156627.2325 161595.9276 164461.9341 168588.4667 175490.5735 180613.8010 185598.5853 187740.6961 190070.6730 193013.4982 195831.6348 198328.3932 198972.8766 201929.7473 203144.0050 205375.5371 207706.1719 214358.0598 217725.0336 228045.3045 228881.0060 229757.2194 234889.8014 237376.8268 245412.9821 257745.9454 275663.4191 276569.4254 305158.7409 337394.3982 370063.1843 393241.8313 445659.2495 467073.0722 475114.2613 490670.8770 519232.3055 537904.6048 562830.0260 647163.8449 683752.7439 821509.7931 902999.5423 983307.0351 1206745.395 1421613.324 1677550.960 1835848.001 2378377.512 3162393.317 3411030.918 7490317.723 11488013.13
