    unsorted:	 25.00000000 25.00000000 25.00000000 25.00000000 25.00000000 195683.8629 196728.0896 197297.1200 200770.9453 201674.6335 191828.4430 203776.9775 188193.7263 209922.3004 211051.6530 217486.9910 178703.4821 175713.2576 174085.3108 221591.6984 166476.9273 162976.6193 231366.6747 229544.3989 233668.7314 154359.8996 147417.5051 241667.7148 138294.5074 127752.4552 121102.8419 255702.8496 111218.9642 95951.62657 271945.9489 278853.3540 80392.92129 72503.34513 64571.51709 57495.73978 53024.26386 45320.35573 39776.07068 31544.45625 25233.14350 22881.63470 16973.92547 264.1896583 177.4867221 492.1846848 652.6176944 1016.520640 13558.93981 7136.076050 291434.2789 317316.8085 314800.8931 349972.6113 391452.7452 469315.1336 517677.8504 560015.6411 567649.1137 587204.2663 633697.9853 671280.2001 766534.1643 839271.9112 1020815.505 1107490.517 1247892.249 1522888.979 1775058.027 2083958.161 2258239.273 2859855.373 3558290.862 4213589.469 4826863.346 11241233.03
      sorted:	 25.00000000 25.00000000 25.00000000 25.00000000 25.00000000 177.4867221 264.1896583 492.1846848 652.6176944 1016.520640 7136.076050 13558.93981 16973.92547 22881.63470 25233.14350 31544.45625 39776.07068 45320.35573 53024.26386 57495.73978 64571.51709 72503.34513 80392.92129 95951.62657 111218.9642 121102.8419 127752.4552 138294.5074 147417.5051 154359.8996 162976.6193 166476.9273 174085.3108 175713.2576 178703.4821 188193.7263 191828.4430 195683.8629 196728.0896 197297.1200 200770.9453 201674.6335 203776.9775 209922.3004 211051.6530 217486.9910 221591.6984 229544.3989 231366.6747 233668.7314 241667.7148 255702.8496 271945.9489 278853.3540 291434.2789 314800.8931 317316.8085 349972.6113 391452.7452 469315.1336 517677.8504 560015.6411 567649.1137 587204.2663 633697.9853 671280.2001 766534.1643 839271.9112 1020815.505 1107490.517 1247892.249 1522888.979 1775058.027 2083958.161 2258239.273 2859855.373 3558290.862 4213589.469 4826863.346 11241233.03
