    unsorted:	 190597.5343 186767.0809 184403.5055 199472.4079 200014.1916 198286.5244 209599.0453 209155.0100 213165.2040 176809.3260 219370.1504 168223.2968 170197.4473 162821.0536 156665.1898 152574.6635 225051.9973 229298.6472 228487.1480 230164.8462 148470.4994 238074.6647 240133.8056 141302.9718 135125.9188 124579.1907 119983.4257 111472.0329 253865.4410 105283.2069 88401.86043 86156.08364 66067.74270 61882.03920 52433.54372 44939.44081 41484.79593 28948.57674 13869.35889 10723.50590 9432.017538 370065.4321 368739.1823 575539.2468 5558889.604 5564787.800 5573887.826 5615320.805 5610485.518 5537886.010 5626593.644 5503670.849 5482835.602 5657604.478 5689180.464 5426572.265 5711343.839 5386501.400 5362716.475 5291457.854 5278665.339 5843275.542 5181588.192 5157426.243 5921012.905 5066656.871 6017929.118 4880529.104 6165718.578 4660447.531 6315881.989 6703873.376 10375196.79 2050108901.
      sorted:	 9432.017538 10723.50590 13869.35889 28948.57674 41484.79593 44939.44081 52433.54372 61882.03920 66067.74270 86156.08364 88401.86043 105283.2069 111472.0329 119983.4257 124579.1907 135125.9188 141302.9718 148470.4994 152574.6635 156665.1898 162821.0536 168223.2968 170197.4473 176809.3260 184403.5055 186767.0809 190597.5343 198286.5244 199472.4079 200014.1916 209155.0100 209599.0453 213165.2040 219370.1504 225051.9973 228487.1480 229298.6472 230164.8462 238074.6647 240133.8056 253865.4410 368739.1823 370065.4321 575539.2468 4660447.531 4880529.104 5066656.871 5157426.243 5181588.192 5278665.339 5291457.854 5362716.475 5386501.400 5426572.265 5482835.602 5503670.849 5537886.010 5558889.604 5564787.800 5573887.826 5610485.518 5615320.805 5626593.644 5657604.478 5689180.464 5711343.839 5843275.542 5921012.905 6017929.118 6165718.578 6315881.989 6703873.376 10375196.79 2050108901.
