    unsorted:	 198592.3159 199272.1312 197474.8091 201618.4484 205783.5415 207215.0029 209710.7340 190430.4022 188590.1552 186316.8391 182271.2871 214269.6458 215981.0370 174656.7835 227617.2963 228298.6429 166619.9978 168011.2495 160289.2790 234922.4006 235595.9908 237722.7352 155456.0730 242721.5620 149327.1770 250842.1540 144195.0652 132198.5601 126706.5991 259180.0119 117344.2404 107603.0064 99670.73778 92060.78563 276907.3910 78112.39051 287657.9602 65776.36175 57408.55034 50409.55621 40002.05811 43045.27707 34524.71881 28229.45347 22812.66438 21215.81068 13456.35118 12644.18808 6855.070816 471.1312843 326162.3274 370065.1318 387401.0733 421281.2293 453385.8005 457524.1331 477739.9952 505990.3761 537559.1456 543817.0960 624236.5244 667947.3004 803684.3322 872543.7436 977701.3753 1205424.286 1389144.099 1648741.196 1807875.080 2361128.762 3116738.623 3583694.463 7398269.944 11423127.43
      sorted:	 471.1312843 6855.070816 12644.18808 13456.35118 21215.81068 22812.66438 28229.45347 34524.71881 40002.05811 43045.27707 50409.55621 57408.55034 65776.36175 78112.39051 92060.78563 99670.73778 107603.0064 117344.2404 126706.5991 132198.5601 144195.0652 149327.1770 155456.0730 160289.2790 166619.9978 168011.2495 174656.7835 182271.2871 186316.8391 188590.1552 190430.4022 197474.8091 198592.3159 199272.1312 201618.4484 205783.5415 207215.0029 209710.7340 214269.6458 215981.0370 227617.2963 228298.6429 234922.4006 235595.9908 237722.7352 242721.5620 250842.1540 259180.0119 276907.3910 287657.9602 326162.3274 370065.1318 387401.0733 421281.2293 453385.8005 457524.1331 477739.9952 505990.3761 537559.1456 543817.0960 624236.5244 667947.3004 803684.3322 872543.7436 977701.3753 1205424.286 1389144.099 1648741.196 1807875.080 2361128.762 3116738.623 3583694.463 7398269.944 11423127.43
