    unsorted:	 196674.0206 195442.5883 188381.0108 186433.9260 183841.2485 199744.3054 180498.8501 203276.6934 208181.0533 171398.5290 169377.2267 164812.2523 159351.4635 155688.0202 214519.7626 217080.1216 219318.8267 225369.5606 227806.8272 234504.2229 234600.6927 233439.9336 151332.1102 144919.0340 136415.8593 124571.4754 118844.3945 111690.5206 105750.8078 91186.48277 86738.08167 80404.04034 267962.6895 61605.27152 51638.83702 43665.98092 37338.70979 22379.28643 15704.38043 10143.48799 6073.858317 370068.7672 368792.3334 576264.1073 5556290.707 5560196.192 5571075.118 5538697.065 5616221.983 5610886.020 5624443.854 5650652.165 5503974.727 5483863.706 5673310.538 5424556.516 5708655.234 5392093.023 5369027.526 5292179.678 5296415.957 5250352.183 5832426.625 5170056.754 5110806.939 5910069.777 6003806.522 4913619.799 6138237.697 4672691.890 6300632.716 6706584.157 10228030.68 2052075113.
      sorted:	 6073.858317 10143.48799 15704.38043 22379.28643 37338.70979 43665.98092 51638.83702 61605.27152 80404.04034 86738.08167 91186.48277 105750.8078 111690.5206 118844.3945 124571.4754 136415.8593 144919.0340 151332.1102 155688.0202 159351.4635 164812.2523 169377.2267 171398.5290 180498.8501 183841.2485 186433.9260 188381.0108 195442.5883 196674.0206 199744.3054 203276.6934 208181.0533 214519.7626 217080.1216 219318.8267 225369.5606 227806.8272 233439.9336 234504.2229 234600.6927 267962.6895 368792.3334 370068.7672 576264.1073 4672691.890 4913619.799 5110806.939 5170056.754 5250352.183 5292179.678 5296415.957 5369027.526 5392093.023 5424556.516 5483863.706 5503974.727 5538697.065 5556290.707 5560196.192 5571075.118 5610886.020 5616221.983 5624443.854 5650652.165 5673310.538 5708655.234 5832426.625 5910069.777 6003806.522 6138237.697 6300632.716 6706584.157 10228030.68 2052075113.
