    unsorted:	 212017.7665 213389.0987 207058.4261 216599.2967 218737.8072 201786.4867 198763.5060 197631.7476 191558.7199 191803.8472 221733.4268 224928.5841 181782.5874 176002.8046 172648.0409 167703.2615 155246.7134 155764.9632 160748.3930 147553.7998 142300.5420 236107.6214 135633.4852 242772.0571 246709.0209 123666.0619 119648.9542 109762.0982 104669.9580 90760.63172 86816.86658 262789.7661 72439.28681 62934.73083 52961.14999 41721.92930 38776.85188 21875.32253 14508.94857 10218.52057 4175.840861 370066.4700 368811.7890 576384.9566 5614247.525 5615147.791 5623901.409 5556917.878 5563458.413 5577082.614 5533520.427 5649308.197 5502555.399 5482677.906 5689165.466 5423122.445 5714090.217 5387299.610 5371009.037 5297782.868 5285771.576 5234912.567 5169408.305 5838723.715 5110931.404 5913997.076 6003620.150 4915380.347 6128577.992 4679312.342 6297035.778 6728342.828 10233472.49 2051290189.
      sorted:	 4175.840861 10218.52057 14508.94857 21875.32253 38776.85188 41721.92930 52961.14999 62934.73083 72439.28681 86816.86658 90760.63172 104669.9580 109762.0982 119648.9542 123666.0619 135633.4852 142300.5420 147553.7998 155246.7134 155764.9632 160748.3930 167703.2615 172648.0409 176002.8046 181782.5874 191558.7199 191803.8472 197631.7476 198763.5060 201786.4867 207058.4261 212017.7665 213389.0987 216599.2967 218737.8072 221733.4268 224928.5841 236107.6214 242772.0571 246709.0209 262789.7661 368811.7890 370066.4700 576384.9566 4679312.342 4915380.347 5110931.404 5169408.305 5234912.567 5285771.576 5297782.868 5371009.037 5387299.610 5423122.445 5482677.906 5502555.399 5533520.427 5556917.878 5563458.413 5577082.614 5614247.525 5615147.791 5623901.409 5649308.197 5689165.466 5714090.217 5838723.715 5913997.076 6003620.150 6128577.992 6297035.778 6728342.828 10233472.49 2051290189.
