    unsorted:	 204382.5991 204154.4806 204877.5889 200748.9625 202175.5979 200131.2415 198621.9632 207974.8989 213545.4046 214767.1521 190319.2280 185187.0252 177953.7056 179801.1251 224111.7311 170370.6144 167258.4492 165810.2610 227089.8377 231677.1507 234213.5234 156824.2899 153532.9204 241597.1955 246033.1871 142789.1885 134506.4302 129794.4277 257305.3974 118474.2066 108699.0711 267078.2141 98934.55825 93021.17799 275443.3243 79487.61052 70824.58917 59773.29830 52525.61619 41316.74022 44703.45803 35576.13041 28365.30235 22689.50975 21517.49177 13473.84550 12969.36583 293472.9625 7067.981584 504.0464702 334026.2451 370071.1406 393564.0543 436526.0493 467521.6715 472377.0005 488606.1880 519146.7189 537968.1591 559248.2476 641703.3706 684616.2561 816521.0574 898125.8143 989132.2521 1213369.316 1415136.511 1663839.201 1841740.118 2357860.784 3158877.160 3519690.781 7491619.296 11515552.10
      sorted:	 504.0464702 7067.981584 12969.36583 13473.84550 21517.49177 22689.50975 28365.30235 35576.13041 41316.74022 44703.45803 52525.61619 59773.29830 70824.58917 79487.61052 93021.17799 98934.55825 108699.0711 118474.2066 129794.4277 134506.4302 142789.1885 153532.9204 156824.2899 165810.2610 167258.4492 170370.6144 177953.7056 179801.1251 185187.0252 190319.2280 198621.9632 200131.2415 200748.9625 202175.5979 204154.4806 204382.5991 204877.5889 207974.8989 213545.4046 214767.1521 224111.7311 227089.8377 231677.1507 234213.5234 241597.1955 246033.1871 257305.3974 267078.2141 275443.3243 293472.9625 334026.2451 370071.1406 393564.0543 436526.0493 467521.6715 472377.0005 488606.1880 519146.7189 537968.1591 559248.2476 641703.3706 684616.2561 816521.0574 898125.8143 989132.2521 1213369.316 1415136.511 1663839.201 1841740.118 2357860.784 3158877.160 3519690.781 7491619.296 11515552.10
