    unsorted:	 25.00000000 25.00000000 25.00000000 25.00000000 25.00000000 192449.2382 194813.5543 189409.0778 186504.7163 199241.3406 203828.6146 204706.1859 206860.9102 209862.5606 212691.3337 214745.3828 180443.9785 218652.1230 175342.5158 174528.9819 168005.9874 165817.2314 160698.7090 228429.4728 234463.6027 240696.5119 149496.9671 140470.4223 254530.0827 255884.2629 129343.7042 118775.1228 108772.2154 95243.76230 85485.55681 74831.39573 65331.58363 55255.11646 47163.13792 45407.23330 40633.63840 32390.59941 25605.04355 23017.99939 17138.43352 263.5465154 197.8063618 478.5117425 658.3360841 1058.115647 14069.94549 7315.612327 280076.1499 292277.8170 299237.6143 322934.2815 330108.3972 362880.1387 399309.6405 478953.6023 539824.7360 579101.4728 585091.1817 610433.2341 650401.0511 701239.8178 801240.1125 856079.9932 1028365.950 1114448.415 1247850.115 1499274.145 1731695.774 2075351.710 2261902.351 2808891.431 3548328.256 4114770.061 4807828.821 11078581.27
      sorted:	 25.00000000 25.00000000 25.00000000 25.00000000 25.00000000 197.8063618 263.5465154 478.5117425 658.3360841 1058.115647 7315.612327 14069.94549 17138.43352 23017.99939 25605.04355 32390.59941 40633.63840 45407.23330 47163.13792 55255.11646 65331.58363 74831.39573 85485.55681 95243.76230 108772.2154 118775.1228 129343.7042 140470.4223 149496.9671 160698.7090 165817.2314 168005.9874 174528.9819 175342.5158 180443.9785 186504.7163 189409.0778 192449.2382 194813.5543 199241.3406 203828.6146 204706.1859 206860.9102 209862.5606 212691.3337 214745.3828 218652.1230 228429.4728 234463.6027 240696.5119 254530.0827 255884.2629 280076.1499 292277.8170 299237.6143 322934.2815 330108.3972 362880.1387 399309.6405 478953.6023 539824.7360 579101.4728 585091.1817 610433.2341 650401.0511 701239.8178 801240.1125 856079.9932 1028365.950 1114448.415 1247850.115 1499274.145 1731695.774 2075351.710 2261902.351 2808891.431 3548328.256 4114770.061 4807828.821 11078581.27
