    unsorted:	 206862.0848 205134.0957 203549.2230 202085.3088 208403.2456 211824.6995 193721.6852 192869.7102 192388.8662 189037.2665 188127.4112 185169.6563 218111.4132 175644.4939 169748.9704 168842.0893 224724.7312 227813.5859 230524.2135 231214.5967 162951.9673 158936.1451 152793.4202 242845.3872 243315.8546 144796.5200 252485.9480 134404.3754 127558.3129 118186.8646 105485.0868 100399.7552 89735.57606 273454.9463 275996.3952 79404.49125 66746.54680 59844.68317 57243.83538 44599.99251 38493.63569 35695.37273 29662.73100 20373.66001 21957.19267 13469.77496 12929.18259 7065.322266 300171.3877 442.8534517 333997.8727 370067.1087 388473.6962 446727.4304 468788.4630 475281.0781 484868.0341 515205.3610 537129.1021 560945.4191 651994.1625 682809.2592 818572.1439 900665.3773 978688.2513 1213170.509 1388264.815 1659013.988 1821932.423 2356986.354 3122088.819 3480564.804 7405235.945 11414208.13
      sorted:	 442.8534517 7065.322266 12929.18259 13469.77496 20373.66001 21957.19267 29662.73100 35695.37273 38493.63569 44599.99251 57243.83538 59844.68317 66746.54680 79404.49125 89735.57606 100399.7552 105485.0868 118186.8646 127558.3129 134404.3754 144796.5200 152793.4202 158936.1451 162951.9673 168842.0893 169748.9704 175644.4939 185169.6563 188127.4112 189037.2665 192388.8662 192869.7102 193721.6852 202085.3088 203549.2230 205134.0957 206862.0848 208403.2456 211824.6995 218111.4132 224724.7312 227813.5859 230524.2135 231214.5967 242845.3872 243315.8546 252485.9480 273454.9463 275996.3952 300171.3877 333997.8727 370067.1087 388473.6962 446727.4304 468788.4630 475281.0781 484868.0341 515205.3610 537129.1021 560945.4191 651994.1625 682809.2592 818572.1439 900665.3773 978688.2513 1213170.509 1388264.815 1659013.988 1821932.423 2356986.354 3122088.819 3480564.804 7405235.945 11414208.13
