    unsorted:	 187253.9235 188795.2707 185982.1351 192932.4531 195547.9577 179975.2708 175353.4158 171745.2160 168328.6599 201214.4667 208785.7481 212976.4477 215142.8339 216747.3195 218070.8548 221813.1019 225895.9835 226304.3160 160705.0572 159986.8260 152651.1894 234149.2217 237766.7075 143330.9936 136236.3651 125065.5266 120207.5613 111994.3891 254819.8982 105303.0750 86629.59726 82124.45124 72308.21365 60444.75323 51099.88743 39134.47435 36244.98482 23375.71807 17505.57821 10314.34225 9188.439029 370075.1562 368767.4982 575923.6099 5562981.536 5554628.994 5569887.643 5536252.692 5613066.248 5605862.440 5625277.677 5501408.520 5481032.742 5651271.828 5691815.330 5423284.156 5389857.225 5366444.653 5717501.338 5305175.279 5290460.759 5232293.084 5167275.678 5832111.050 5097858.999 5919324.605 5999422.353 4894475.006 6131634.830 4666972.307 6298782.445 6720580.996 10187297.33 2050850023.
      sorted:	 9188.439029 10314.34225 17505.57821 23375.71807 36244.98482 39134.47435 51099.88743 60444.75323 72308.21365 82124.45124 86629.59726 105303.0750 111994.3891 120207.5613 125065.5266 136236.3651 143330.9936 152651.1894 159986.8260 160705.0572 168328.6599 171745.2160 175353.4158 179975.2708 185982.1351 187253.9235 188795.2707 192932.4531 195547.9577 201214.4667 208785.7481 212976.4477 215142.8339 216747.3195 218070.8548 221813.1019 225895.9835 226304.3160 234149.2217 237766.7075 254819.8982 368767.4982 370075.1562 575923.6099 4666972.307 4894475.006 5097858.999 5167275.678 5232293.084 5290460.759 5305175.279 5366444.653 5389857.225 5423284.156 5481032.742 5501408.520 5536252.692 5554628.994 5562981.536 5569887.643 5605862.440 5613066.248 5625277.677 5651271.828 5691815.330 5717501.338 5832111.050 5919324.605 5999422.353 6131634.830 6298782.445 6720580.996 10187297.33 2050850023.
