    unsorted:	 191615.0692 189079.9224 195740.2338 200678.6389 201301.1721 186735.0552 205274.1262 209724.0567 215808.8504 218148.5217 219577.3646 221237.8712 176281.4500 173464.2172 167348.5722 226902.8066 161240.0634 158008.1442 155044.4342 150319.3307 231534.9329 141696.8541 238724.6472 242538.7425 134463.1352 122545.2187 119009.2362 256437.9923 104889.6831 99144.75671 91033.85834 84584.99277 74244.30930 60173.12170 48784.37900 43867.57926 43309.84793 23515.37737 17431.15276 10207.78344 7236.047212 370072.5177 368769.9230 575892.9759 5612476.340 5608018.022 5565550.952 5556789.739 5580121.997 5624488.613 5536437.798 5502836.260 5482154.533 5655536.096 5693124.867 5421917.686 5714968.746 5385365.943 5363105.544 5299476.315 5275039.306 5226888.480 5165009.625 5842583.173 5095410.991 5917542.627 6012906.515 4899377.659 6140853.949 4667674.011 6302787.850 6780330.895 10353996.95 2051653335.
      sorted:	 7236.047212 10207.78344 17431.15276 23515.37737 43309.84793 43867.57926 48784.37900 60173.12170 74244.30930 84584.99277 91033.85834 99144.75671 104889.6831 119009.2362 122545.2187 134463.1352 141696.8541 150319.3307 155044.4342 158008.1442 161240.0634 167348.5722 173464.2172 176281.4500 186735.0552 189079.9224 191615.0692 195740.2338 200678.6389 201301.1721 205274.1262 209724.0567 215808.8504 218148.5217 219577.3646 221237.8712 226902.8066 231534.9329 238724.6472 242538.7425 256437.9923 368769.9230 370072.5177 575892.9759 4667674.011 4899377.659 5095410.991 5165009.625 5226888.480 5275039.306 5299476.315 5363105.544 5385365.943 5421917.686 5482154.533 5502836.260 5536437.798 5556789.739 5565550.952 5580121.997 5608018.022 5612476.340 5624488.613 5655536.096 5693124.867 5714968.746 5842583.173 5917542.627 6012906.515 6140853.949 6302787.850 6780330.895 10353996.95 2051653335.
