    unsorted:	 167226.5643 167608.4491 158442.4152 163942.3808 174593.5643 180395.9425 184044.2818 186889.3959 193389.0011 196726.0451 150690.2612 149458.4942 204902.7075 206683.4957 208448.1599 141919.2785 220878.2997 219657.3596 223837.5141 225480.4202 228839.8937 230180.4512 134793.2853 240123.2297 240837.6057 124549.3182 119311.3724 110973.2270 104936.3110 86013.06998 87928.31339 76763.43609 259823.4427 63222.55389 52660.66708 41221.86297 39875.64354 26251.60459 17534.15900 10416.04136 9076.860482 370062.4920 368814.4111 575955.3710 5611775.965 5610397.465 5622108.697 5574095.986 5563774.237 5553858.400 5538061.462 5652198.207 5507081.387 5671313.023 5483676.217 5427476.025 5707732.901 5394330.459 5371918.964 5298815.967 5303991.499 5243139.163 5835637.838 5162262.917 5103518.574 5917377.198 6001968.402 4893214.251 6144761.377 4660813.680 6321979.682 6721671.589 10125632.59 2052382505.
      sorted:	 9076.860482 10416.04136 17534.15900 26251.60459 39875.64354 41221.86297 52660.66708 63222.55389 76763.43609 86013.06998 87928.31339 104936.3110 110973.2270 119311.3724 124549.3182 134793.2853 141919.2785 149458.4942 150690.2612 158442.4152 163942.3808 167226.5643 167608.4491 174593.5643 180395.9425 184044.2818 186889.3959 193389.0011 196726.0451 204902.7075 206683.4957 208448.1599 219657.3596 220878.2997 223837.5141 225480.4202 228839.8937 230180.4512 240123.2297 240837.6057 259823.4427 368814.4111 370062.4920 575955.3710 4660813.680 4893214.251 5103518.574 5162262.917 5243139.163 5298815.967 5303991.499 5371918.964 5394330.459 5427476.025 5483676.217 5507081.387 5538061.462 5553858.400 5563774.237 5574095.986 5610397.465 5611775.965 5622108.697 5652198.207 5671313.023 5707732.901 5835637.838 5917377.198 6001968.402 6144761.377 6321979.682 6721671.589 10125632.59 2052382505.
