    unsorted:	 198426.8260 197740.6619 205872.2944 207031.6208 201917.3528 209175.5063 212087.9643 191974.7648 190435.6859 214298.8090 183430.5527 178056.7129 169822.0691 171066.5554 166777.8354 160536.6652 158627.5915 222869.9047 151464.1985 228656.2670 230834.8752 143626.1821 137035.5616 237537.0652 242190.6629 126518.4874 119113.4200 114962.3131 105574.9903 90103.36122 85573.69471 267236.4959 65161.22281 55161.73884 45828.05103 40825.76853 31336.63840 32638.19557 18890.17374 10173.45763 6825.789172 370071.0922 368793.9263 576119.2638 5558377.835 5562545.776 5573766.729 5616679.726 5606203.976 5622151.549 5538465.405 5648972.258 5501873.633 5482364.845 5689158.846 5422046.635 5717655.261 5387164.017 5358547.150 5291066.254 5284176.076 5219734.882 5835991.489 5156800.294 5099500.306 5932369.939 6013201.519 4883906.902 6152472.161 4647737.048 6326426.511 6711880.737 10184997.39 2050293280.
      sorted:	 6825.789172 10173.45763 18890.17374 31336.63840 32638.19557 40825.76853 45828.05103 55161.73884 65161.22281 85573.69471 90103.36122 105574.9903 114962.3131 119113.4200 126518.4874 137035.5616 143626.1821 151464.1985 158627.5915 160536.6652 166777.8354 169822.0691 171066.5554 178056.7129 183430.5527 190435.6859 191974.7648 197740.6619 198426.8260 201917.3528 205872.2944 207031.6208 209175.5063 212087.9643 214298.8090 222869.9047 228656.2670 230834.8752 237537.0652 242190.6629 267236.4959 368793.9263 370071.0922 576119.2638 4647737.048 4883906.902 5099500.306 5156800.294 5219734.882 5284176.076 5291066.254 5358547.150 5387164.017 5422046.635 5482364.845 5501873.633 5538465.405 5558377.835 5562545.776 5573766.729 5606203.976 5616679.726 5622151.549 5648972.258 5689158.846 5717655.261 5835991.489 5932369.939 6013201.519 6152472.161 6326426.511 6711880.737 10184997.39 2050293280.
