    unsorted:	 169794.1659 172541.2543 167895.2758 177711.5465 180650.8292 161881.6002 162073.9670 188096.5166 190008.4803 194980.1723 196247.0235 200814.0464 202547.0704 216609.9166 216883.0085 213607.0605 218090.5143 154107.7377 225490.1205 226414.3447 228927.5685 144356.0576 235400.5986 236580.6707 138613.9449 127469.0262 119754.1331 116780.8603 257621.9432 104771.3835 89469.33751 86008.94006 66978.57395 55110.81637 47542.22475 42648.21010 38729.05052 27106.72084 13852.01835 9902.129341 4768.114514 370073.7847 368735.4638 575723.5427 5615136.380 5609158.504 5563058.038 5554976.756 5569686.773 5534027.199 5624259.663 5501775.477 5482544.265 5651059.847 5689527.658 5422233.392 5716503.125 5385511.739 5367095.070 5295455.421 5274859.788 5194393.749 5168220.453 5846417.695 5915731.570 5067760.529 6011786.087 4895885.555 6160216.040 4673586.269 6306518.522 6717653.542 10427052.59 2049528276.
      sorted:	 4768.114514 9902.129341 13852.01835 27106.72084 38729.05052 42648.21010 47542.22475 55110.81637 66978.57395 86008.94006 89469.33751 104771.3835 116780.8603 119754.1331 127469.0262 138613.9449 144356.0576 154107.7377 161881.6002 162073.9670 167895.2758 169794.1659 172541.2543 177711.5465 180650.8292 188096.5166 190008.4803 194980.1723 196247.0235 200814.0464 202547.0704 213607.0605 216609.9166 216883.0085 218090.5143 225490.1205 226414.3447 228927.5685 235400.5986 236580.6707 257621.9432 368735.4638 370073.7847 575723.5427 4673586.269 4895885.555 5067760.529 5168220.453 5194393.749 5274859.788 5295455.421 5367095.070 5385511.739 5422233.392 5482544.265 5501775.477 5534027.199 5554976.756 5563058.038 5569686.773 5609158.504 5615136.380 5624259.663 5651059.847 5689527.658 5716503.125 5846417.695 5915731.570 6011786.087 6160216.040 6306518.522 6717653.542 10427052.59 2049528276.
