    unsorted:	 25.00000000 25.00000000 25.00000000 25.00000000 25.00000000 196431.0236 195960.2211 198139.1860 198561.5506 193659.9470 201711.7738 191409.5879 204283.5085 208168.3448 211951.2657 219033.5033 179612.6563 223429.2204 173913.9232 172556.0759 164925.9360 162884.5523 228245.2079 231506.1632 155539.9610 242389.9088 239499.4500 147930.2873 140325.4342 252166.3949 129745.6913 119240.1108 109411.3046 96044.47871 272029.8078 85628.22813 277696.8479 72037.55610 62062.31249 53941.55248 51587.20386 45644.11142 40640.91363 30290.94856 25123.03119 22959.70608 17147.37746 262.6865906 183.9556664 484.3146052 657.7315143 1015.540363 13692.44777 7233.375594 295562.3873 315799.6238 324251.9565 356313.0572 396088.9989 476328.1512 531391.2013 571399.3679 577223.4221 601942.6076 642485.3836 691273.4866 792992.5396 852395.2596 1032469.082 1114200.143 1243980.473 1516340.025 1723206.415 2061552.359 2242228.651 2798235.132 3537062.602 4112538.349 4811011.070 11000199.52
      sorted:	 25.00000000 25.00000000 25.00000000 25.00000000 25.00000000 183.9556664 262.6865906 484.3146052 657.7315143 1015.540363 7233.375594 13692.44777 17147.37746 22959.70608 25123.03119 30290.94856 40640.91363 45644.11142 51587.20386 53941.55248 62062.31249 72037.55610 85628.22813 96044.47871 109411.3046 119240.1108 129745.6913 140325.4342 147930.2873 155539.9610 162884.5523 164925.9360 172556.0759 173913.9232 179612.6563 191409.5879 193659.9470 195960.2211 196431.0236 198139.1860 198561.5506 201711.7738 204283.5085 208168.3448 211951.2657 219033.5033 223429.2204 228245.2079 231506.1632 239499.4500 242389.9088 252166.3949 272029.8078 277696.8479 295562.3873 315799.6238 324251.9565 356313.0572 396088.9989 476328.1512 531391.2013 571399.3679 577223.4221 601942.6076 642485.3836 691273.4866 792992.5396 852395.2596 1032469.082 1114200.143 1243980.473 1516340.025 1723206.415 2061552.359 2242228.651 2798235.132 3537062.602 4112538.349 4811011.070 11000199.52
