    unsorted:	 25.00000000 25.00000000 25.00000000 25.00000000 25.00000000 198015.9142 197286.3768 193189.2261 195496.2319 192369.8380 187854.2876 203845.6891 212725.9940 179571.6828 177225.1793 209581.5848 214957.0389 175186.8393 220949.6242 224817.4262 230892.0698 163862.3789 159828.3110 154752.4262 237320.0035 244319.6030 143728.0554 139769.5190 247886.9780 254888.2639 129645.3819 118718.8623 107083.7666 92919.50016 85512.26301 278231.1668 71585.55055 60275.52588 56077.94201 46071.37928 43800.71779 40127.91608 30360.55679 25058.04183 21506.94153 16409.67560 260.0347068 187.7520997 496.1968320 653.4459297 1047.205157 13611.67682 7392.469515 286787.7081 304577.3198 322099.8497 327729.8542 364567.5460 402336.4196 478471.3316 523530.6925 556735.5050 566543.8138 593436.4355 631541.3306 676491.9383 770755.9731 833693.3748 1006213.177 1070503.023 1222968.769 1493665.801 1685212.575 2020110.991 2225476.891 2777870.361 3503959.443 4049980.848 4831694.457 10585952.65
      sorted:	 25.00000000 25.00000000 25.00000000 25.00000000 25.00000000 187.7520997 260.0347068 496.1968320 653.4459297 1047.205157 7392.469515 13611.67682 16409.67560 21506.94153 25058.04183 30360.55679 40127.91608 43800.71779 46071.37928 56077.94201 60275.52588 71585.55055 85512.26301 92919.50016 107083.7666 118718.8623 129645.3819 139769.5190 143728.0554 154752.4262 159828.3110 163862.3789 175186.8393 177225.1793 179571.6828 187854.2876 192369.8380 193189.2261 195496.2319 197286.3768 198015.9142 203845.6891 209581.5848 212725.9940 214957.0389 220949.6242 224817.4262 230892.0698 237320.0035 244319.6030 247886.9780 254888.2639 278231.1668 286787.7081 304577.3198 322099.8497 327729.8542 364567.5460 402336.4196 478471.3316 523530.6925 556735.5050 566543.8138 593436.4355 631541.3306 676491.9383 770755.9731 833693.3748 1006213.177 1070503.023 1222968.769 1493665.801 1685212.575 2020110.991 2225476.891 2777870.361 3503959.443 4049980.848 4831694.457 10585952.65
