    unsorted:	 204470.5664 203228.6107 207302.0845 200703.2300 209759.4217 211125.2780 195824.3144 193020.3783 217491.6247 217732.1003 189013.3897 184193.9310 176974.9557 176513.6948 174967.6724 169126.0899 227684.8100 160215.2496 158250.1094 152612.5453 235160.3514 239315.5061 242499.8176 243631.5830 148033.3961 250215.2305 135710.9036 258398.4165 125292.8879 118763.6812 106920.1753 103293.2220 276882.4964 279575.5020 85260.11722 80608.67417 71908.89545 61564.38558 54847.14335 45308.39860 41982.24303 36559.46207 28938.75783 23524.17804 22300.21911 13562.62390 13327.50719 7264.877446 307052.9408 502.5368826 337485.1201 370065.4739 387915.1702 445883.5272 472787.5640 478351.9096 491432.7658 521171.2198 538157.8863 571705.4986 659399.0886 690372.0045 826760.5657 915582.6035 991986.2919 1208629.043 1438414.707 1699980.178 1888254.767 2389734.894 3211827.692 3478591.942 7621380.127 11766910.53
      sorted:	 502.5368826 7264.877446 13327.50719 13562.62390 22300.21911 23524.17804 28938.75783 36559.46207 41982.24303 45308.39860 54847.14335 61564.38558 71908.89545 80608.67417 85260.11722 103293.2220 106920.1753 118763.6812 125292.8879 135710.9036 148033.3961 152612.5453 158250.1094 160215.2496 169126.0899 174967.6724 176513.6948 176974.9557 184193.9310 189013.3897 193020.3783 195824.3144 200703.2300 203228.6107 204470.5664 207302.0845 209759.4217 211125.2780 217491.6247 217732.1003 227684.8100 235160.3514 239315.5061 242499.8176 243631.5830 250215.2305 258398.4165 276882.4964 279575.5020 307052.9408 337485.1201 370065.4739 387915.1702 445883.5272 472787.5640 478351.9096 491432.7658 521171.2198 538157.8863 571705.4986 659399.0886 690372.0045 826760.5657 915582.6035 991986.2919 1208629.043 1438414.707 1699980.178 1888254.767 2389734.894 3211827.692 3478591.942 7621380.127 11766910.53
