    unsorted:	 189626.8155 189271.1268 187362.1009 195935.0979 197618.3583 209579.9770 210060.4773 204748.9821 218556.6360 217770.9295 219550.3596 223836.1003 224101.4267 176897.0327 173162.4132 229088.7894 167402.5644 162860.9036 158123.7785 154789.8366 150593.7023 239695.2287 240382.4398 140286.3179 134051.9557 124586.1357 120252.6583 112396.8710 104790.1655 260354.6492 87254.50247 85001.40861 66616.68662 56716.59868 47685.45023 43062.69307 42439.77064 29070.48332 16926.32625 10137.77137 8573.213996 370069.7035 368812.5001 575900.4280 5558394.505 5562179.266 5575032.720 5615753.612 5607650.485 5623532.112 5538903.544 5645165.966 5503724.993 5483390.937 5693269.358 5425822.542 5715701.106 5388446.629 5363970.244 5306811.132 5275347.101 5219796.596 5834904.611 5155184.601 5100242.191 5934719.605 5998939.978 4890662.521 6153789.720 4669253.451 6319727.072 6709937.275 10147633.84 2051755492.
      sorted:	 8573.213996 10137.77137 16926.32625 29070.48332 42439.77064 43062.69307 47685.45023 56716.59868 66616.68662 85001.40861 87254.50247 104790.1655 112396.8710 120252.6583 124586.1357 134051.9557 140286.3179 150593.7023 154789.8366 158123.7785 162860.9036 167402.5644 173162.4132 176897.0327 187362.1009 189271.1268 189626.8155 195935.0979 197618.3583 204748.9821 209579.9770 210060.4773 217770.9295 218556.6360 219550.3596 223836.1003 224101.4267 229088.7894 239695.2287 240382.4398 260354.6492 368812.5001 370069.7035 575900.4280 4669253.451 4890662.521 5100242.191 5155184.601 5219796.596 5275347.101 5306811.132 5363970.244 5388446.629 5425822.542 5483390.937 5503724.993 5538903.544 5558394.505 5562179.266 5575032.720 5607650.485 5615753.612 5623532.112 5645165.966 5693269.358 5715701.106 5834904.611 5934719.605 5998939.978 6153789.720 6319727.072 6709937.275 10147633.84 2051755492.
