    unsorted:	 176920.9745 181235.8661 184878.1130 188464.6948 173621.9753 169735.6506 196662.0672 200513.2671 198704.6564 167534.3864 208310.7739 212346.7052 215445.7097 215658.8034 158118.6197 151419.8215 150091.5379 223391.4402 225327.7516 229553.0064 230933.1299 233453.8800 142273.0505 136031.9379 125948.5826 119241.1609 115750.4502 245514.6647 104883.1864 91391.79811 84298.80877 262940.2508 68749.62171 55535.24096 46219.97892 40441.52164 32571.47764 22852.69883 12435.84497 10363.90472 9301.421674 370070.8766 368866.1922 576258.4819 5558663.571 5561524.226 5570484.085 5610929.423 5615545.094 5621924.796 5535285.609 5653381.378 5502649.317 5484542.401 5689614.808 5422104.980 5710098.984 5388697.681 5365898.852 5301674.827 5298108.510 5234805.154 5833278.752 5154074.693 5101281.594 5935774.367 6007337.883 4900298.555 6144923.654 4685907.236 6305111.497 6739350.473 10098198.92 2051472020.
      sorted:	 9301.421674 10363.90472 12435.84497 22852.69883 32571.47764 40441.52164 46219.97892 55535.24096 68749.62171 84298.80877 91391.79811 104883.1864 115750.4502 119241.1609 125948.5826 136031.9379 142273.0505 150091.5379 151419.8215 158118.6197 167534.3864 169735.6506 173621.9753 176920.9745 181235.8661 184878.1130 188464.6948 196662.0672 198704.6564 200513.2671 208310.7739 212346.7052 215445.7097 215658.8034 223391.4402 225327.7516 229553.0064 230933.1299 233453.8800 245514.6647 262940.2508 368866.1922 370070.8766 576258.4819 4685907.236 4900298.555 5101281.594 5154074.693 5234805.154 5298108.510 5301674.827 5365898.852 5388697.681 5422104.980 5484542.401 5502649.317 5535285.609 5558663.571 5561524.226 5570484.085 5610929.423 5615545.094 5621924.796 5653381.378 5689614.808 5710098.984 5833278.752 5935774.367 6007337.883 6144923.654 6305111.497 6739350.473 10098198.92 2051472020.
