    unsorted:	 207854.9857 207710.4249 205750.2831 209869.3130 199488.3181 200916.5765 212858.2486 189086.8778 189570.1870 186039.3627 217093.3879 218953.4423 180379.1852 168703.6589 170022.4236 166937.7421 161225.1374 155756.0462 150408.7119 234108.0800 233275.4571 237855.8867 242395.8957 140733.2531 129176.7176 119742.6839 122358.6161 109947.5798 105666.4456 93726.79768 85562.54610 267284.1508 72538.74896 58447.44777 44726.02603 41878.95581 39446.40308 27463.13447 19903.86118 9954.127122 5397.006087 370070.1476 368888.6821 577030.7053 5613289.218 5614569.668 5622157.583 5566435.972 5558789.358 5575055.845 5538010.930 5639448.312 5506949.605 5485829.667 5425587.692 5681540.663 5708371.479 5391812.275 5366103.942 5299440.101 5294449.144 5245285.863 5837104.760 5161892.915 5106820.209 5914077.825 5994337.235 4917139.161 6123644.449 4684410.405 6329907.738 6703726.667 9929704.470 2052045576.
      sorted:	 5397.006087 9954.127122 19903.86118 27463.13447 39446.40308 41878.95581 44726.02603 58447.44777 72538.74896 85562.54610 93726.79768 105666.4456 109947.5798 119742.6839 122358.6161 129176.7176 140733.2531 150408.7119 155756.0462 161225.1374 166937.7421 168703.6589 170022.4236 180379.1852 186039.3627 189086.8778 189570.1870 199488.3181 200916.5765 205750.2831 207710.4249 207854.9857 209869.3130 212858.2486 217093.3879 218953.4423 233275.4571 234108.0800 237855.8867 242395.8957 267284.1508 368888.6821 370070.1476 577030.7053 4684410.405 4917139.161 5106820.209 5161892.915 5245285.863 5294449.144 5299440.101 5366103.942 5391812.275 5425587.692 5485829.667 5506949.605 5538010.930 5558789.358 5566435.972 5575055.845 5613289.218 5614569.668 5622157.583 5639448.312 5681540.663 5708371.479 5837104.760 5914077.825 5994337.235 6123644.449 6329907.738 6703726.667 9929704.470 2052045576.
