    unsorted:	 190534.7073 190310.6409 192288.3497 194251.6202 197586.9176 202826.3124 201830.7703 203990.7613 210607.7828 210361.7724 208488.6244 213731.3470 183803.4418 216351.5223 175573.5988 174827.4790 173979.8940 223741.9347 227842.8625 162939.4756 159769.9733 151023.4365 237868.4567 241110.7419 241703.6724 147156.8745 251744.6723 133675.1111 121295.2734 113105.2665 105655.8822 99341.00980 269852.5917 273057.7442 90229.68944 78266.73389 67661.07821 58005.16864 52824.74328 41890.13533 38736.19413 34704.06231 29019.99639 21991.43770 20993.95880 13459.01396 12724.26141 6960.581797 294202.6854 426.7618023 326611.5475 370068.1136 384504.3459 435689.7906 462928.7763 468012.7019 484895.8869 512767.6860 537776.3295 556136.4209 640912.6986 680078.1470 814825.7652 889858.5754 984733.9673 1192744.970 1383564.606 1651297.607 1789901.146 2343184.008 3075533.627 3502239.716 7346026.921 11296930.94
      sorted:	 426.7618023 6960.581797 12724.26141 13459.01396 20993.95880 21991.43770 29019.99639 34704.06231 38736.19413 41890.13533 52824.74328 58005.16864 67661.07821 78266.73389 90229.68944 99341.00980 105655.8822 113105.2665 121295.2734 133675.1111 147156.8745 151023.4365 159769.9733 162939.4756 173979.8940 174827.4790 175573.5988 183803.4418 190310.6409 190534.7073 192288.3497 194251.6202 197586.9176 201830.7703 202826.3124 203990.7613 208488.6244 210361.7724 210607.7828 213731.3470 216351.5223 223741.9347 227842.8625 237868.4567 241110.7419 241703.6724 251744.6723 269852.5917 273057.7442 294202.6854 326611.5475 370068.1136 384504.3459 435689.7906 462928.7763 468012.7019 484895.8869 512767.6860 537776.3295 556136.4209 640912.6986 680078.1470 814825.7652 889858.5754 984733.9673 1192744.970 1383564.606 1651297.607 1789901.146 2343184.008 3075533.627 3502239.716 7346026.921 11296930.94
