    unsorted:	 184304.7097 185173.9936 192141.1339 191510.7770 178963.6075 200070.6829 201204.7559 207231.9242 210377.2214 214151.8051 174515.1705 217352.9573 219910.8677 220810.6623 225350.1965 170022.7318 166874.6203 228664.5319 160350.6350 158429.4667 233851.8794 234530.4829 149238.0628 143017.3144 136482.9111 124108.7689 119675.3195 113571.7583 105984.5049 260911.3896 95240.97618 84731.83125 66027.35455 59016.51557 51687.73296 43821.72939 42909.05928 28110.70131 15615.46802 10059.88345 8591.405991 370076.3843 368738.1953 575941.7230 5562154.744 5553982.177 5568410.174 5535454.805 5598931.775 5618032.210 5625335.966 5499803.032 5481544.857 5648163.066 5685385.567 5422305.718 5710632.944 5388830.509 5362746.126 5293370.821 5279353.922 5208076.687 5166749.598 5841352.778 5913760.062 5086810.879 6016563.869 4888745.363 6141681.178 4656635.001 6287854.489 6703008.523 10270072.69 2049330046.
      sorted:	 8591.405991 10059.88345 15615.46802 28110.70131 42909.05928 43821.72939 51687.73296 59016.51557 66027.35455 84731.83125 95240.97618 105984.5049 113571.7583 119675.3195 124108.7689 136482.9111 143017.3144 149238.0628 158429.4667 160350.6350 166874.6203 170022.7318 174515.1705 178963.6075 184304.7097 185173.9936 191510.7770 192141.1339 200070.6829 201204.7559 207231.9242 210377.2214 214151.8051 217352.9573 219910.8677 220810.6623 225350.1965 228664.5319 233851.8794 234530.4829 260911.3896 368738.1953 370076.3843 575941.7230 4656635.001 4888745.363 5086810.879 5166749.598 5208076.687 5279353.922 5293370.821 5362746.126 5388830.509 5422305.718 5481544.857 5499803.032 5535454.805 5553982.177 5562154.744 5568410.174 5598931.775 5618032.210 5625335.966 5648163.066 5685385.567 5710632.944 5841352.778 5913760.062 6016563.869 6141681.178 6287854.489 6703008.523 10270072.69 2049330046.
