    unsorted:	 189406.7653 189890.9442 186845.3006 193514.2162 196003.4407 197723.7155 183843.3067 202055.6725 205851.8355 207528.8404 177323.6242 210546.4165 173689.3321 169863.4617 168428.1094 216140.6009 162512.1761 221793.0140 224117.0559 229720.6193 156394.9236 153759.1327 234759.5378 145956.9745 241796.4232 246310.1013 134353.7259 127764.2394 254333.8068 120946.4243 112927.2620 102876.3108 273439.6967 276538.1176 89501.08779 80318.91373 65346.98831 58524.34899 49588.49695 44193.92380 41399.33907 35513.59050 32157.66461 22532.41576 21395.38294 13465.73413 12856.11018 7080.966638 301735.5440 413.3234575 333377.4765 370064.3683 387796.9582 447470.8510 474466.5855 478395.1951 489418.7954 518090.3475 537824.3699 566339.2428 651598.8137 689100.4361 822461.4751 913482.4308 988851.3605 1219851.401 1430350.614 1678511.009 1873434.132 2397488.599 3215980.108 3479487.551 7577252.091 11740945.80
      sorted:	 413.3234575 7080.966638 12856.11018 13465.73413 21395.38294 22532.41576 32157.66461 35513.59050 41399.33907 44193.92380 49588.49695 58524.34899 65346.98831 80318.91373 89501.08779 102876.3108 112927.2620 120946.4243 127764.2394 134353.7259 145956.9745 153759.1327 156394.9236 162512.1761 168428.1094 169863.4617 173689.3321 177323.6242 183843.3067 186845.3006 189406.7653 189890.9442 193514.2162 196003.4407 197723.7155 202055.6725 205851.8355 207528.8404 210546.4165 216140.6009 221793.0140 224117.0559 229720.6193 234759.5378 241796.4232 246310.1013 254333.8068 273439.6967 276538.1176 301735.5440 333377.4765 370064.3683 387796.9582 447470.8510 474466.5855 478395.1951 489418.7954 518090.3475 537824.3699 566339.2428 651598.8137 689100.4361 822461.4751 913482.4308 988851.3605 1219851.401 1430350.614 1678511.009 1873434.132 2397488.599 3215980.108 3479487.551 7577252.091 11740945.80
