    unsorted:	 200498.4020 200253.5030 201777.8285 191567.8214 192379.1098 190472.0620 196370.1327 187237.5592 206811.6398 184496.5545 207978.8059 213739.4324 214898.0766 217019.2206 176295.5841 173111.9348 168893.8476 223859.6544 164549.4265 163084.6348 229134.3254 235430.4343 236178.7292 153412.9862 148701.3390 244352.1991 137777.0925 252228.5130 130858.4974 118744.3290 102349.1066 98468.39668 86626.24347 271019.8474 273697.1568 79669.68834 71887.50059 59760.10777 50883.88696 43790.67803 40717.00370 36037.44348 31573.27733 20755.55244 22178.15250 13462.80276 12822.26788 7026.398044 300800.0530 447.9279102 332864.1767 370072.3667 389069.7949 435382.8223 467706.0649 477081.3216 485901.3738 516325.7001 537593.1245 568905.7772 651365.7526 689754.8492 823438.1182 916620.6784 997758.8826 1209325.806 1428616.605 1688657.194 1867212.676 2391036.501 3195278.566 3478446.238 7566400.547 11636794.51
      sorted:	 447.9279102 7026.398044 12822.26788 13462.80276 20755.55244 22178.15250 31573.27733 36037.44348 40717.00370 43790.67803 50883.88696 59760.10777 71887.50059 79669.68834 86626.24347 98468.39668 102349.1066 118744.3290 130858.4974 137777.0925 148701.3390 153412.9862 163084.6348 164549.4265 168893.8476 173111.9348 176295.5841 184496.5545 187237.5592 190472.0620 191567.8214 192379.1098 196370.1327 200253.5030 200498.4020 201777.8285 206811.6398 207978.8059 213739.4324 214898.0766 217019.2206 223859.6544 229134.3254 235430.4343 236178.7292 244352.1991 252228.5130 271019.8474 273697.1568 300800.0530 332864.1767 370072.3667 389069.7949 435382.8223 467706.0649 477081.3216 485901.3738 516325.7001 537593.1245 568905.7772 651365.7526 689754.8492 823438.1182 916620.6784 997758.8826 1209325.806 1428616.605 1688657.194 1867212.676 2391036.501 3195278.566 3478446.238 7566400.547 11636794.51
