    unsorted:	 199825.3971 199092.2850 198634.6603 195997.2166 194367.0045 203321.6842 203711.3634 190731.6025 190589.3685 206539.0432 208195.3134 183135.6411 178903.9078 216063.3212 173780.9792 171054.0774 162436.5654 159243.7211 224877.4786 228814.7791 230838.4681 235570.9269 155409.1068 151584.4324 241691.6858 245925.8434 138107.0176 132539.4164 257716.4902 119491.9697 273177.0259 274584.6930 102803.4941 99579.07135 85646.75431 80055.69574 73172.79702 59869.85199 50725.50661 42828.22467 39420.39431 35396.36712 28767.96298 22722.30649 21517.90504 13478.72453 12957.38541 7250.566459 304116.5940 413.8446230 335925.9921 370067.0766 385006.0403 444153.0278 469688.8490 475356.3341 488326.6660 517082.4916 537736.8855 566145.6953 650049.3087 682802.9802 810548.0668 886955.8061 973404.6993 1196729.692 1383361.836 1648841.497 1814915.371 2340922.259 3097842.437 3430206.553 7365672.258 11408162.07
      sorted:	 413.8446230 7250.566459 12957.38541 13478.72453 21517.90504 22722.30649 28767.96298 35396.36712 39420.39431 42828.22467 50725.50661 59869.85199 73172.79702 80055.69574 85646.75431 99579.07135 102803.4941 119491.9697 132539.4164 138107.0176 151584.4324 155409.1068 159243.7211 162436.5654 171054.0774 173780.9792 178903.9078 183135.6411 190589.3685 190731.6025 194367.0045 195997.2166 198634.6603 199092.2850 199825.3971 203321.6842 203711.3634 206539.0432 208195.3134 216063.3212 224877.4786 228814.7791 230838.4681 235570.9269 241691.6858 245925.8434 257716.4902 273177.0259 274584.6930 304116.5940 335925.9921 370067.0766 385006.0403 444153.0278 469688.8490 475356.3341 488326.6660 517082.4916 537736.8855 566145.6953 650049.3087 682802.9802 810548.0668 886955.8061 973404.6993 1196729.692 1383361.836 1648841.497 1814915.371 2340922.259 3097842.437 3430206.553 7365672.258 11408162.07
