    unsorted:	 198271.5484 195134.4083 194248.9016 193275.7818 199769.2627 202938.0089 207320.4928 209475.9977 210368.3681 184025.5426 182616.8878 180419.3955 174680.2516 170264.1050 168475.0460 217323.0289 221036.1388 223264.8992 162588.6510 228774.1684 158613.0742 152164.3168 239157.7919 239687.0292 141232.9091 247241.8707 133150.0408 253574.3044 126527.1534 118768.5664 111146.7472 265135.1646 100931.4574 94107.39654 272625.8726 79051.40553 67872.52703 59182.09404 54515.15957 43444.60693 39599.91472 35368.51103 29695.58397 22144.65720 21116.34631 13459.52929 12615.20857 293187.8154 6965.865479 457.4593101 329593.6782 370067.5139 387345.8337 422448.2175 456705.1593 467437.7502 478056.0464 506913.2483 537723.5317 551927.6583 634271.0297 676437.9006 820428.8589 901861.6199 990623.7761 1204156.633 1422333.595 1685151.859 1862117.040 2403837.829 3223730.327 3546736.578 7616702.220 11763582.48
      sorted:	 457.4593101 6965.865479 12615.20857 13459.52929 21116.34631 22144.65720 29695.58397 35368.51103 39599.91472 43444.60693 54515.15957 59182.09404 67872.52703 79051.40553 94107.39654 100931.4574 111146.7472 118768.5664 126527.1534 133150.0408 141232.9091 152164.3168 158613.0742 162588.6510 168475.0460 170264.1050 174680.2516 180419.3955 182616.8878 184025.5426 193275.7818 194248.9016 195134.4083 198271.5484 199769.2627 202938.0089 207320.4928 209475.9977 210368.3681 217323.0289 221036.1388 223264.8992 228774.1684 239157.7919 239687.0292 247241.8707 253574.3044 265135.1646 272625.8726 293187.8154 329593.6782 370067.5139 387345.8337 422448.2175 456705.1593 467437.7502 478056.0464 506913.2483 537723.5317 551927.6583 634271.0297 676437.9006 820428.8589 901861.6199 990623.7761 1204156.633 1422333.595 1685151.859 1862117.040 2403837.829 3223730.327 3546736.578 7616702.220 11763582.48
