    unsorted:	 202773.1158 199759.8243 198637.4333 196805.6639 196250.9301 191507.8229 191706.6516 189127.6983 186375.5624 208029.5713 208934.9290 212030.3068 214067.5680 216998.3777 217396.2291 180007.6415 177759.5555 173872.1304 165076.7319 162360.8986 161596.0944 227475.0167 152904.0219 232905.8299 148216.8754 237939.8863 133660.4478 128817.3183 248841.5338 118098.9846 104573.4514 99222.74813 91184.37131 265713.4411 268432.8582 77580.23117 68786.94542 58698.24466 50884.42728 44397.27357 39334.35509 34428.59986 29105.56256 22562.86034 20465.49951 13452.91208 12460.06389 6724.807305 288140.3999 376.7301147 326992.6842 370066.5683 390663.8743 437220.6902 470850.4897 485935.9681 493917.4144 522626.3107 538578.0475 573118.6587 656918.8654 690482.7165 829925.6633 921708.5449 1005143.094 1217658.239 1427648.521 1695061.330 1863664.924 2362429.221 3179851.844 3558396.722 7453979.767 11498601.54
      sorted:	 376.7301147 6724.807305 12460.06389 13452.91208 20465.49951 22562.86034 29105.56256 34428.59986 39334.35509 44397.27357 50884.42728 58698.24466 68786.94542 77580.23117 91184.37131 99222.74813 104573.4514 118098.9846 128817.3183 133660.4478 148216.8754 152904.0219 161596.0944 162360.8986 165076.7319 173872.1304 177759.5555 180007.6415 186375.5624 189127.6983 191507.8229 191706.6516 196250.9301 196805.6639 198637.4333 199759.8243 202773.1158 208029.5713 208934.9290 212030.3068 214067.5680 216998.3777 217396.2291 227475.0167 232905.8299 237939.8863 248841.5338 265713.4411 268432.8582 288140.3999 326992.6842 370066.5683 390663.8743 437220.6902 470850.4897 485935.9681 493917.4144 522626.3107 538578.0475 573118.6587 656918.8654 690482.7165 829925.6633 921708.5449 1005143.094 1217658.239 1427648.521 1695061.330 1863664.924 2362429.221 3179851.844 3558396.722 7453979.767 11498601.54
