    unsorted:	 171969.4606 168961.1216 178519.8021 184991.5903 188035.0871 190034.4186 195942.1642 165145.3863 200429.2095 202229.7747 207546.7050 160222.6851 215121.8237 213340.5684 217858.1820 220101.7677 221224.9280 225709.4857 155926.8285 149820.5478 230613.3359 144121.1253 236143.7050 137775.5693 243003.5512 127516.0861 120395.4338 118604.4403 249305.0293 106158.1708 93570.68800 86684.93946 75989.05608 59360.09900 46709.00522 44768.21903 35170.78094 22244.62142 13861.47990 9669.677873 6686.839510 370073.5912 368739.7488 575435.4861 5557277.627 5562424.296 5572822.028 5533832.452 5606249.431 5618866.387 5623896.737 5645002.452 5501189.862 5481396.451 5684706.984 5423141.728 5718523.689 5385466.520 5362776.275 5294949.168 5274393.442 5851751.931 5181591.083 5159807.942 5913230.298 5063962.094 6012667.043 4889743.147 6146484.894 4674606.260 6308483.689 6704630.705 10393785.67 2049139508.
      sorted:	 6686.839510 9669.677873 13861.47990 22244.62142 35170.78094 44768.21903 46709.00522 59360.09900 75989.05608 86684.93946 93570.68800 106158.1708 118604.4403 120395.4338 127516.0861 137775.5693 144121.1253 149820.5478 155926.8285 160222.6851 165145.3863 168961.1216 171969.4606 178519.8021 184991.5903 188035.0871 190034.4186 195942.1642 200429.2095 202229.7747 207546.7050 213340.5684 215121.8237 217858.1820 220101.7677 221224.9280 225709.4857 230613.3359 236143.7050 243003.5512 249305.0293 368739.7488 370073.5912 575435.4861 4674606.260 4889743.147 5063962.094 5159807.942 5181591.083 5274393.442 5294949.168 5362776.275 5385466.520 5423141.728 5481396.451 5501189.862 5533832.452 5557277.627 5562424.296 5572822.028 5606249.431 5618866.387 5623896.737 5645002.452 5684706.984 5718523.689 5851751.931 5913230.298 6012667.043 6146484.894 6308483.689 6704630.705 10393785.67 2049139508.
