    unsorted:	 200627.4346 201231.6723 202081.7819 198989.4604 195158.7420 192863.3463 190815.8525 189056.4252 206080.7692 208571.0811 186461.6720 212714.8991 212294.7776 178107.4603 170457.4036 168388.2182 165815.3476 162339.1830 223552.5859 224473.1907 228654.5276 156348.8199 234035.4776 149295.9497 239829.2363 245220.5976 134765.0910 253799.0874 129515.6633 119367.6185 105491.4709 102411.6154 273164.3410 276112.4251 88697.44993 80572.35867 67917.71806 59333.01148 52114.18217 42870.38604 37316.07457 35547.42481 27702.94674 22169.88459 20296.01846 13479.87459 13038.28270 7145.555110 301761.8072 435.5535966 333103.9914 370071.7062 389873.7020 443929.3356 474370.4296 480757.5645 491849.5027 521831.0920 538204.5957 571190.3575 656943.9355 688247.3994 824261.6868 913447.6087 992726.0520 1206949.431 1424061.462 1680508.953 1869198.135 2380143.461 3213386.087 3499377.986 7599167.760 11884597.42
      sorted:	 435.5535966 7145.555110 13038.28270 13479.87459 20296.01846 22169.88459 27702.94674 35547.42481 37316.07457 42870.38604 52114.18217 59333.01148 67917.71806 80572.35867 88697.44993 102411.6154 105491.4709 119367.6185 129515.6633 134765.0910 149295.9497 156348.8199 162339.1830 165815.3476 168388.2182 170457.4036 178107.4603 186461.6720 189056.4252 190815.8525 192863.3463 195158.7420 198989.4604 200627.4346 201231.6723 202081.7819 206080.7692 208571.0811 212294.7776 212714.8991 223552.5859 224473.1907 228654.5276 234035.4776 239829.2363 245220.5976 253799.0874 273164.3410 276112.4251 301761.8072 333103.9914 370071.7062 389873.7020 443929.3356 474370.4296 480757.5645 491849.5027 521831.0920 538204.5957 571190.3575 656943.9355 688247.3994 824261.6868 913447.6087 992726.0520 1206949.431 1424061.462 1680508.953 1869198.135 2380143.461 3213386.087 3499377.986 7599167.760 11884597.42
