    unsorted:	 210581.0399 211286.1436 208428.3792 212717.6767 205293.3924 200640.5936 199515.7306 193143.4132 191955.3859 218776.0628 221703.7410 181042.4330 178691.0507 173312.3037 167781.6435 165883.6217 156048.5847 153686.4373 148364.8137 228928.1192 139131.6452 240195.8595 237180.0900 245562.2178 126994.2125 122530.1983 120008.7882 113567.0348 108500.5881 252092.3151 99005.32426 87678.22369 70665.40232 59816.98455 51868.68886 42934.74487 42204.77305 29139.95674 14491.14835 10254.30495 3557.920286 370073.2181 368799.7006 576067.3197 5618395.234 5612374.251 5626566.898 5559741.304 5567437.027 5577198.698 5536979.582 5655666.472 5502712.355 5482901.812 5680177.819 5422410.885 5710806.559 5387271.879 5366203.101 5292853.986 5295982.219 5210310.128 5836411.907 5163807.386 5921844.285 5081406.634 6007220.775 4903917.729 6132527.014 4679449.919 6315449.541 6724561.626 10258586.81 2050930845.
      sorted:	 3557.920286 10254.30495 14491.14835 29139.95674 42204.77305 42934.74487 51868.68886 59816.98455 70665.40232 87678.22369 99005.32426 108500.5881 113567.0348 120008.7882 122530.1983 126994.2125 139131.6452 148364.8137 153686.4373 156048.5847 165883.6217 167781.6435 173312.3037 178691.0507 181042.4330 191955.3859 193143.4132 199515.7306 200640.5936 205293.3924 208428.3792 210581.0399 211286.1436 212717.6767 218776.0628 221703.7410 228928.1192 237180.0900 240195.8595 245562.2178 252092.3151 368799.7006 370073.2181 576067.3197 4679449.919 4903917.729 5081406.634 5163807.386 5210310.128 5292853.986 5295982.219 5366203.101 5387271.879 5422410.885 5482901.812 5502712.355 5536979.582 5559741.304 5567437.027 5577198.698 5612374.251 5618395.234 5626566.898 5655666.472 5680177.819 5710806.559 5836411.907 5921844.285 6007220.775 6132527.014 6315449.541 6724561.626 10258586.81 2050930845.
