    unsorted:	 196836.3892 196534.7637 199921.7267 193801.8355 192848.1022 202316.2113 204177.2202 188286.0744 210005.3758 211296.9330 211966.6257 180205.5214 176513.6715 217133.0271 171623.7181 168200.4744 165250.4996 164162.9975 227024.0084 227831.8877 229568.1201 234969.0766 154107.3032 150611.4382 240124.4069 243676.0149 136238.7601 129047.5791 255205.2365 117597.1346 106759.2687 267858.9479 97547.59767 275132.0575 83763.05068 77414.80125 65476.17193 57806.23762 49754.42505 41926.62909 38358.10573 35267.89608 28482.01613 24264.30941 21584.31879 13464.29427 12861.85222 7002.275306 293388.4962 473.2863525 330483.2461 370070.2529 386770.7112 428835.4840 460261.0288 463230.0798 477696.7529 508432.9460 537484.4891 547559.4313 629704.4032 670831.3413 807470.1036 876023.1188 978963.7819 1206161.187 1357510.548 1611116.882 1761199.366 2338273.577 3007806.978 3534367.366 7135247.533 11022871.38
      sorted:	 473.2863525 7002.275306 12861.85222 13464.29427 21584.31879 24264.30941 28482.01613 35267.89608 38358.10573 41926.62909 49754.42505 57806.23762 65476.17193 77414.80125 83763.05068 97547.59767 106759.2687 117597.1346 129047.5791 136238.7601 150611.4382 154107.3032 164162.9975 165250.4996 168200.4744 171623.7181 176513.6715 180205.5214 188286.0744 192848.1022 193801.8355 196534.7637 196836.3892 199921.7267 202316.2113 204177.2202 210005.3758 211296.9330 211966.6257 217133.0271 227024.0084 227831.8877 229568.1201 234969.0766 240124.4069 243676.0149 255205.2365 267858.9479 275132.0575 293388.4962 330483.2461 370070.2529 386770.7112 428835.4840 460261.0288 463230.0798 477696.7529 508432.9460 537484.4891 547559.4313 629704.4032 670831.3413 807470.1036 876023.1188 978963.7819 1206161.187 1357510.548 1611116.882 1761199.366 2338273.577 3007806.978 3534367.366 7135247.533 11022871.38
