    unsorted:	 156820.5277 156577.1021 158848.9025 152801.5160 165561.8954 172218.5107 179481.4835 187176.6807 185770.9152 189722.2476 192304.8889 193296.2387 202601.4141 207176.5950 210812.0909 213881.1717 217034.9905 217726.2021 221445.6142 225879.6561 227450.1156 143805.3529 233627.2363 136012.0718 124929.4901 119645.7597 113032.5929 245839.8628 106229.5503 88714.80317 86260.56239 73056.05534 270831.1956 57372.23614 47049.30585 41953.27725 38751.00580 25230.62678 15801.71658 10040.55552 8656.066591 370062.8017 368758.9683 575652.3567 5554814.842 5561388.637 5571329.671 5536517.057 5604407.579 5617079.427 5624838.371 5501430.326 5482640.291 5649461.596 5688115.230 5422140.622 5712052.282 5387007.482 5364855.257 5290513.919 5274028.896 5832902.875 5194531.865 5157542.836 5085334.682 5924330.941 6015833.422 4884340.846 6158392.996 4658307.653 6321199.954 6693082.598 10316534.81 2050023892.
      sorted:	 8656.066591 10040.55552 15801.71658 25230.62678 38751.00580 41953.27725 47049.30585 57372.23614 73056.05534 86260.56239 88714.80317 106229.5503 113032.5929 119645.7597 124929.4901 136012.0718 143805.3529 152801.5160 156577.1021 156820.5277 158848.9025 165561.8954 172218.5107 179481.4835 185770.9152 187176.6807 189722.2476 192304.8889 193296.2387 202601.4141 207176.5950 210812.0909 213881.1717 217034.9905 217726.2021 221445.6142 225879.6561 227450.1156 233627.2363 245839.8628 270831.1956 368758.9683 370062.8017 575652.3567 4658307.653 4884340.846 5085334.682 5157542.836 5194531.865 5274028.896 5290513.919 5364855.257 5387007.482 5422140.622 5482640.291 5501430.326 5536517.057 5554814.842 5561388.637 5571329.671 5604407.579 5617079.427 5624838.371 5649461.596 5688115.230 5712052.282 5832902.875 5924330.941 6015833.422 6158392.996 6321199.954 6693082.598 10316534.81 2050023892.
