    unsorted:	 204446.5856 194127.6522 194434.6143 193526.4405 199399.7765 203525.7465 205591.3172 184588.0074 214885.0324 177883.3808 220054.6001 222181.3182 224024.1760 170512.2239 167896.7426 166332.6874 231604.2706 233722.6074 235040.9628 156546.7998 150664.3657 240997.3166 145637.9281 140262.7132 251386.7733 128761.2053 119147.0477 120684.5072 107036.4789 100524.4086 86787.08116 81288.65970 70215.63263 58764.10202 49282.10265 43144.77957 39256.66155 29453.75455 22939.20789 10204.29658 6691.281719 370069.7182 368737.4330 575795.8133 5608893.335 5613812.088 5571479.113 5577678.834 5552633.547 5622648.896 5536332.828 5502629.502 5480336.550 5657198.242 5674632.917 5702407.277 5420391.544 5388402.056 5369700.135 5298353.567 5292648.122 5222431.478 5832196.792 5166977.989 5091554.734 5929590.907 6008034.631 4898217.767 6146979.900 4654468.101 6313371.927 6715123.098 10317024.29 2051280807.
      sorted:	 6691.281719 10204.29658 22939.20789 29453.75455 39256.66155 43144.77957 49282.10265 58764.10202 70215.63263 81288.65970 86787.08116 100524.4086 107036.4789 119147.0477 120684.5072 128761.2053 140262.7132 145637.9281 150664.3657 156546.7998 166332.6874 167896.7426 170512.2239 177883.3808 184588.0074 193526.4405 194127.6522 194434.6143 199399.7765 203525.7465 204446.5856 205591.3172 214885.0324 220054.6001 222181.3182 224024.1760 231604.2706 233722.6074 235040.9628 240997.3166 251386.7733 368737.4330 370069.7182 575795.8133 4654468.101 4898217.767 5091554.734 5166977.989 5222431.478 5292648.122 5298353.567 5369700.135 5388402.056 5420391.544 5480336.550 5502629.502 5536332.828 5552633.547 5571479.113 5577678.834 5608893.335 5613812.088 5622648.896 5657198.242 5674632.917 5702407.277 5832196.792 5929590.907 6008034.631 6146979.900 6313371.927 6715123.098 10317024.29 2051280807.
