    unsorted:	 199457.3507 200448.7089 198455.6192 202128.5985 194841.5190 191264.6821 190571.1092 189807.2448 187818.2145 205651.8829 209449.2185 213509.3875 176024.7001 171589.3521 171991.5408 225014.8995 225444.2138 222664.6314 231639.0521 231470.9897 162462.0201 153948.3933 150625.3124 244279.3879 249947.6027 132850.3372 135421.3278 126640.9333 256006.3038 116697.0735 102399.8644 99027.16133 87067.02871 269476.3702 270747.0311 78811.83780 71007.89929 59368.06604 51440.56789 43060.14105 38330.82012 35637.51373 30950.93147 22282.39569 21192.70792 13468.10654 12921.22599 295173.4915 7014.606856 450.2756618 330341.5258 370065.5144 385156.5624 434699.4135 464287.8580 468534.8018 483486.7212 511536.9969 537891.9828 557342.5309 641987.6370 684111.6087 818856.6055 890119.9372 981094.8989 1203207.759 1390105.468 1657208.174 1811146.167 2347007.287 3094847.446 3540291.564 7370348.206 11354345.48
      sorted:	 450.2756618 7014.606856 12921.22599 13468.10654 21192.70792 22282.39569 30950.93147 35637.51373 38330.82012 43060.14105 51440.56789 59368.06604 71007.89929 78811.83780 87067.02871 99027.16133 102399.8644 116697.0735 126640.9333 132850.3372 135421.3278 150625.3124 153948.3933 162462.0201 171589.3521 171991.5408 176024.7001 187818.2145 189807.2448 190571.1092 191264.6821 194841.5190 198455.6192 199457.3507 200448.7089 202128.5985 205651.8829 209449.2185 213509.3875 222664.6314 225014.8995 225444.2138 231470.9897 231639.0521 244279.3879 249947.6027 256006.3038 269476.3702 270747.0311 295173.4915 330341.5258 370065.5144 385156.5624 434699.4135 464287.8580 468534.8018 483486.7212 511536.9969 537891.9828 557342.5309 641987.6370 684111.6087 818856.6055 890119.9372 981094.8989 1203207.759 1390105.468 1657208.174 1811146.167 2347007.287 3094847.446 3540291.564 7370348.206 11354345.48
