    unsorted:	 25.00000000 25.00000000 25.00000000 25.00000000 25.00000000 194359.0204 194958.9745 197533.7130 198267.6789 192654.5921 200350.5457 201977.5867 206646.5306 187908.8609 213315.6794 178689.7078 176783.4773 219590.3493 219904.0253 215649.8367 174533.9761 225861.1429 166037.0542 163604.5232 231085.9434 235722.5158 156244.9601 146593.7679 248628.1668 134306.0358 254528.9420 122547.1587 110423.7165 104109.5811 264707.1607 91531.62169 79749.49321 71068.55670 62260.41094 60229.87424 57264.14823 46629.96325 39156.15732 31303.71099 24480.04103 21986.51183 262.5634703 144.5879273 506.4583900 647.7564955 946.3201489 16812.14054 13169.89063 7025.176858 287376.6902 306547.5034 316013.7096 343874.1818 386211.5879 471526.3658 520286.6325 553890.5263 560428.1145 585914.6022 627849.2593 669060.5177 766256.4704 840005.5960 1019079.680 1081923.350 1249510.102 1518521.326 1697017.989 2031547.155 2215437.436 2787914.060 3545949.653 4093360.702 4817433.514 10761457.17
      sorted:	 25.00000000 25.00000000 25.00000000 25.00000000 25.00000000 144.5879273 262.5634703 506.4583900 647.7564955 946.3201489 7025.176858 13169.89063 16812.14054 21986.51183 24480.04103 31303.71099 39156.15732 46629.96325 57264.14823 60229.87424 62260.41094 71068.55670 79749.49321 91531.62169 104109.5811 110423.7165 122547.1587 134306.0358 146593.7679 156244.9601 163604.5232 166037.0542 174533.9761 176783.4773 178689.7078 187908.8609 192654.5921 194359.0204 194958.9745 197533.7130 198267.6789 200350.5457 201977.5867 206646.5306 213315.6794 215649.8367 219590.3493 219904.0253 225861.1429 231085.9434 235722.5158 248628.1668 254528.9420 264707.1607 287376.6902 306547.5034 316013.7096 343874.1818 386211.5879 471526.3658 520286.6325 553890.5263 560428.1145 585914.6022 627849.2593 669060.5177 766256.4704 840005.5960 1019079.680 1081923.350 1249510.102 1518521.326 1697017.989 2031547.155 2215437.436 2787914.060 3545949.653 4093360.702 4817433.514 10761457.17
