    unsorted:	 25.00000000 25.00000000 25.00000000 25.00000000 25.00000000 201287.3302 202029.3934 204048.1913 205304.0670 206131.9742 192432.8686 194123.5713 185327.8852 188443.4541 182114.1572 178790.2575 213340.0985 172206.0607 171006.1008 222537.6658 225512.6521 164217.3187 230416.3864 157489.1968 235596.9728 246250.0914 246654.6602 143224.1374 140917.8383 127787.1162 260142.5132 115388.0158 110070.0661 96263.25456 84798.16598 72014.42216 52370.79214 62789.66071 48375.14728 43457.86082 37381.00435 30746.14915 25468.54127 22950.49918 16930.91503 260.0762674 185.9063162 486.6684578 659.8284086 1037.445612 14202.69163 7504.046320 280065.7637 286347.7589 306611.4531 323485.2709 332859.0822 366148.6524 402562.3379 482004.7212 573124.5210 552155.0381 594246.3130 614580.1676 651205.3665 703459.2563 812119.8751 859850.6439 1026752.214 1089408.426 1228956.277 1497301.752 1709180.491 2041128.734 2211210.705 2785151.650 3528859.767 4076923.381 4862972.812 10664539.32
      sorted:	 25.00000000 25.00000000 25.00000000 25.00000000 25.00000000 185.9063162 260.0762674 486.6684578 659.8284086 1037.445612 7504.046320 14202.69163 16930.91503 22950.49918 25468.54127 30746.14915 37381.00435 43457.86082 48375.14728 52370.79214 62789.66071 72014.42216 84798.16598 96263.25456 110070.0661 115388.0158 127787.1162 140917.8383 143224.1374 157489.1968 164217.3187 171006.1008 172206.0607 178790.2575 182114.1572 185327.8852 188443.4541 192432.8686 194123.5713 201287.3302 202029.3934 204048.1913 205304.0670 206131.9742 213340.0985 222537.6658 225512.6521 230416.3864 235596.9728 246250.0914 246654.6602 260142.5132 280065.7637 286347.7589 306611.4531 323485.2709 332859.0822 366148.6524 402562.3379 482004.7212 552155.0381 573124.5210 594246.3130 614580.1676 651205.3665 703459.2563 812119.8751 859850.6439 1026752.214 1089408.426 1228956.277 1497301.752 1709180.491 2041128.734 2211210.705 2785151.650 3528859.767 4076923.381 4862972.812 10664539.32
