    unsorted:	 25.00000000 25.00000000 25.00000000 25.00000000 25.00000000 190966.3218 190024.2398 188620.7696 196032.4779 196911.4254 199171.6025 199917.7579 201401.1850 204508.1750 178704.3624 176536.4477 173793.5251 170744.5756 214282.2696 219707.7268 222016.4921 163374.9377 157407.2990 228965.6742 232733.6913 238003.3427 242184.2866 151296.6912 250174.8004 140081.1203 127219.7913 115044.9272 268357.6276 105281.0235 276086.1323 90934.81661 81274.79316 69078.58204 60658.36533 53655.39145 48653.28292 41809.63357 37313.82733 32358.69469 24856.15856 22210.38060 259.5096284 180.1548043 474.2938639 645.8331170 995.9098179 16278.85557 13686.40350 7112.010487 290059.0591 314763.9415 322104.6313 351666.7390 395138.6263 480558.6515 542053.6002 579233.4981 585109.4173 612665.3030 645819.2776 703509.1188 810815.5388 865045.0165 1037790.663 1112127.450 1249950.811 1521043.403 1723238.707 2063385.897 2239103.676 2794360.403 3548189.779 4079539.039 4809990.125 10782791.74
      sorted:	 25.00000000 25.00000000 25.00000000 25.00000000 25.00000000 180.1548043 259.5096284 474.2938639 645.8331170 995.9098179 7112.010487 13686.40350 16278.85557 22210.38060 24856.15856 32358.69469 37313.82733 41809.63357 48653.28292 53655.39145 60658.36533 69078.58204 81274.79316 90934.81661 105281.0235 115044.9272 127219.7913 140081.1203 151296.6912 157407.2990 163374.9377 170744.5756 173793.5251 176536.4477 178704.3624 188620.7696 190024.2398 190966.3218 196032.4779 196911.4254 199171.6025 199917.7579 201401.1850 204508.1750 214282.2696 219707.7268 222016.4921 228965.6742 232733.6913 238003.3427 242184.2866 250174.8004 268357.6276 276086.1323 290059.0591 314763.9415 322104.6313 351666.7390 395138.6263 480558.6515 542053.6002 579233.4981 585109.4173 612665.3030 645819.2776 703509.1188 810815.5388 865045.0165 1037790.663 1112127.450 1249950.811 1521043.403 1723238.707 2063385.897 2239103.676 2794360.403 3548189.779 4079539.039 4809990.125 10782791.74
