    unsorted:	 25.00000000 25.00000000 25.00000000 25.00000000 25.00000000 197063.4319 196869.2699 203543.7004 201276.8375 204289.4261 192844.2028 191021.7948 186856.6306 211989.1637 215016.2808 220429.5398 178387.9341 225832.9666 229747.5499 230039.1070 175114.1331 171033.7558 165863.1912 163731.3808 158715.3647 237096.1830 236181.0976 147606.4752 140029.6344 250316.2601 130967.5440 124892.6035 116450.2127 269654.7193 274189.4305 98392.60907 84037.42567 70625.69808 59652.51954 53274.14695 51506.40844 44484.91539 40152.04366 32931.19729 261.4547963 178.4029543 479.0863394 651.2616588 999.6936347 25165.26050 22092.95443 16672.86962 13683.45618 7375.885115 302910.6619 314964.5209 336405.8455 370334.7860 400898.1631 476053.8643 543261.1933 573586.2898 581430.1474 601656.2250 639447.2780 690065.3520 794404.5648 851138.7254 1026393.414 1106521.746 1241416.787 1511791.055 1739651.852 2068209.407 2245939.503 2829266.885 3514864.911 4122150.080 4813738.229 11043411.61
      sorted:	 25.00000000 25.00000000 25.00000000 25.00000000 25.00000000 178.4029543 261.4547963 479.0863394 651.2616588 999.6936347 7375.885115 13683.45618 16672.86962 22092.95443 25165.26050 32931.19729 40152.04366 44484.91539 51506.40844 53274.14695 59652.51954 70625.69808 84037.42567 98392.60907 116450.2127 124892.6035 130967.5440 140029.6344 147606.4752 158715.3647 163731.3808 165863.1912 171033.7558 175114.1331 178387.9341 186856.6306 191021.7948 192844.2028 196869.2699 197063.4319 201276.8375 203543.7004 204289.4261 211989.1637 215016.2808 220429.5398 225832.9666 229747.5499 230039.1070 236181.0976 237096.1830 250316.2601 269654.7193 274189.4305 302910.6619 314964.5209 336405.8455 370334.7860 400898.1631 476053.8643 543261.1933 573586.2898 581430.1474 601656.2250 639447.2780 690065.3520 794404.5648 851138.7254 1026393.414 1106521.746 1241416.787 1511791.055 1739651.852 2068209.407 2245939.503 2829266.885 3514864.911 4122150.080 4813738.229 11043411.61
