    unsorted:	 201495.6462 200901.1485 202964.2093 203767.2372 206408.2479 207055.2013 197849.0585 194904.5775 191895.6791 189850.0871 190148.1855 210920.7224 178058.0140 219825.8494 221149.2120 225445.7209 173375.2454 170972.6356 166863.1201 165607.6654 229438.4935 233366.2289 238142.3113 156262.1539 241644.6049 149815.3957 249679.5741 133236.7057 125543.3419 115470.7979 268287.9073 269952.5087 99652.77265 95073.83291 83017.54332 78503.02695 69589.52130 59516.12586 55931.56411 41834.57783 35970.71690 34625.11112 30183.96334 21008.68959 22334.69240 13460.04356 12755.05952 6971.546352 295981.7893 476.8777957 327801.1395 370077.8426 386960.3995 433227.3088 467106.9519 480917.9667 490806.0364 521063.7162 538521.6001 566607.7971 648751.2545 685345.3151 822360.2951 921616.6836 991553.2975 1221710.420 1420751.664 1676123.775 1831190.847 2372466.967 3117677.908 3468967.438 7368342.897 11320634.48
      sorted:	 476.8777957 6971.546352 12755.05952 13460.04356 21008.68959 22334.69240 30183.96334 34625.11112 35970.71690 41834.57783 55931.56411 59516.12586 69589.52130 78503.02695 83017.54332 95073.83291 99652.77265 115470.7979 125543.3419 133236.7057 149815.3957 156262.1539 165607.6654 166863.1201 170972.6356 173375.2454 178058.0140 189850.0871 190148.1855 191895.6791 194904.5775 197849.0585 200901.1485 201495.6462 202964.2093 203767.2372 206408.2479 207055.2013 210920.7224 219825.8494 221149.2120 225445.7209 229438.4935 233366.2289 238142.3113 241644.6049 249679.5741 268287.9073 269952.5087 295981.7893 327801.1395 370077.8426 386960.3995 433227.3088 467106.9519 480917.9667 490806.0364 521063.7162 538521.6001 566607.7971 648751.2545 685345.3151 822360.2951 921616.6836 991553.2975 1221710.420 1420751.664 1676123.775 1831190.847 2372466.967 3117677.908 3468967.438 7368342.897 11320634.48
