    unsorted:	 197669.2500 197065.0385 194875.6050 201474.8114 202222.3365 205057.2398 192352.2162 189136.2678 209866.7204 211498.4958 215298.4440 216273.7469 184334.5441 181052.5729 179860.2053 220766.7429 224375.9559 172899.5966 170906.0416 167477.3863 228135.8707 231956.1521 160039.2839 155349.7769 149946.9680 240572.7502 248101.4243 133952.7659 123778.5539 116318.2461 103191.5582 267317.1519 98653.37954 272596.8971 87787.55423 78059.45919 68553.77780 58489.84092 52082.71782 43155.06811 36199.96314 34369.70723 30135.45862 21959.77009 20979.74292 13455.81734 12609.08465 6943.716290 297487.3362 397.7662713 330262.4322 370075.8051 387710.3775 442760.3337 471036.4090 478803.2534 488590.1246 519176.5984 537951.8724 564580.6269 649781.8818 682426.9815 820059.7151 916189.5596 991870.0822 1222012.690 1432745.295 1682154.713 1850248.433 2377974.734 3163729.686 3445986.503 7528607.325 11558900.63
      sorted:	 397.7662713 6943.716290 12609.08465 13455.81734 20979.74292 21959.77009 30135.45862 34369.70723 36199.96314 43155.06811 52082.71782 58489.84092 68553.77780 78059.45919 87787.55423 98653.37954 103191.5582 116318.2461 123778.5539 133952.7659 149946.9680 155349.7769 160039.2839 167477.3863 170906.0416 172899.5966 179860.2053 181052.5729 184334.5441 189136.2678 192352.2162 194875.6050 197065.0385 197669.2500 201474.8114 202222.3365 205057.2398 209866.7204 211498.4958 215298.4440 216273.7469 220766.7429 224375.9559 228135.8707 231956.1521 240572.7502 248101.4243 267317.1519 272596.8971 297487.3362 330262.4322 370075.8051 387710.3775 442760.3337 471036.4090 478803.2534 488590.1246 519176.5984 537951.8724 564580.6269 649781.8818 682426.9815 820059.7151 916189.5596 991870.0822 1222012.690 1432745.295 1682154.713 1850248.433 2377974.734 3163729.686 3445986.503 7528607.325 11558900.63
