    unsorted:	 201965.5510 200947.4357 200265.5852 203812.5970 197062.3219 195527.8506 194168.5297 192639.6364 206340.3302 190238.4773 209370.1339 210271.9551 213790.1845 216703.6465 179356.9587 174381.4970 171716.6713 228317.0862 233218.9098 235324.3424 159556.5492 156969.7717 152120.9982 244044.8950 247512.8410 142963.0752 137292.4982 256104.5532 127611.6129 121028.2028 110224.1580 271650.6536 274533.8432 100395.0663 87666.84123 79211.37441 66074.20881 59276.62289 55549.43170 43585.85880 38535.53031 35618.37976 32414.87871 20821.45044 22309.56313 13469.49489 12784.73997 7205.256633 299984.8910 446.4697936 335962.9896 370066.8931 387647.4383 433195.2974 463672.8626 468856.5098 482323.6245 509841.8528 538271.0703 554278.4847 637749.3130 681707.1178 813458.7003 901764.5270 981683.1548 1200755.788 1397643.428 1662112.248 1798610.821 2362180.460 3075074.391 3441273.489 7330837.496 11242622.73
      sorted:	 446.4697936 7205.256633 12784.73997 13469.49489 20821.45044 22309.56313 32414.87871 35618.37976 38535.53031 43585.85880 55549.43170 59276.62289 66074.20881 79211.37441 87666.84123 100395.0663 110224.1580 121028.2028 127611.6129 137292.4982 142963.0752 152120.9982 156969.7717 159556.5492 171716.6713 174381.4970 179356.9587 190238.4773 192639.6364 194168.5297 195527.8506 197062.3219 200265.5852 200947.4357 201965.5510 203812.5970 206340.3302 209370.1339 210271.9551 213790.1845 216703.6465 228317.0862 233218.9098 235324.3424 244044.8950 247512.8410 256104.5532 271650.6536 274533.8432 299984.8910 335962.9896 370066.8931 387647.4383 433195.2974 463672.8626 468856.5098 482323.6245 509841.8528 538271.0703 554278.4847 637749.3130 681707.1178 813458.7003 901764.5270 981683.1548 1200755.788 1397643.428 1662112.248 1798610.821 2362180.460 3075074.391 3441273.489 7330837.496 11242622.73
