    unsorted:	 205083.6902 205753.1050 202133.3031 197713.2102 198508.4799 208110.0335 193799.4392 192318.0926 191825.0925 191243.0817 211619.5958 212592.9476 215591.9978 219634.1415 176678.8622 177891.6611 172659.3071 168146.5415 165077.6605 229776.8142 237507.1310 237799.5692 244406.0889 244499.3412 155571.0775 149319.6077 136504.1433 259391.6602 127592.9403 118809.2235 273384.5678 105145.3419 100816.5171 280996.8416 82648.49454 78764.89836 66555.33898 59786.07400 50346.65282 43070.71568 39359.91280 35878.52504 29619.90122 21185.27341 22893.65555 13494.07697 13149.61834 7309.115414 311194.8818 489.4431438 339412.8166 370071.0671 389753.1989 448850.2695 475525.7914 479706.0957 495887.1189 524496.4991 538455.9312 574277.8295 659080.7494 688571.0263 821016.1895 906726.0159 978026.1319 1206252.769 1388496.292 1653528.499 1808130.738 2349448.603 3107336.399 3401503.309 7389183.019 11401619.81
      sorted:	 489.4431438 7309.115414 13149.61834 13494.07697 21185.27341 22893.65555 29619.90122 35878.52504 39359.91280 43070.71568 50346.65282 59786.07400 66555.33898 78764.89836 82648.49454 100816.5171 105145.3419 118809.2235 127592.9403 136504.1433 149319.6077 155571.0775 165077.6605 168146.5415 172659.3071 176678.8622 177891.6611 191243.0817 191825.0925 192318.0926 193799.4392 197713.2102 198508.4799 202133.3031 205083.6902 205753.1050 208110.0335 211619.5958 212592.9476 215591.9978 219634.1415 229776.8142 237507.1310 237799.5692 244406.0889 244499.3412 259391.6602 273384.5678 280996.8416 311194.8818 339412.8166 370071.0671 389753.1989 448850.2695 475525.7914 479706.0957 495887.1189 524496.4991 538455.9312 574277.8295 659080.7494 688571.0263 821016.1895 906726.0159 978026.1319 1206252.769 1388496.292 1653528.499 1808130.738 2349448.603 3107336.399 3401503.309 7389183.019 11401619.81
