    unsorted:	 218509.5526 218186.5397 213328.4185 210547.4390 211069.8045 207925.7823 220105.0159 220893.8408 197960.6762 197703.3231 193627.5112 191572.3391 188944.9846 180325.8931 173201.4414 229964.0894 169083.2418 164280.4055 159276.4159 157142.9382 150004.5441 237010.1424 138519.2116 129914.4821 246289.2663 123847.4548 120357.6335 111594.2159 254468.2100 104431.9257 83886.90624 86449.72990 68097.45220 62571.99791 52166.14920 42498.45700 39339.01651 28642.62464 14454.73935 9847.914833 6148.675268 370071.5024 368855.2228 576108.4852 5616913.788 5612675.344 5625111.285 5559045.776 5565487.840 5576746.196 5541018.080 5648019.485 5504966.584 5483846.897 5686720.423 5424903.734 5712931.749 5389285.869 5362702.942 5294130.672 5303456.598 5228377.698 5837663.742 5157079.416 5926199.592 5089112.768 5990670.575 4891641.189 6136849.468 4680146.374 6322026.267 6747934.746 10077411.16 2052576362.
      sorted:	 6148.675268 9847.914833 14454.73935 28642.62464 39339.01651 42498.45700 52166.14920 62571.99791 68097.45220 83886.90624 86449.72990 104431.9257 111594.2159 120357.6335 123847.4548 129914.4821 138519.2116 150004.5441 157142.9382 159276.4159 164280.4055 169083.2418 173201.4414 180325.8931 188944.9846 191572.3391 193627.5112 197703.3231 197960.6762 207925.7823 210547.4390 211069.8045 213328.4185 218186.5397 218509.5526 220105.0159 220893.8408 229964.0894 237010.1424 246289.2663 254468.2100 368855.2228 370071.5024 576108.4852 4680146.374 4891641.189 5089112.768 5157079.416 5228377.698 5294130.672 5303456.598 5362702.942 5389285.869 5424903.734 5483846.897 5504966.584 5541018.080 5559045.776 5565487.840 5576746.196 5612675.344 5616913.788 5625111.285 5648019.485 5686720.423 5712931.749 5837663.742 5926199.592 5990670.575 6136849.468 6322026.267 6747934.746 10077411.16 2052576362.
