    unsorted:	 190734.9510 188167.9310 189007.1086 197636.8111 195323.9416 199810.3355 185113.0075 204397.9719 208077.5529 207397.0262 211449.3245 213437.6236 216901.6404 175577.4163 174060.1338 169283.1238 165220.4459 221414.7097 226953.3478 156901.7307 151946.6642 151340.5106 147223.1503 232602.8880 239790.9211 134292.4102 244648.6631 129536.2688 250777.8075 117678.2071 104988.1868 98014.20914 84498.55557 266872.1650 269966.4283 76244.15450 65955.83685 59210.17097 55768.13578 44895.99421 41299.79952 34052.61983 30952.70951 21698.93352 20309.20455 13452.38080 12399.24832 6873.606123 292145.0571 369.2445662 328755.0738 370059.0057 387064.5186 436841.5370 461968.5782 467493.8447 482222.5588 512300.4042 537619.0646 553016.8373 635534.2203 675929.0048 811857.8114 888214.3731 977656.5303 1203280.840 1384457.276 1652990.052 1806633.969 2352877.143 3108911.909 3491966.362 7346535.678 11279362.13
      sorted:	 369.2445662 6873.606123 12399.24832 13452.38080 20309.20455 21698.93352 30952.70951 34052.61983 41299.79952 44895.99421 55768.13578 59210.17097 65955.83685 76244.15450 84498.55557 98014.20914 104988.1868 117678.2071 129536.2688 134292.4102 147223.1503 151340.5106 151946.6642 156901.7307 165220.4459 169283.1238 174060.1338 175577.4163 185113.0075 188167.9310 189007.1086 190734.9510 195323.9416 197636.8111 199810.3355 204397.9719 207397.0262 208077.5529 211449.3245 213437.6236 216901.6404 221414.7097 226953.3478 232602.8880 239790.9211 244648.6631 250777.8075 266872.1650 269966.4283 292145.0571 328755.0738 370059.0057 387064.5186 436841.5370 461968.5782 467493.8447 482222.5588 512300.4042 537619.0646 553016.8373 635534.2203 675929.0048 811857.8114 888214.3731 977656.5303 1203280.840 1384457.276 1652990.052 1806633.969 2352877.143 3108911.909 3491966.362 7346535.678 11279362.13
