    unsorted:	 25.00000000 25.00000000 25.00000000 25.00000000 25.00000000 196438.6278 197213.8054 197528.4801 194532.6742 192079.6377 204357.7193 205267.5103 209975.3278 212047.4805 212345.3140 188286.9004 218274.5523 216831.6909 179897.0421 175708.1859 224366.5887 168100.1018 163616.8213 160395.5103 153627.7782 237275.7994 244531.8456 245202.7992 144791.3685 137357.1013 254727.2768 125680.0925 262883.0478 114195.7713 102819.5576 90335.33341 81701.30009 69256.72392 59311.57582 54502.93664 51903.15735 43810.88551 37453.83363 32006.51016 23692.24179 21257.56109 16835.61337 261.6544741 143.2664077 521.7909292 650.5378867 950.4542793 12752.66802 6948.564247 286265.6207 305642.2688 313303.0028 347359.3975 385225.0822 468569.1713 504352.0991 536521.4397 545064.3289 574227.2711 620886.4220 654042.0926 740542.9787 825196.9181 981876.3501 1031169.576 1222539.807 1477293.255 1628064.717 1957435.521 2204570.238 2746553.805 3473060.133 3974306.293 4810198.990 10344680.91
      sorted:	 25.00000000 25.00000000 25.00000000 25.00000000 25.00000000 143.2664077 261.6544741 521.7909292 650.5378867 950.4542793 6948.564247 12752.66802 16835.61337 21257.56109 23692.24179 32006.51016 37453.83363 43810.88551 51903.15735 54502.93664 59311.57582 69256.72392 81701.30009 90335.33341 102819.5576 114195.7713 125680.0925 137357.1013 144791.3685 153627.7782 160395.5103 163616.8213 168100.1018 175708.1859 179897.0421 188286.9004 192079.6377 194532.6742 196438.6278 197213.8054 197528.4801 204357.7193 205267.5103 209975.3278 212047.4805 212345.3140 216831.6909 218274.5523 224366.5887 237275.7994 244531.8456 245202.7992 254727.2768 262883.0478 286265.6207 305642.2688 313303.0028 347359.3975 385225.0822 468569.1713 504352.0991 536521.4397 545064.3289 574227.2711 620886.4220 654042.0926 740542.9787 825196.9181 981876.3501 1031169.576 1222539.807 1477293.255 1628064.717 1957435.521 2204570.238 2746553.805 3473060.133 3974306.293 4810198.990 10344680.91
