    unsorted:	 200935.2694 199684.8898 200226.1171 202286.1619 185160.1394 184813.8014 184056.6741 187537.1305 192844.3987 207246.9645 179267.4588 211392.5943 211964.8876 175084.5810 220638.1767 219067.5977 218297.9110 221807.7165 171991.0263 168569.9552 161666.2325 156612.9464 235432.4901 242886.6409 149112.5556 246841.1917 253258.7784 134121.5262 122281.2786 111065.8371 107373.9333 99700.76519 268193.5836 84528.59761 274777.1381 78875.27300 68422.20353 59110.50515 54074.91733 45960.13754 41610.73557 35332.78053 30512.87741 21939.14381 20642.24806 13464.05302 12823.66002 7030.479030 300063.4167 390.7377748 331174.8845 370068.4497 386147.8391 440612.4579 474375.1188 481663.5411 493661.0173 523357.2257 537606.8840 574021.3822 663235.4205 690429.1204 825355.3016 908167.1750 978997.3897 1199824.757 1393724.478 1666321.053 1824113.058 2343055.995 3092806.963 3463456.827 7340182.750 11288879.84
      sorted:	 390.7377748 7030.479030 12823.66002 13464.05302 20642.24806 21939.14381 30512.87741 35332.78053 41610.73557 45960.13754 54074.91733 59110.50515 68422.20353 78875.27300 84528.59761 99700.76519 107373.9333 111065.8371 122281.2786 134121.5262 149112.5556 156612.9464 161666.2325 168569.9552 171991.0263 175084.5810 179267.4588 184056.6741 184813.8014 185160.1394 187537.1305 192844.3987 199684.8898 200226.1171 200935.2694 202286.1619 207246.9645 211392.5943 211964.8876 218297.9110 219067.5977 220638.1767 221807.7165 235432.4901 242886.6409 246841.1917 253258.7784 268193.5836 274777.1381 300063.4167 331174.8845 370068.4497 386147.8391 440612.4579 474375.1188 481663.5411 493661.0173 523357.2257 537606.8840 574021.3822 663235.4205 690429.1204 825355.3016 908167.1750 978997.3897 1199824.757 1393724.478 1666321.053 1824113.058 2343055.995 3092806.963 3463456.827 7340182.750 11288879.84
