    unsorted:	 25.00000000 25.00000000 25.00000000 25.00000000 25.00000000 185855.8888 187049.6805 184973.9559 181025.3094 196394.0017 196934.2521 200674.8337 203709.3113 209430.7473 208480.3370 216034.8200 173672.9194 172154.2193 220349.0000 226532.5596 225972.1759 227476.6766 230657.0745 166727.7032 163184.6099 159614.2879 147967.2464 247453.3718 140274.3188 254679.0078 130749.3378 119472.4949 108832.8949 95372.01608 275504.8931 85113.60340 74947.86827 64861.64122 52134.63252 45804.19609 42683.33077 36841.13950 30907.60860 24864.22573 22325.33844 260.0415312 191.0981881 483.6753056 642.0171685 1035.307879 15964.36002 13744.87485 7157.092710 285421.5264 292676.7194 317379.6130 327996.9091 359466.8681 396189.6456 480126.6678 538161.6469 574683.6582 580134.5962 607565.2913 642247.9288 688626.5326 790533.4997 848091.4835 1028030.392 1105495.642 1248297.622 1513969.053 1733225.181 2047092.936 2229287.520 2823803.691 3579908.876 4144271.786 4803992.718 11026619.59
      sorted:	 25.00000000 25.00000000 25.00000000 25.00000000 25.00000000 191.0981881 260.0415312 483.6753056 642.0171685 1035.307879 7157.092710 13744.87485 15964.36002 22325.33844 24864.22573 30907.60860 36841.13950 42683.33077 45804.19609 52134.63252 64861.64122 74947.86827 85113.60340 95372.01608 108832.8949 119472.4949 130749.3378 140274.3188 147967.2464 159614.2879 163184.6099 166727.7032 172154.2193 173672.9194 181025.3094 184973.9559 185855.8888 187049.6805 196394.0017 196934.2521 200674.8337 203709.3113 208480.3370 209430.7473 216034.8200 220349.0000 225972.1759 226532.5596 227476.6766 230657.0745 247453.3718 254679.0078 275504.8931 285421.5264 292676.7194 317379.6130 327996.9091 359466.8681 396189.6456 480126.6678 538161.6469 574683.6582 580134.5962 607565.2913 642247.9288 688626.5326 790533.4997 848091.4835 1028030.392 1105495.642 1248297.622 1513969.053 1733225.181 2047092.936 2229287.520 2823803.691 3579908.876 4144271.786 4803992.718 11026619.59
