    unsorted:	 198630.4890 196911.7445 196345.3888 199980.1478 200932.7189 203489.7357 205706.9942 191046.3720 188634.1808 187598.0239 209105.8229 183459.2474 178016.0882 176243.1197 169094.1197 220075.4782 224230.7080 226386.5174 227514.9588 230151.1601 162149.1522 159638.8187 236478.3515 152255.2777 240551.1333 149284.5307 252791.9524 133250.2201 123461.0707 115364.8283 265113.6313 100632.1943 95983.91957 89043.14948 275119.6970 77004.22573 65696.61331 58025.38530 45841.00623 49296.08830 41531.54105 32988.22249 35060.11048 22401.17480 20960.12765 13458.80454 12719.77876 290091.8060 6911.188933 414.4353754 328147.4478 370066.5266 384893.8468 435009.3618 466432.7748 470799.9113 488605.8313 516379.6306 537684.9598 560906.4957 646521.2735 683974.6389 815185.1564 893973.9728 985817.0882 1210552.786 1388173.956 1656608.162 1797618.267 2342253.417 3075561.973 3525205.566 7332921.811 11219445.40
      sorted:	 414.4353754 6911.188933 12719.77876 13458.80454 20960.12765 22401.17480 32988.22249 35060.11048 41531.54105 45841.00623 49296.08830 58025.38530 65696.61331 77004.22573 89043.14948 95983.91957 100632.1943 115364.8283 123461.0707 133250.2201 149284.5307 152255.2777 159638.8187 162149.1522 169094.1197 176243.1197 178016.0882 183459.2474 187598.0239 188634.1808 191046.3720 196345.3888 196911.7445 198630.4890 199980.1478 200932.7189 203489.7357 205706.9942 209105.8229 220075.4782 224230.7080 226386.5174 227514.9588 230151.1601 236478.3515 240551.1333 252791.9524 265113.6313 275119.6970 290091.8060 328147.4478 370066.5266 384893.8468 435009.3618 466432.7748 470799.9113 488605.8313 516379.6306 537684.9598 560906.4957 646521.2735 683974.6389 815185.1564 893973.9728 985817.0882 1210552.786 1388173.956 1656608.162 1797618.267 2342253.417 3075561.973 3525205.566 7332921.811 11219445.40
