    unsorted:	 171150.4628 175325.0015 176702.9518 167680.6838 162136.9318 162990.7642 156957.9509 184057.4368 190132.4249 194897.5902 196742.8806 202668.2368 208549.3043 212442.2474 214030.1199 218555.3655 221266.5095 222851.6144 150875.0555 232820.1850 233381.0796 236297.5894 140619.7579 131623.0018 123966.0289 120047.4400 111457.5095 247236.6231 105705.7760 91978.77383 254350.5682 87123.61588 77820.33157 60835.33232 46313.86811 44807.30058 43379.13105 22297.09803 14475.52314 9996.010461 4179.432835 370066.6508 368781.7774 576313.5924 5614914.898 5617632.998 5627183.285 5558147.681 5564737.573 5574112.778 5534133.180 5650361.488 5501191.809 5481237.840 5685333.368 5419694.616 5714599.707 5384320.747 5364156.749 5282404.767 5296054.017 5216631.322 5170677.862 5845334.052 5941461.569 5073478.212 6011501.266 4898816.361 6141372.110 4672609.293 6324348.470 6738369.339 10281625.60 2050611517.
      sorted:	 4179.432835 9996.010461 14475.52314 22297.09803 43379.13105 44807.30058 46313.86811 60835.33232 77820.33157 87123.61588 91978.77383 105705.7760 111457.5095 120047.4400 123966.0289 131623.0018 140619.7579 150875.0555 156957.9509 162136.9318 162990.7642 167680.6838 171150.4628 175325.0015 176702.9518 184057.4368 190132.4249 194897.5902 196742.8806 202668.2368 208549.3043 212442.2474 214030.1199 218555.3655 221266.5095 222851.6144 232820.1850 233381.0796 236297.5894 247236.6231 254350.5682 368781.7774 370066.6508 576313.5924 4672609.293 4898816.361 5073478.212 5170677.862 5216631.322 5282404.767 5296054.017 5364156.749 5384320.747 5419694.616 5481237.840 5501191.809 5534133.180 5558147.681 5564737.573 5574112.778 5614914.898 5617632.998 5627183.285 5650361.488 5685333.368 5714599.707 5845334.052 5941461.569 6011501.266 6141372.110 6324348.470 6738369.339 10281625.60 2050611517.
