    unsorted:	 25.00000000 25.00000000 25.00000000 25.00000000 25.00000000 193631.6758 193810.6386 192050.8798 191034.3433 200368.9115 200612.8437 205065.6200 207577.4225 211267.7268 212857.0218 219245.7203 221451.3888 181887.7521 176850.7491 173365.0874 230626.6074 229464.5967 234751.7722 165876.1715 163337.2572 158027.0711 148336.9721 244072.4536 138597.4916 127898.7887 255322.9658 119482.5657 112027.9433 96009.38959 81366.51570 70254.17048 61726.15819 58082.67947 52061.21658 44191.32800 39591.30381 31897.84517 25645.67597 22941.04058 261.2532850 181.0274361 472.3745506 649.6585221 1013.641024 16432.16132 13935.89389 7332.824801 275210.3369 284676.8662 299774.6724 320490.0072 328542.6965 356972.2476 395995.4170 472226.0150 531456.3133 570697.7369 575577.1079 596842.4515 635296.9460 686035.7815 785282.9987 847378.3684 1015974.032 1098211.050 1233369.780 1500016.405 1714194.704 2053045.684 2240337.866 2805020.384 3539616.418 4098086.649 4805904.183 10953124.57
      sorted:	 25.00000000 25.00000000 25.00000000 25.00000000 25.00000000 181.0274361 261.2532850 472.3745506 649.6585221 1013.641024 7332.824801 13935.89389 16432.16132 22941.04058 25645.67597 31897.84517 39591.30381 44191.32800 52061.21658 58082.67947 61726.15819 70254.17048 81366.51570 96009.38959 112027.9433 119482.5657 127898.7887 138597.4916 148336.9721 158027.0711 163337.2572 165876.1715 173365.0874 176850.7491 181887.7521 191034.3433 192050.8798 193631.6758 193810.6386 200368.9115 200612.8437 205065.6200 207577.4225 211267.7268 212857.0218 219245.7203 221451.3888 229464.5967 230626.6074 234751.7722 244072.4536 255322.9658 275210.3369 284676.8662 299774.6724 320490.0072 328542.6965 356972.2476 395995.4170 472226.0150 531456.3133 570697.7369 575577.1079 596842.4515 635296.9460 686035.7815 785282.9987 847378.3684 1015974.032 1098211.050 1233369.780 1500016.405 1714194.704 2053045.684 2240337.866 2805020.384 3539616.418 4098086.649 4805904.183 10953124.57
