    unsorted:	 25.00000000 25.00000000 25.00000000 25.00000000 25.00000000 189846.5270 189363.5614 192518.5057 196517.5325 197464.5987 201387.9831 203427.5399 206251.4342 210145.2561 212550.5074 216705.8536 182041.4967 223003.1720 227612.7402 225505.5265 230223.3728 231474.3480 175234.9617 172375.0686 167115.4639 162437.6732 157733.8845 150643.8066 246206.2279 139398.2324 127457.4622 116335.0719 107658.3792 263117.1391 264879.7158 95241.81726 85412.13075 72481.51118 62490.82708 54147.87268 52284.22276 42649.88524 35866.97394 31117.67429 24806.28611 22462.80209 262.1246945 165.4821634 491.5001958 638.5312671 979.9129694 16180.65630 13469.56503 7183.330892 294797.7663 310989.7996 327396.9692 359412.7110 395620.1951 478973.8968 535849.5602 573796.0520 578850.6792 601522.6000 641189.0936 686780.7887 787639.1150 846499.3066 1025243.063 1114471.011 1251555.105 1530773.471 1766230.932 2088165.095 2263662.991 2839302.847 3537482.226 4145733.569 4791428.689 11329953.15
      sorted:	 25.00000000 25.00000000 25.00000000 25.00000000 25.00000000 165.4821634 262.1246945 491.5001958 638.5312671 979.9129694 7183.330892 13469.56503 16180.65630 22462.80209 24806.28611 31117.67429 35866.97394 42649.88524 52284.22276 54147.87268 62490.82708 72481.51118 85412.13075 95241.81726 107658.3792 116335.0719 127457.4622 139398.2324 150643.8066 157733.8845 162437.6732 167115.4639 172375.0686 175234.9617 182041.4967 189363.5614 189846.5270 192518.5057 196517.5325 197464.5987 201387.9831 203427.5399 206251.4342 210145.2561 212550.5074 216705.8536 223003.1720 225505.5265 227612.7402 230223.3728 231474.3480 246206.2279 263117.1391 264879.7158 294797.7663 310989.7996 327396.9692 359412.7110 395620.1951 478973.8968 535849.5602 573796.0520 578850.6792 601522.6000 641189.0936 686780.7887 787639.1150 846499.3066 1025243.063 1114471.011 1251555.105 1530773.471 1766230.932 2088165.095 2263662.991 2839302.847 3537482.226 4145733.569 4791428.689 11329953.15
