    unsorted:	 25.00000000 25.00000000 25.00000000 25.00000000 25.00000000 196259.0806 197173.0046 194543.0870 191167.7963 200292.3839 186876.3582 185147.4607 203064.5676 205214.7639 208547.1782 174831.1301 176400.2081 170994.1691 167439.5874 163040.0030 218263.7813 158198.3784 222823.2030 149713.0315 232965.1524 240835.6880 245333.2608 244458.3192 141808.7033 133388.6964 255144.8530 123206.6931 112961.5476 97818.08752 84963.31387 276227.1307 280989.0362 72565.95610 63586.58374 51668.11688 49572.77745 42849.67559 37249.62508 31816.69847 25348.81698 21801.78757 260.3659314 182.6261747 478.9051445 643.9242993 1022.958006 16039.52074 13854.21460 7482.361814 306960.8714 320117.5352 327391.8405 365048.3656 403449.3226 478440.3013 533968.7592 576533.5566 582416.0264 607411.7989 644743.1930 697398.1980 801350.9481 860133.2201 1036423.919 1117276.707 1239255.802 1513964.673 1758871.729 2088659.796 2264819.110 2811401.290 3535720.834 4168877.954 4844510.503 11179532.09
      sorted:	 25.00000000 25.00000000 25.00000000 25.00000000 25.00000000 182.6261747 260.3659314 478.9051445 643.9242993 1022.958006 7482.361814 13854.21460 16039.52074 21801.78757 25348.81698 31816.69847 37249.62508 42849.67559 49572.77745 51668.11688 63586.58374 72565.95610 84963.31387 97818.08752 112961.5476 123206.6931 133388.6964 141808.7033 149713.0315 158198.3784 163040.0030 167439.5874 170994.1691 174831.1301 176400.2081 185147.4607 186876.3582 191167.7963 194543.0870 196259.0806 197173.0046 200292.3839 203064.5676 205214.7639 208547.1782 218263.7813 222823.2030 232965.1524 240835.6880 244458.3192 245333.2608 255144.8530 276227.1307 280989.0362 306960.8714 320117.5352 327391.8405 365048.3656 403449.3226 478440.3013 533968.7592 576533.5566 582416.0264 607411.7989 644743.1930 697398.1980 801350.9481 860133.2201 1036423.919 1117276.707 1239255.802 1513964.673 1758871.729 2088659.796 2264819.110 2811401.290 3535720.834 4168877.954 4844510.503 11179532.09
