    unsorted:	 25.00000000 25.00000000 25.00000000 25.00000000 25.00000000 207453.2315 193381.9755 192612.4852 190585.4757 202450.6966 200691.3666 204422.7275 205985.7721 212666.5988 185882.2737 178080.6800 218583.0899 219696.9824 170149.2587 170990.4237 167034.1274 162921.8959 160838.3618 226992.6626 234552.1245 234603.4952 236068.7868 150318.1856 248092.2786 138977.4674 129755.5543 118349.3478 108155.8893 266967.2848 271094.0836 94547.00824 84295.08323 71273.19594 61858.69682 49395.38784 46875.83653 41597.27586 37776.24381 30930.76140 24931.96184 22912.99806 261.3411441 179.6824745 501.2992440 645.6174299 1015.188956 16430.30694 13387.37713 7154.953072 296974.2350 313769.0114 328197.6505 359919.2795 396622.3546 481522.0426 524369.0164 566860.7728 576875.9628 603099.2218 644795.0351 690191.1566 788257.7175 858147.8090 1026473.720 1108693.388 1257859.345 1513851.733 1738993.917 2060840.440 2258965.532 2821521.026 3530620.819 4127155.982 4807244.532 11030938.69
      sorted:	 25.00000000 25.00000000 25.00000000 25.00000000 25.00000000 179.6824745 261.3411441 501.2992440 645.6174299 1015.188956 7154.953072 13387.37713 16430.30694 22912.99806 24931.96184 30930.76140 37776.24381 41597.27586 46875.83653 49395.38784 61858.69682 71273.19594 84295.08323 94547.00824 108155.8893 118349.3478 129755.5543 138977.4674 150318.1856 160838.3618 162921.8959 167034.1274 170149.2587 170990.4237 178080.6800 185882.2737 190585.4757 192612.4852 193381.9755 200691.3666 202450.6966 204422.7275 205985.7721 207453.2315 212666.5988 218583.0899 219696.9824 226992.6626 234552.1245 234603.4952 236068.7868 248092.2786 266967.2848 271094.0836 296974.2350 313769.0114 328197.6505 359919.2795 396622.3546 481522.0426 524369.0164 566860.7728 576875.9628 603099.2218 644795.0351 690191.1566 788257.7175 858147.8090 1026473.720 1108693.388 1257859.345 1513851.733 1738993.917 2060840.440 2258965.532 2821521.026 3530620.819 4127155.982 4807244.532 11030938.69
