    unsorted:	 202341.9877 200939.6235 199127.2161 197099.3374 196123.0642 204899.5714 206098.3370 193402.8109 192017.2528 208925.1559 187718.8657 214925.3659 218826.4633 178883.5357 173162.9183 170177.9226 228036.4440 231842.9666 235075.4474 162274.0236 240622.6546 156351.7567 244969.5709 151784.9828 248565.9927 141987.9637 134605.0708 258560.8785 126900.5157 117412.6815 271906.9486 276211.2041 102984.7840 99873.82268 85455.87216 80672.99263 73281.94501 62084.02301 57246.01271 45550.18400 38791.43136 36850.37785 29885.38704 22817.11711 21508.30430 13546.49604 13296.79350 7180.499713 298114.7684 495.7338274 335357.4982 370070.9123 387930.9092 445004.2866 471599.5457 477808.0818 487805.9820 517555.6510 538569.5046 564225.0764 649332.2052 685273.4499 818760.6073 904924.8269 985627.2697 1213156.305 1430271.965 1682415.849 1863445.789 2368391.619 3200532.126 3503529.568 7557349.766 11602697.71
      sorted:	 495.7338274 7180.499713 13296.79350 13546.49604 21508.30430 22817.11711 29885.38704 36850.37785 38791.43136 45550.18400 57246.01271 62084.02301 73281.94501 80672.99263 85455.87216 99873.82268 102984.7840 117412.6815 126900.5157 134605.0708 141987.9637 151784.9828 156351.7567 162274.0236 170177.9226 173162.9183 178883.5357 187718.8657 192017.2528 193402.8109 196123.0642 197099.3374 199127.2161 200939.6235 202341.9877 204899.5714 206098.3370 208925.1559 214925.3659 218826.4633 228036.4440 231842.9666 235075.4474 240622.6546 244969.5709 248565.9927 258560.8785 271906.9486 276211.2041 298114.7684 335357.4982 370070.9123 387930.9092 445004.2866 471599.5457 477808.0818 487805.9820 517555.6510 538569.5046 564225.0764 649332.2052 685273.4499 818760.6073 904924.8269 985627.2697 1213156.305 1430271.965 1682415.849 1863445.789 2368391.619 3200532.126 3503529.568 7557349.766 11602697.71
