    unsorted:	 189082.3395 188594.3203 190460.7007 191671.6914 182753.3256 200425.2109 202393.0842 207527.6641 210312.5029 213354.2950 221455.7147 221528.3073 218414.6228 224253.2764 225176.4879 174422.4983 167988.5786 163158.2109 157218.0523 155295.7308 149907.0241 141244.2209 236916.2808 136055.3742 246059.6938 123801.0105 120746.2384 114719.7393 108548.1489 100468.9665 263460.1645 86186.96006 77499.69573 61282.83085 48583.83608 38787.77189 34691.58819 23497.43821 12746.04777 10229.24539 7297.093926 370066.4476 368861.6952 576665.5426 5616922.595 5613250.984 5622531.605 5565401.343 5574694.747 5554652.403 5538631.882 5643360.072 5500787.382 5482809.966 5689396.924 5422255.988 5390365.327 5365922.869 5718189.025 5313104.925 5295689.089 5255112.822 5829692.343 5165919.972 5115576.564 5930485.496 5995887.962 4901427.884 6126727.389 4666534.726 6315315.714 6733635.843 9990390.409 2051855083.
      sorted:	 7297.093926 10229.24539 12746.04777 23497.43821 34691.58819 38787.77189 48583.83608 61282.83085 77499.69573 86186.96006 100468.9665 108548.1489 114719.7393 120746.2384 123801.0105 136055.3742 141244.2209 149907.0241 155295.7308 157218.0523 163158.2109 167988.5786 174422.4983 182753.3256 188594.3203 189082.3395 190460.7007 191671.6914 200425.2109 202393.0842 207527.6641 210312.5029 213354.2950 218414.6228 221455.7147 221528.3073 224253.2764 225176.4879 236916.2808 246059.6938 263460.1645 368861.6952 370066.4476 576665.5426 4666534.726 4901427.884 5115576.564 5165919.972 5255112.822 5295689.089 5313104.925 5365922.869 5390365.327 5422255.988 5482809.966 5500787.382 5538631.882 5554652.403 5565401.343 5574694.747 5613250.984 5616922.595 5622531.605 5643360.072 5689396.924 5718189.025 5829692.343 5930485.496 5995887.962 6126727.389 6315315.714 6733635.843 9990390.409 2051855083.
