    unsorted:	 196866.2259 201244.1195 202187.1043 199993.7121 204787.5531 190455.8773 189677.3333 184974.1380 209497.6216 175286.5976 215536.4005 171523.6844 168145.2723 166518.2026 221141.1907 220328.6415 156475.1316 154729.7496 227900.0988 226839.5302 148714.7160 139684.5133 135545.5838 243622.3935 242728.0445 124336.1677 120189.7348 113145.9375 106938.9583 95724.88492 87198.68988 80324.03448 263170.5949 60343.53211 47937.09404 41162.17035 35959.18460 26453.11634 18831.17452 9876.235096 6026.657887 370062.8745 368739.5530 575492.3636 5557426.612 5562309.850 5570244.387 5538490.556 5606393.312 5619644.297 5624234.002 5500982.519 5480449.924 5650700.580 5418180.272 5695441.549 5717723.889 5382988.239 5353059.473 5285485.015 5275836.007 5181998.393 5152351.786 5847196.326 5079750.413 5932191.523 6026339.215 4884074.672 6187804.690 4639737.092 6368966.887 6743981.778 10466963.74 2049008278.
      sorted:	 6026.657887 9876.235096 18831.17452 26453.11634 35959.18460 41162.17035 47937.09404 60343.53211 80324.03448 87198.68988 95724.88492 106938.9583 113145.9375 120189.7348 124336.1677 135545.5838 139684.5133 148714.7160 154729.7496 156475.1316 166518.2026 168145.2723 171523.6844 175286.5976 184974.1380 189677.3333 190455.8773 196866.2259 199993.7121 201244.1195 202187.1043 204787.5531 209497.6216 215536.4005 220328.6415 221141.1907 226839.5302 227900.0988 242728.0445 243622.3935 263170.5949 368739.5530 370062.8745 575492.3636 4639737.092 4884074.672 5079750.413 5152351.786 5181998.393 5275836.007 5285485.015 5353059.473 5382988.239 5418180.272 5480449.924 5500982.519 5538490.556 5557426.612 5562309.850 5570244.387 5606393.312 5619644.297 5624234.002 5650700.580 5695441.549 5717723.889 5847196.326 5932191.523 6026339.215 6187804.690 6368966.887 6743981.778 10466963.74 2049008278.
