    unsorted:	 25.00000000 25.00000000 25.00000000 25.00000000 25.00000000 198819.3056 197866.5569 193914.8227 191783.1205 201476.1379 203599.2487 205458.8630 187610.6361 214993.2696 217828.4324 221966.7315 225498.7400 179970.0076 174273.2783 170554.2282 230232.2338 237470.6027 237108.7964 235838.8856 162235.8303 159224.4511 153883.4030 143979.5462 140708.2258 251519.8648 128810.2783 117528.7516 107448.5743 93774.62433 271759.4930 275793.7247 83737.99606 71883.71695 61856.87309 59514.86273 52596.31256 44116.70223 38164.26074 31771.88905 261.3184892 182.2430247 481.3294075 654.7973625 1004.731440 24886.49149 22053.14102 16684.83777 13349.36777 7336.006786 302938.8773 317960.0072 324561.8536 363120.1706 399562.6814 476044.4698 514920.6268 553837.3749 559410.3181 587254.4352 631039.7670 669551.2401 763346.4238 830896.7888 999543.3523 1072392.655 1225316.767 1495842.065 1714398.758 2053150.400 2231790.371 2796931.082 3493279.885 4074209.189 4816910.243 10778760.20
      sorted:	 25.00000000 25.00000000 25.00000000 25.00000000 25.00000000 182.2430247 261.3184892 481.3294075 654.7973625 1004.731440 7336.006786 13349.36777 16684.83777 22053.14102 24886.49149 31771.88905 38164.26074 44116.70223 52596.31256 59514.86273 61856.87309 71883.71695 83737.99606 93774.62433 107448.5743 117528.7516 128810.2783 140708.2258 143979.5462 153883.4030 159224.4511 162235.8303 170554.2282 174273.2783 179970.0076 187610.6361 191783.1205 193914.8227 197866.5569 198819.3056 201476.1379 203599.2487 205458.8630 214993.2696 217828.4324 221966.7315 225498.7400 230232.2338 235838.8856 237108.7964 237470.6027 251519.8648 271759.4930 275793.7247 302938.8773 317960.0072 324561.8536 363120.1706 399562.6814 476044.4698 514920.6268 553837.3749 559410.3181 587254.4352 631039.7670 669551.2401 763346.4238 830896.7888 999543.3523 1072392.655 1225316.767 1495842.065 1714398.758 2053150.400 2231790.371 2796931.082 3493279.885 4074209.189 4816910.243 10778760.20
