    unsorted:	 209191.4935 209471.6531 207603.8247 201496.4890 198238.3493 193940.1882 189559.5127 191691.6633 187352.6178 215973.7185 179171.8086 172958.2573 165717.8191 164196.2599 158096.7692 155462.9005 224222.2736 230073.4479 227152.1196 231556.6997 146947.8720 238898.1767 241110.8652 138301.0053 131850.8840 122479.1254 118505.2421 106715.4255 99679.54096 84784.69014 86796.81318 73265.65920 265658.3003 61033.57170 51466.42577 42999.61794 41209.16998 25743.48804 12203.02001 10041.82606 7376.654465 370064.3913 368770.6964 575853.6142 5613032.630 5610477.322 5622690.684 5564874.589 5556577.760 5573161.341 5537178.535 5651022.118 5502856.446 5481706.195 5685140.832 5424757.578 5712023.029 5388876.414 5364730.657 5291633.181 5280751.846 5225109.150 5168304.478 5841093.564 5901817.305 5091276.197 6025035.384 4906513.477 6158162.457 4665259.952 6319512.640 6738503.881 10379110.84 2050537505.
      sorted:	 7376.654465 10041.82606 12203.02001 25743.48804 41209.16998 42999.61794 51466.42577 61033.57170 73265.65920 84784.69014 86796.81318 99679.54096 106715.4255 118505.2421 122479.1254 131850.8840 138301.0053 146947.8720 155462.9005 158096.7692 164196.2599 165717.8191 172958.2573 179171.8086 187352.6178 189559.5127 191691.6633 193940.1882 198238.3493 201496.4890 207603.8247 209191.4935 209471.6531 215973.7185 224222.2736 227152.1196 230073.4479 231556.6997 238898.1767 241110.8652 265658.3003 368770.6964 370064.3913 575853.6142 4665259.952 4906513.477 5091276.197 5168304.478 5225109.150 5280751.846 5291633.181 5364730.657 5388876.414 5424757.578 5481706.195 5502856.446 5537178.535 5556577.760 5564874.589 5573161.341 5610477.322 5613032.630 5622690.684 5651022.118 5685140.832 5712023.029 5841093.564 5901817.305 6025035.384 6158162.457 6319512.640 6738503.881 10379110.84 2050537505.
