    unsorted:	 195017.4694 194489.3136 193389.7819 199401.6806 199140.7462 190176.7665 204176.8740 205676.9903 186567.9268 211547.2545 180833.7127 178565.0284 216929.0566 218154.5349 224648.8663 223481.4614 227208.8853 169760.4380 166192.4851 164973.0840 161539.1026 235594.5420 242254.8682 245191.5842 151099.1593 252546.0470 145157.5089 135769.8213 126504.5036 118468.1339 266817.2730 269078.1569 106923.9952 99474.98221 81509.83322 77357.93408 67113.16888 57583.75535 49701.37208 42253.09898 39390.50630 32126.91522 34646.04293 21741.36429 20728.71582 13457.57890 12499.11371 295310.4189 7036.498860 417.1729975 330376.5552 370063.1971 384763.2454 427146.4964 459120.9953 463620.7388 482340.7670 511664.9931 537446.1613 552937.7165 632300.6808 675868.5043 808094.2577 884261.6890 981277.6350 1186092.792 1377178.323 1647634.467 1804106.793 2354158.558 3098929.648 3472454.398 7372776.864 11359202.19
      sorted:	 417.1729975 7036.498860 12499.11371 13457.57890 20728.71582 21741.36429 32126.91522 34646.04293 39390.50630 42253.09898 49701.37208 57583.75535 67113.16888 77357.93408 81509.83322 99474.98221 106923.9952 118468.1339 126504.5036 135769.8213 145157.5089 151099.1593 161539.1026 164973.0840 166192.4851 169760.4380 178565.0284 180833.7127 186567.9268 190176.7665 193389.7819 194489.3136 195017.4694 199140.7462 199401.6806 204176.8740 205676.9903 211547.2545 216929.0566 218154.5349 223481.4614 224648.8663 227208.8853 235594.5420 242254.8682 245191.5842 252546.0470 266817.2730 269078.1569 295310.4189 330376.5552 370063.1971 384763.2454 427146.4964 459120.9953 463620.7388 482340.7670 511664.9931 537446.1613 552937.7165 632300.6808 675868.5043 808094.2577 884261.6890 981277.6350 1186092.792 1377178.323 1647634.467 1804106.793 2354158.558 3098929.648 3472454.398 7372776.864 11359202.19
