    unsorted:	 193369.8805 195468.9945 191798.1560 198708.9426 200535.6511 201532.3722 205649.5245 204870.9584 206378.6158 186454.0908 212402.9662 213985.5875 215986.0505 217522.8370 180574.8490 175663.8441 173807.9929 229144.9803 164992.4071 233728.4713 159416.4772 155756.3202 240755.2011 241894.5173 146813.8769 248471.4673 136660.0158 256035.1377 125723.7124 118629.8451 106675.8601 100879.5708 273208.3495 276561.5565 85908.61703 80552.63209 70435.85286 63004.67599 58656.01534 42852.25103 38793.68395 35410.53732 28986.40297 20254.13515 22454.05252 13471.18778 12930.52536 7199.076389 308427.5317 512.7349434 337473.2705 370071.2171 391145.6034 444600.1506 469649.9714 473898.8526 488829.1865 516325.6649 538484.9527 564678.4521 648463.7938 685290.0063 815346.0020 895457.6247 992216.1841 1193486.643 1400718.476 1669447.985 1829827.213 2361308.410 3119339.689 3408649.558 7423886.447 11399487.35
      sorted:	 512.7349434 7199.076389 12930.52536 13471.18778 20254.13515 22454.05252 28986.40297 35410.53732 38793.68395 42852.25103 58656.01534 63004.67599 70435.85286 80552.63209 85908.61703 100879.5708 106675.8601 118629.8451 125723.7124 136660.0158 146813.8769 155756.3202 159416.4772 164992.4071 173807.9929 175663.8441 180574.8490 186454.0908 191798.1560 193369.8805 195468.9945 198708.9426 200535.6511 201532.3722 204870.9584 205649.5245 206378.6158 212402.9662 213985.5875 215986.0505 217522.8370 229144.9803 233728.4713 240755.2011 241894.5173 248471.4673 256035.1377 273208.3495 276561.5565 308427.5317 337473.2705 370071.2171 391145.6034 444600.1506 469649.9714 473898.8526 488829.1865 516325.6649 538484.9527 564678.4521 648463.7938 685290.0063 815346.0020 895457.6247 992216.1841 1193486.643 1400718.476 1669447.985 1829827.213 2361308.410 3119339.689 3408649.558 7423886.447 11399487.35
