    unsorted:	 25.00000000 25.00000000 25.00000000 25.00000000 25.00000000 193197.8623 192815.6402 190260.0644 195803.3782 203287.8792 201943.8290 203792.5876 200457.7121 206263.0491 210014.4609 183343.9900 220237.9451 221985.8772 176217.2945 172510.5467 225464.8978 165155.6645 161173.8820 156007.5582 236211.3331 235880.7830 144074.5761 139342.9794 129278.8817 254717.6535 118491.2933 261449.9568 107567.6776 93534.43567 82359.32802 73901.65636 65174.98323 54754.54595 52230.62790 46595.11919 41530.91102 31614.94884 25263.94219 22861.74826 262.3582849 198.6690190 458.5254550 655.0457762 1043.436534 16717.48244 13987.35978 7247.818775 286100.0309 293431.7771 295546.1090 321468.3624 323801.4265 351275.2329 395183.4496 479043.3496 527706.1222 567987.4353 573463.6274 600887.0020 643541.9554 687343.3183 786787.9981 843735.6192 1023437.467 1095556.844 1246279.467 1514218.666 1729170.116 2061612.862 2224396.046 2793815.763 3566787.825 4129592.344 4814573.699 11102975.34
      sorted:	 25.00000000 25.00000000 25.00000000 25.00000000 25.00000000 198.6690190 262.3582849 458.5254550 655.0457762 1043.436534 7247.818775 13987.35978 16717.48244 22861.74826 25263.94219 31614.94884 41530.91102 46595.11919 52230.62790 54754.54595 65174.98323 73901.65636 82359.32802 93534.43567 107567.6776 118491.2933 129278.8817 139342.9794 144074.5761 156007.5582 161173.8820 165155.6645 172510.5467 176217.2945 183343.9900 190260.0644 192815.6402 193197.8623 195803.3782 200457.7121 201943.8290 203287.8792 203792.5876 206263.0491 210014.4609 220237.9451 221985.8772 225464.8978 235880.7830 236211.3331 254717.6535 261449.9568 286100.0309 293431.7771 295546.1090 321468.3624 323801.4265 351275.2329 395183.4496 479043.3496 527706.1222 567987.4353 573463.6274 600887.0020 643541.9554 687343.3183 786787.9981 843735.6192 1023437.467 1095556.844 1246279.467 1514218.666 1729170.116 2061612.862 2224396.046 2793815.763 3566787.825 4129592.344 4814573.699 11102975.34
