    unsorted:	 192718.7406 193144.1933 194974.5029 195872.5251 196957.7344 189632.6616 201678.3876 202138.3312 205059.5000 206504.8759 187342.9074 212674.4739 176653.3388 219198.3083 222431.0306 223820.3997 230411.3082 231372.0017 168127.3720 164522.2577 162028.9811 158022.1474 236214.7336 152401.4346 240503.8846 140417.0787 249615.8248 132756.1206 122686.0748 114771.6017 100561.9716 95809.99691 83749.62757 269559.1314 271676.0231 77917.26251 69096.19151 59088.63415 54327.79256 44271.03424 41365.55801 35213.57627 33795.67283 21864.98165 20805.87017 13459.81564 12745.03353 6944.065498 294100.8220 436.3502962 329782.4962 370069.9365 389879.4063 442838.4468 466960.4668 473198.2707 489403.6189 515348.7552 537508.8606 561078.4349 647357.4642 679895.8212 813425.7696 897537.8167 983686.7154 1217292.507 1396963.913 1662356.754 1832774.887 2357297.335 3172363.539 3496512.267 7476654.462 11490902.63
      sorted:	 436.3502962 6944.065498 12745.03353 13459.81564 20805.87017 21864.98165 33795.67283 35213.57627 41365.55801 44271.03424 54327.79256 59088.63415 69096.19151 77917.26251 83749.62757 95809.99691 100561.9716 114771.6017 122686.0748 132756.1206 140417.0787 152401.4346 158022.1474 162028.9811 164522.2577 168127.3720 176653.3388 187342.9074 189632.6616 192718.7406 193144.1933 194974.5029 195872.5251 196957.7344 201678.3876 202138.3312 205059.5000 206504.8759 212674.4739 219198.3083 222431.0306 223820.3997 230411.3082 231372.0017 236214.7336 240503.8846 249615.8248 269559.1314 271676.0231 294100.8220 329782.4962 370069.9365 389879.4063 442838.4468 466960.4668 473198.2707 489403.6189 515348.7552 537508.8606 561078.4349 647357.4642 679895.8212 813425.7696 897537.8167 983686.7154 1217292.507 1396963.913 1662356.754 1832774.887 2357297.335 3172363.539 3496512.267 7476654.462 11490902.63
