    unsorted:	 25.00000000 25.00000000 25.00000000 25.00000000 25.00000000 201003.6521 199831.3762 203685.8748 204960.1345 193853.8299 195853.1068 191173.7112 189097.5902 208724.6777 212932.2619 179196.7419 177214.1633 218314.7110 224974.0805 225056.2916 228552.4631 232709.9565 170365.0218 167645.1152 159550.9412 156399.7168 243430.1420 247160.8301 143844.0600 136455.3259 126181.0632 117263.1594 108474.9933 97163.67866 268251.7741 85505.65168 80353.22087 276962.7294 64554.17130 51823.56850 48583.56573 43074.32865 38582.73884 29496.78884 25106.40137 22886.36744 16867.31339 263.0134099 191.5337881 500.0906417 654.4435767 1041.687801 13157.41061 7048.549276 292152.8036 313760.4183 318583.1850 352247.6967 392569.5698 484495.5399 515996.0227 549871.3022 558562.1639 586878.9157 632476.8530 666125.5003 756642.3054 829366.1579 1004303.610 1077344.613 1247070.857 1521070.111 1722072.557 2054425.141 2244964.486 2838050.631 3534222.214 4140781.254 4808861.305 11038008.39
      sorted:	 25.00000000 25.00000000 25.00000000 25.00000000 25.00000000 191.5337881 263.0134099 500.0906417 654.4435767 1041.687801 7048.549276 13157.41061 16867.31339 22886.36744 25106.40137 29496.78884 38582.73884 43074.32865 48583.56573 51823.56850 64554.17130 80353.22087 85505.65168 97163.67866 108474.9933 117263.1594 126181.0632 136455.3259 143844.0600 156399.7168 159550.9412 167645.1152 170365.0218 177214.1633 179196.7419 189097.5902 191173.7112 193853.8299 195853.1068 199831.3762 201003.6521 203685.8748 204960.1345 208724.6777 212932.2619 218314.7110 224974.0805 225056.2916 228552.4631 232709.9565 243430.1420 247160.8301 268251.7741 276962.7294 292152.8036 313760.4183 318583.1850 352247.6967 392569.5698 484495.5399 515996.0227 549871.3022 558562.1639 586878.9157 632476.8530 666125.5003 756642.3054 829366.1579 1004303.610 1077344.613 1247070.857 1521070.111 1722072.557 2054425.141 2244964.486 2838050.631 3534222.214 4140781.254 4808861.305 11038008.39
