    unsorted:	 25.00000000 25.00000000 25.00000000 25.00000000 25.00000000 198716.5277 199496.3571 200083.1766 197049.2632 194405.1981 202772.4840 190012.6952 189096.8745 205964.4301 210980.4000 180261.8105 176621.8930 172020.6782 216214.1523 163553.1224 160860.6093 157532.6348 229333.9118 150988.9243 235404.4496 233878.9314 241680.9674 240823.8654 143482.2229 132742.7168 257194.4915 120777.7428 107534.1545 92769.88420 83492.69431 73970.60737 64971.65324 52346.08843 49123.21232 43159.03954 38548.02913 29772.76741 24986.47705 22443.87626 16272.96112 13803.97070 259.0265867 176.7962555 486.4723652 649.7022939 1015.422713 7494.740416 276070.5169 283322.2374 307159.9571 322825.9974 328752.7960 366892.2666 403619.1286 475130.1582 536136.8111 563668.3735 576761.9806 599235.6191 636458.1342 685645.2916 783930.9881 842111.0272 1007942.064 1075169.247 1221712.996 1487148.798 1690423.103 2032033.047 2219701.690 2768170.649 3496951.781 4051013.322 4832382.474 10696002.36
      sorted:	 25.00000000 25.00000000 25.00000000 25.00000000 25.00000000 176.7962555 259.0265867 486.4723652 649.7022939 1015.422713 7494.740416 13803.97070 16272.96112 22443.87626 24986.47705 29772.76741 38548.02913 43159.03954 49123.21232 52346.08843 64971.65324 73970.60737 83492.69431 92769.88420 107534.1545 120777.7428 132742.7168 143482.2229 150988.9243 157532.6348 160860.6093 163553.1224 172020.6782 176621.8930 180261.8105 189096.8745 190012.6952 194405.1981 197049.2632 198716.5277 199496.3571 200083.1766 202772.4840 205964.4301 210980.4000 216214.1523 229333.9118 233878.9314 235404.4496 240823.8654 241680.9674 257194.4915 276070.5169 283322.2374 307159.9571 322825.9974 328752.7960 366892.2666 403619.1286 475130.1582 536136.8111 563668.3735 576761.9806 599235.6191 636458.1342 685645.2916 783930.9881 842111.0272 1007942.064 1075169.247 1221712.996 1487148.798 1690423.103 2032033.047 2219701.690 2768170.649 3496951.781 4051013.322 4832382.474 10696002.36
