    unsorted:	 205109.2374 204726.1543 206675.3489 207821.4737 208031.1854 202410.4241 211133.6733 200007.4238 212647.9954 192092.0848 194155.0011 190849.5899 186872.6867 218829.7288 178929.6013 174340.2287 173894.3952 228764.7145 235275.5161 233741.2385 239594.8782 160287.3492 160982.1799 152865.9059 246362.5007 253706.8377 143237.2636 134766.0302 127530.9005 117351.0674 272764.0471 274427.4057 102867.5762 97008.46173 82033.27665 78392.04247 75362.21952 59685.35273 54922.02374 44528.42775 41332.25817 35518.44979 30397.14589 22263.28141 21206.50379 13461.93171 12791.23002 7087.711448 301530.0129 458.5514719 332530.7693 370071.6979 383892.3149 438228.6821 457740.8557 469354.4667 485151.9451 512088.1729 537974.7560 555357.4576 637756.3018 675401.3820 806357.8142 871886.8332 971260.8069 1182136.473 1351556.308 1620838.132 1772493.651 2336545.989 3034045.292 3454109.710 7168156.013 11045481.94
      sorted:	 458.5514719 7087.711448 12791.23002 13461.93171 21206.50379 22263.28141 30397.14589 35518.44979 41332.25817 44528.42775 54922.02374 59685.35273 75362.21952 78392.04247 82033.27665 97008.46173 102867.5762 117351.0674 127530.9005 134766.0302 143237.2636 152865.9059 160287.3492 160982.1799 173894.3952 174340.2287 178929.6013 186872.6867 190849.5899 192092.0848 194155.0011 200007.4238 202410.4241 204726.1543 205109.2374 206675.3489 207821.4737 208031.1854 211133.6733 212647.9954 218829.7288 228764.7145 233741.2385 235275.5161 239594.8782 246362.5007 253706.8377 272764.0471 274427.4057 301530.0129 332530.7693 370071.6979 383892.3149 438228.6821 457740.8557 469354.4667 485151.9451 512088.1729 537974.7560 555357.4576 637756.3018 675401.3820 806357.8142 871886.8332 971260.8069 1182136.473 1351556.308 1620838.132 1772493.651 2336545.989 3034045.292 3454109.710 7168156.013 11045481.94
