    unsorted:	 201063.1338 201308.9642 197632.3929 196384.4930 194220.3119 204285.5678 205419.2891 190785.1900 189499.9672 186472.8489 180719.1837 177713.5334 213385.3598 219745.7813 172648.4834 169108.4650 166878.2508 222973.5499 225150.1273 226716.4970 230384.3417 231081.2770 163270.5081 155333.1410 239162.4333 150424.3716 252234.8168 134679.6230 129058.0271 117863.4247 265518.9266 103236.9410 100153.0650 275013.6688 82915.47811 77234.98607 71317.24228 60975.54878 56762.80129 291294.4523 42998.35363 38767.26607 35081.01776 32122.92331 22897.65705 20984.52062 13462.98615 12775.35451 6944.555081 416.6628829 324833.1710 370071.3105 387541.0139 434532.9707 466468.9859 470576.8150 486299.1839 514534.5065 537397.1626 558094.9609 642007.0128 678430.7114 816421.1470 904131.7841 993543.3424 1214684.389 1411513.341 1660755.767 1823719.391 2357260.466 3131026.022 3549948.714 7443840.823 11478443.05
      sorted:	 416.6628829 6944.555081 12775.35451 13462.98615 20984.52062 22897.65705 32122.92331 35081.01776 38767.26607 42998.35363 56762.80129 60975.54878 71317.24228 77234.98607 82915.47811 100153.0650 103236.9410 117863.4247 129058.0271 134679.6230 150424.3716 155333.1410 163270.5081 166878.2508 169108.4650 172648.4834 177713.5334 180719.1837 186472.8489 189499.9672 190785.1900 194220.3119 196384.4930 197632.3929 201063.1338 201308.9642 204285.5678 205419.2891 213385.3598 219745.7813 222973.5499 225150.1273 226716.4970 230384.3417 231081.2770 239162.4333 252234.8168 265518.9266 275013.6688 291294.4523 324833.1710 370071.3105 387541.0139 434532.9707 466468.9859 470576.8150 486299.1839 514534.5065 537397.1626 558094.9609 642007.0128 678430.7114 816421.1470 904131.7841 993543.3424 1214684.389 1411513.341 1660755.767 1823719.391 2357260.466 3131026.022 3549948.714 7443840.823 11478443.05
