    unsorted:	 198680.6899 199881.3680 196983.9970 203521.3886 205131.3819 206315.4916 194900.2505 209154.1325 190984.3291 189840.0163 212135.9576 214990.3369 215525.5519 179283.5482 176493.6458 171200.6945 168997.4843 163381.4283 161306.2954 230797.2446 231497.0097 235581.7558 237933.6632 153650.0813 150020.6079 246979.1733 137008.8834 132719.2304 258049.6411 121562.7639 112056.9813 270574.2754 275490.3686 102014.9016 84588.75121 79550.16597 68066.18289 59895.84089 44336.43834 42335.13801 48783.20826 36043.18507 31879.32235 23174.75104 21606.07102 13481.19825 13010.29259 7116.542078 295221.8747 462.0094397 332796.3304 370068.5689 388856.0754 431879.8250 463793.6162 472305.6902 490294.1613 516297.7604 538075.4258 565309.6579 649415.3767 688267.8210 818709.6483 906320.2949 988770.2493 1196857.595 1431279.174 1683025.418 1847033.736 2373876.838 3172862.940 3503044.133 7492279.497 11534013.07
      sorted:	 462.0094397 7116.542078 13010.29259 13481.19825 21606.07102 23174.75104 31879.32235 36043.18507 42335.13801 44336.43834 48783.20826 59895.84089 68066.18289 79550.16597 84588.75121 102014.9016 112056.9813 121562.7639 132719.2304 137008.8834 150020.6079 153650.0813 161306.2954 163381.4283 168997.4843 171200.6945 176493.6458 179283.5482 189840.0163 190984.3291 194900.2505 196983.9970 198680.6899 199881.3680 203521.3886 205131.3819 206315.4916 209154.1325 212135.9576 214990.3369 215525.5519 230797.2446 231497.0097 235581.7558 237933.6632 246979.1733 258049.6411 270574.2754 275490.3686 295221.8747 332796.3304 370068.5689 388856.0754 431879.8250 463793.6162 472305.6902 490294.1613 516297.7604 538075.4258 565309.6579 649415.3767 688267.8210 818709.6483 906320.2949 988770.2493 1196857.595 1431279.174 1683025.418 1847033.736 2373876.838 3172862.940 3503044.133 7492279.497 11534013.07
