    unsorted:	 25.00000000 25.00000000 25.00000000 25.00000000 25.00000000 203755.6378 198383.0936 199627.2384 202434.8358 195216.9369 205778.1276 192549.0838 191957.7370 210025.6152 212966.4241 215692.3552 182976.7031 180262.0640 219301.6276 175826.2544 231271.9241 230540.4806 233219.2763 168751.8616 165133.5813 157213.1142 150030.0441 247127.9661 140252.9052 253693.9431 131121.7786 119321.5850 107006.5118 274989.6657 92479.18674 81087.35313 282972.0294 68978.47950 59831.84691 51044.63997 49139.77621 42762.66070 38271.19590 33519.78779 24993.24424 22342.99806 17566.18069 262.2840267 194.1186363 493.8304309 667.2621739 1049.650889 13576.60604 7167.516567 294587.5339 316429.9283 319989.5162 353393.7707 392466.5746 472745.4515 518940.8504 558601.5766 563330.1408 589882.7208 637104.7959 675920.2666 772126.5519 838566.6117 1011785.515 1078167.850 1241154.101 1500638.441 1706710.653 2036471.139 2216070.288 2807083.494 3494713.190 4084147.236 4816537.781 10445581.53
      sorted:	 25.00000000 25.00000000 25.00000000 25.00000000 25.00000000 194.1186363 262.2840267 493.8304309 667.2621739 1049.650889 7167.516567 13576.60604 17566.18069 22342.99806 24993.24424 33519.78779 38271.19590 42762.66070 49139.77621 51044.63997 59831.84691 68978.47950 81087.35313 92479.18674 107006.5118 119321.5850 131121.7786 140252.9052 150030.0441 157213.1142 165133.5813 168751.8616 175826.2544 180262.0640 182976.7031 191957.7370 192549.0838 195216.9369 198383.0936 199627.2384 202434.8358 203755.6378 205778.1276 210025.6152 212966.4241 215692.3552 219301.6276 230540.4806 231271.9241 233219.2763 247127.9661 253693.9431 274989.6657 282972.0294 294587.5339 316429.9283 319989.5162 353393.7707 392466.5746 472745.4515 518940.8504 558601.5766 563330.1408 589882.7208 637104.7959 675920.2666 772126.5519 838566.6117 1011785.515 1078167.850 1241154.101 1500638.441 1706710.653 2036471.139 2216070.288 2807083.494 3494713.190 4084147.236 4816537.781 10445581.53
