    unsorted:	 197172.3365 198249.4208 194705.3075 192953.7652 202597.8383 204519.3695 210218.3060 209663.4018 187474.8184 184418.1862 214566.7759 179991.9739 175082.7365 171683.2380 170845.8724 220372.5528 224507.5750 225307.0857 227499.6254 228568.1842 231021.1421 164918.4770 163282.0917 156328.2290 241778.0274 147866.4626 135932.1663 128203.7863 255357.9511 119407.4131 104430.4249 101603.5909 88209.36453 271232.7426 273300.0600 79810.47378 73649.21989 59097.90889 50596.75721 41375.71767 36979.71148 34509.80091 30100.11620 22323.12056 21193.34802 13471.41801 13011.33793 6984.242111 298235.9390 452.7517695 331205.9628 370071.9767 389756.7819 446184.1375 474465.3725 481053.8187 495486.8072 520248.7009 538263.5824 567913.2323 655299.9695 686538.7521 824273.1654 914703.0741 987773.3868 1214978.976 1420769.796 1660055.277 1841613.517 2365992.861 3201556.880 3508569.842 7478590.746 11573083.15
      sorted:	 452.7517695 6984.242111 13011.33793 13471.41801 21193.34802 22323.12056 30100.11620 34509.80091 36979.71148 41375.71767 50596.75721 59097.90889 73649.21989 79810.47378 88209.36453 101603.5909 104430.4249 119407.4131 128203.7863 135932.1663 147866.4626 156328.2290 163282.0917 164918.4770 170845.8724 171683.2380 175082.7365 179991.9739 184418.1862 187474.8184 192953.7652 194705.3075 197172.3365 198249.4208 202597.8383 204519.3695 209663.4018 210218.3060 214566.7759 220372.5528 224507.5750 225307.0857 227499.6254 228568.1842 231021.1421 241778.0274 255357.9511 271232.7426 273300.0600 298235.9390 331205.9628 370071.9767 389756.7819 446184.1375 474465.3725 481053.8187 495486.8072 520248.7009 538263.5824 567913.2323 655299.9695 686538.7521 824273.1654 914703.0741 987773.3868 1214978.976 1420769.796 1660055.277 1841613.517 2365992.861 3201556.880 3508569.842 7478590.746 11573083.15
