    unsorted:	 195682.7687 195597.5294 194655.1776 196956.9544 193178.6938 200613.7518 201527.5130 205285.0898 190084.5386 206527.7622 187720.4008 214128.0816 218254.7006 221063.3332 226632.5827 227770.8496 228519.6128 177277.0918 175176.2653 169192.9224 234105.6548 164812.2270 158932.9549 239595.2456 152782.6130 249727.1442 144304.1994 131634.2076 124536.6764 116372.7724 265452.6553 106138.1109 271098.3461 97515.79984 89806.72451 81447.20445 76736.29888 292329.0430 57947.29365 50542.20980 42415.49795 39532.85174 34613.21122 27964.98114 23715.42266 21098.90209 13451.12167 12363.59570 6876.523874 482.8196503 329037.1141 370073.4006 393970.7357 426211.5504 455366.9080 460663.3050 478955.5799 507911.3448 537792.0947 545490.7417 623918.2916 668397.3363 804349.8614 880894.8154 988424.9609 1210225.081 1393887.833 1654334.268 1810797.431 2374395.082 3119264.399 3486796.988 7412297.419 11373294.00
      sorted:	 482.8196503 6876.523874 12363.59570 13451.12167 21098.90209 23715.42266 27964.98114 34613.21122 39532.85174 42415.49795 50542.20980 57947.29365 76736.29888 81447.20445 89806.72451 97515.79984 106138.1109 116372.7724 124536.6764 131634.2076 144304.1994 152782.6130 158932.9549 164812.2270 169192.9224 175176.2653 177277.0918 187720.4008 190084.5386 193178.6938 194655.1776 195597.5294 195682.7687 196956.9544 200613.7518 201527.5130 205285.0898 206527.7622 214128.0816 218254.7006 221063.3332 226632.5827 227770.8496 228519.6128 234105.6548 239595.2456 249727.1442 265452.6553 271098.3461 292329.0430 329037.1141 370073.4006 393970.7357 426211.5504 455366.9080 460663.3050 478955.5799 507911.3448 537792.0947 545490.7417 623918.2916 668397.3363 804349.8614 880894.8154 988424.9609 1210225.081 1393887.833 1654334.268 1810797.431 2374395.082 3119264.399 3486796.988 7412297.419 11373294.00
