    unsorted:	 204025.8115 204451.3504 204785.7262 199859.2763 198398.8636 195099.5465 193464.5706 189389.5879 188437.8377 187443.5673 215012.7882 216019.2905 219765.4268 223412.3823 224834.3231 227191.8257 178430.1821 171776.4987 170365.3041 237939.6740 237020.4502 160690.8857 158191.6074 242314.4879 151949.6044 144645.0071 136401.6288 254207.9785 124878.2449 117738.5798 271406.2205 271053.0402 103556.7041 99546.14011 86214.12292 79102.32387 68368.91211 62137.62855 57694.15387 43817.60083 39768.54650 35140.89006 31431.99013 22294.80140 21158.27797 13461.03657 12509.42009 7128.377983 301694.2092 439.4541395 333275.0963 370067.1577 386180.8292 426556.1236 459623.3170 463419.2150 480259.3427 508645.1706 537660.8085 550844.7504 632101.3986 671305.0854 802699.0312 882556.4388 972729.3511 1199121.750 1395539.242 1662517.840 1811258.552 2372475.590 3099647.812 3417478.835 7355436.606 11332619.84
      sorted:	 439.4541395 7128.377983 12509.42009 13461.03657 21158.27797 22294.80140 31431.99013 35140.89006 39768.54650 43817.60083 57694.15387 62137.62855 68368.91211 79102.32387 86214.12292 99546.14011 103556.7041 117738.5798 124878.2449 136401.6288 144645.0071 151949.6044 158191.6074 160690.8857 170365.3041 171776.4987 178430.1821 187443.5673 188437.8377 189389.5879 193464.5706 195099.5465 198398.8636 199859.2763 204025.8115 204451.3504 204785.7262 215012.7882 216019.2905 219765.4268 223412.3823 224834.3231 227191.8257 237020.4502 237939.6740 242314.4879 254207.9785 271053.0402 271406.2205 301694.2092 333275.0963 370067.1577 386180.8292 426556.1236 459623.3170 463419.2150 480259.3427 508645.1706 537660.8085 550844.7504 632101.3986 671305.0854 802699.0312 882556.4388 972729.3511 1199121.750 1395539.242 1662517.840 1811258.552 2372475.590 3099647.812 3417478.835 7355436.606 11332619.84
