    unsorted:	 193745.5645 194314.7309 190885.6250 187725.1143 183290.1412 201629.5460 205833.7364 175735.4558 174223.6268 171162.5266 216595.5171 217409.9891 215265.1408 220700.2564 223025.3099 223539.5590 226493.3680 166648.7637 156198.2013 152476.2762 149962.1319 138186.4038 240020.0433 130697.2317 248435.4232 249415.2330 121859.3017 118975.5817 105387.6612 102847.3310 93729.04669 82799.72052 77587.20955 65299.48858 54208.99249 44368.84979 42910.18104 32788.74815 13265.05742 10025.58427 4131.631671 370069.6458 368771.4092 576230.0243 5557502.537 5561093.016 5571264.701 5610978.396 5612077.165 5535921.991 5623598.265 5502974.005 5483497.585 5653464.350 5676567.912 5425310.265 5700347.545 5390344.502 5370007.591 5303259.549 5284044.459 5213427.943 5177260.585 5836155.640 5902504.910 5076148.507 5997877.784 4900748.186 6134551.047 4711735.311 6274962.709 6739779.907 10177629.63 2050698449.
      sorted:	 4131.631671 10025.58427 13265.05742 32788.74815 42910.18104 44368.84979 54208.99249 65299.48858 77587.20955 82799.72052 93729.04669 102847.3310 105387.6612 118975.5817 121859.3017 130697.2317 138186.4038 149962.1319 152476.2762 156198.2013 166648.7637 171162.5266 174223.6268 175735.4558 183290.1412 187725.1143 190885.6250 193745.5645 194314.7309 201629.5460 205833.7364 215265.1408 216595.5171 217409.9891 220700.2564 223025.3099 223539.5590 226493.3680 240020.0433 248435.4232 249415.2330 368771.4092 370069.6458 576230.0243 4711735.311 4900748.186 5076148.507 5177260.585 5213427.943 5284044.459 5303259.549 5370007.591 5390344.502 5425310.265 5483497.585 5502974.005 5535921.991 5557502.537 5561093.016 5571264.701 5610978.396 5612077.165 5623598.265 5653464.350 5676567.912 5700347.545 5836155.640 5902504.910 5997877.784 6134551.047 6274962.709 6739779.907 10177629.63 2050698449.
