    unsorted:	 182646.5223 187884.5688 185441.5466 178711.1303 191542.5416 174163.5770 169128.4430 202846.5286 205457.2475 200202.2460 206353.4758 161643.2063 159730.6426 157559.6308 220229.0094 219868.4398 220535.7264 223318.6445 225441.4083 230242.2593 150127.1373 141260.7618 126334.1750 119560.1869 117592.2145 108698.8368 102862.5001 248460.7816 252123.6570 85524.21392 85847.40927 79903.43461 263258.7045 58741.74408 45589.57258 41164.35822 38898.06428 24939.39573 19870.42990 9797.656581 4799.500828 370064.4551 368879.8142 576811.1296 5565464.690 5559135.922 5572973.059 5538635.070 5618989.003 5615656.552 5624077.735 5641567.806 5505337.829 5484896.175 5683286.564 5425861.034 5391393.450 5371132.888 5725208.409 5313308.201 5286613.235 5257094.100 5826818.139 5162111.330 5122421.606 5909508.386 5991069.578 4917319.047 6112737.982 4694756.105 6328106.559 6708033.106 9961330.983 2052889121.
      sorted:	 4799.500828 9797.656581 19870.42990 24939.39573 38898.06428 41164.35822 45589.57258 58741.74408 79903.43461 85524.21392 85847.40927 102862.5001 108698.8368 117592.2145 119560.1869 126334.1750 141260.7618 150127.1373 157559.6308 159730.6426 161643.2063 169128.4430 174163.5770 178711.1303 182646.5223 185441.5466 187884.5688 191542.5416 200202.2460 202846.5286 205457.2475 206353.4758 219868.4398 220229.0094 220535.7264 223318.6445 225441.4083 230242.2593 248460.7816 252123.6570 263258.7045 368879.8142 370064.4551 576811.1296 4694756.105 4917319.047 5122421.606 5162111.330 5257094.100 5286613.235 5313308.201 5371132.888 5391393.450 5425861.034 5484896.175 5505337.829 5538635.070 5559135.922 5565464.690 5572973.059 5615656.552 5618989.003 5624077.735 5641567.806 5683286.564 5725208.409 5826818.139 5909508.386 5991069.578 6112737.982 6328106.559 6708033.106 9961330.983 2052889121.
