    unsorted:	 192467.3554 194983.1341 187915.1144 186143.0123 183800.9129 200022.1919 203913.3972 208865.0801 210221.8268 214592.4057 216496.0938 218065.2326 173419.8428 169074.7200 167730.7611 226948.1870 225522.8266 227995.4541 161789.4034 150911.2797 151880.5455 237777.8305 241656.0822 140473.7971 247883.4927 130127.9349 126214.1113 120565.7470 114166.6772 105550.4853 83627.37959 87282.55727 74592.16763 58242.91842 46259.85019 44319.63591 37519.76785 30107.40004 19235.02585 9552.952840 6758.656031 370071.7716 368691.9332 574886.0403 5556578.696 5562002.433 5575215.818 5535931.247 5610065.071 5616570.548 5624298.701 5645874.858 5500597.629 5480983.723 5686666.392 5421597.855 5382395.580 5365815.715 5721217.231 5287440.492 5265588.111 5161689.457 5848212.833 5132931.256 5925769.929 5043836.900 6021394.728 4877700.148 6172539.316 4652391.534 6325853.845 6683524.449 10517530.09 2049378641.
      sorted:	 6758.656031 9552.952840 19235.02585 30107.40004 37519.76785 44319.63591 46259.85019 58242.91842 74592.16763 83627.37959 87282.55727 105550.4853 114166.6772 120565.7470 126214.1113 130127.9349 140473.7971 150911.2797 151880.5455 161789.4034 167730.7611 169074.7200 173419.8428 183800.9129 186143.0123 187915.1144 192467.3554 194983.1341 200022.1919 203913.3972 208865.0801 210221.8268 214592.4057 216496.0938 218065.2326 225522.8266 226948.1870 227995.4541 237777.8305 241656.0822 247883.4927 368691.9332 370071.7716 574886.0403 4652391.534 4877700.148 5043836.900 5132931.256 5161689.457 5265588.111 5287440.492 5365815.715 5382395.580 5421597.855 5480983.723 5500597.629 5535931.247 5556578.696 5562002.433 5575215.818 5610065.071 5616570.548 5624298.701 5645874.858 5686666.392 5721217.231 5848212.833 5925769.929 6021394.728 6172539.316 6325853.845 6683524.449 10517530.09 2049378641.
