    unsorted:	 25.00000000 25.00000000 25.00000000 25.00000000 25.00000000 201387.7658 200176.5679 204882.2647 204412.8016 196913.0350 193394.7591 191500.9350 188457.2592 208926.9788 213726.9351 220830.5757 178482.5274 174900.5608 227058.8941 168384.2131 230096.9966 236954.6133 235056.6830 239606.9970 164344.0578 158929.7221 154537.6680 146157.3490 139661.4362 253557.2468 129804.4989 119086.3785 107877.6915 273263.1943 93477.43429 278686.4960 81041.26557 70547.83640 61711.17266 57045.74565 51522.55150 45352.86212 39794.77025 32184.96420 25185.07382 22739.89473 263.2370984 183.3450842 486.8239936 662.3565111 1015.709431 17331.53423 13470.56353 7236.162405 297637.9523 317497.3205 321688.3739 352254.6970 393677.3530 474905.0062 516812.5803 550593.1365 558781.5049 586714.1981 628649.2243 668525.1358 762955.3910 831618.1827 1007013.956 1071678.979 1240357.493 1507598.140 1697237.412 2020391.637 2214761.077 2789958.723 3506790.969 4065803.103 4822114.943 10719940.14
      sorted:	 25.00000000 25.00000000 25.00000000 25.00000000 25.00000000 183.3450842 263.2370984 486.8239936 662.3565111 1015.709431 7236.162405 13470.56353 17331.53423 22739.89473 25185.07382 32184.96420 39794.77025 45352.86212 51522.55150 57045.74565 61711.17266 70547.83640 81041.26557 93477.43429 107877.6915 119086.3785 129804.4989 139661.4362 146157.3490 154537.6680 158929.7221 164344.0578 168384.2131 174900.5608 178482.5274 188457.2592 191500.9350 193394.7591 196913.0350 200176.5679 201387.7658 204412.8016 204882.2647 208926.9788 213726.9351 220830.5757 227058.8941 230096.9966 235056.6830 236954.6133 239606.9970 253557.2468 273263.1943 278686.4960 297637.9523 317497.3205 321688.3739 352254.6970 393677.3530 474905.0062 516812.5803 550593.1365 558781.5049 586714.1981 628649.2243 668525.1358 762955.3910 831618.1827 1007013.956 1071678.979 1240357.493 1507598.140 1697237.412 2020391.637 2214761.077 2789958.723 3506790.969 4065803.103 4822114.943 10719940.14
