    unsorted:	 25.00000000 25.00000000 25.00000000 25.00000000 25.00000000 203026.5953 201831.8258 204365.0769 199428.3067 197702.8547 208624.5489 190137.0475 189521.8007 185592.1353 217011.3802 219129.0697 177765.4717 227205.5371 171044.9596 167152.4167 165618.3275 157644.1068 156296.0986 231039.1241 233502.6351 143125.9017 247046.9654 137739.3756 252714.0779 251203.0229 128027.3648 117509.4148 109435.8992 97955.97783 87351.70845 276618.4506 70947.19022 60090.80320 51370.29542 49270.95684 42408.85858 37071.15486 30353.80241 24681.68100 22121.20743 259.4127577 202.4012914 479.8947199 650.9428412 1055.110676 16207.44421 13591.90498 7146.011714 288229.3508 294187.0296 318862.5557 322157.0966 353459.5749 394149.5404 478947.2334 526017.2772 563183.5440 568427.9842 596002.6550 637081.6479 678234.5803 773409.8634 845724.1029 1018771.013 1081873.900 1235477.188 1507615.677 1690477.789 2021358.536 2229329.515 2789283.442 3541785.860 4070277.562 4818061.525 10724561.77
      sorted:	 25.00000000 25.00000000 25.00000000 25.00000000 25.00000000 202.4012914 259.4127577 479.8947199 650.9428412 1055.110676 7146.011714 13591.90498 16207.44421 22121.20743 24681.68100 30353.80241 37071.15486 42408.85858 49270.95684 51370.29542 60090.80320 70947.19022 87351.70845 97955.97783 109435.8992 117509.4148 128027.3648 137739.3756 143125.9017 156296.0986 157644.1068 165618.3275 167152.4167 171044.9596 177765.4717 185592.1353 189521.8007 190137.0475 197702.8547 199428.3067 201831.8258 203026.5953 204365.0769 208624.5489 217011.3802 219129.0697 227205.5371 231039.1241 233502.6351 247046.9654 251203.0229 252714.0779 276618.4506 288229.3508 294187.0296 318862.5557 322157.0966 353459.5749 394149.5404 478947.2334 526017.2772 563183.5440 568427.9842 596002.6550 637081.6479 678234.5803 773409.8634 845724.1029 1018771.013 1081873.900 1235477.188 1507615.677 1690477.789 2021358.536 2229329.515 2789283.442 3541785.860 4070277.562 4818061.525 10724561.77
