    unsorted:	 196517.2956 196102.0314 194284.3539 192726.3185 190104.1789 200943.8978 205277.0823 206555.4112 207817.0742 208952.4011 187585.6067 213694.7174 183512.5544 216499.7633 218995.0243 175591.2433 173587.8313 171016.7969 223268.7977 164243.3135 161674.5711 231475.8981 236063.3278 150480.1719 245110.9966 246579.8303 143116.5580 132814.9862 127543.0415 261338.7677 264332.2523 116469.6076 105054.1501 96779.12475 81547.28610 75933.19225 72144.09410 282506.4137 57626.41871 52960.53232 42995.80015 39988.98120 34083.82066 30228.58243 21932.83268 20434.29771 13450.18019 12291.04322 6753.816595 408.6863035 324727.1440 370075.6709 383216.1069 429744.7695 462896.1485 467763.1538 486342.1913 516918.0558 537459.5606 558793.4913 640752.9857 678119.2510 810192.8870 885459.2889 985592.9720 1199032.470 1376629.924 1654603.533 1793931.910 2332371.496 3072248.947 3506346.981 7247205.296 11177058.82
      sorted:	 408.6863035 6753.816595 12291.04322 13450.18019 20434.29771 21932.83268 30228.58243 34083.82066 39988.98120 42995.80015 52960.53232 57626.41871 72144.09410 75933.19225 81547.28610 96779.12475 105054.1501 116469.6076 127543.0415 132814.9862 143116.5580 150480.1719 161674.5711 164243.3135 171016.7969 173587.8313 175591.2433 183512.5544 187585.6067 190104.1789 192726.3185 194284.3539 196102.0314 196517.2956 200943.8978 205277.0823 206555.4112 207817.0742 208952.4011 213694.7174 216499.7633 218995.0243 223268.7977 231475.8981 236063.3278 245110.9966 246579.8303 261338.7677 264332.2523 282506.4137 324727.1440 370075.6709 383216.1069 429744.7695 462896.1485 467763.1538 486342.1913 516918.0558 537459.5606 558793.4913 640752.9857 678119.2510 810192.8870 885459.2889 985592.9720 1199032.470 1376629.924 1654603.533 1793931.910 2332371.496 3072248.947 3506346.981 7247205.296 11177058.82
