    unsorted:	 193102.2423 192077.4142 188094.6626 199750.8977 201407.0493 205263.0417 209782.2602 211053.0720 182512.2721 178768.3228 218433.1860 217707.2959 220317.0626 170322.4030 166959.3986 163871.4006 158144.3553 152131.4004 149815.5120 227189.7923 229759.7587 233955.0360 140572.5405 134705.4516 242702.1300 124651.7426 120802.2371 111935.0430 249764.5294 107246.2915 93262.15796 88395.41051 79967.10612 60803.14391 49352.42185 40008.49678 36654.90748 28614.01500 14442.44949 9487.432600 7372.002335 370067.4814 368710.1391 575323.5427 5610841.047 5603823.724 5564437.668 5574425.744 5553912.948 5623427.658 5536056.492 5648212.257 5501216.360 5480598.695 5674466.049 5419866.854 5700662.497 5391276.117 5361583.818 5301783.056 5271563.831 5187910.155 5165963.349 5844594.321 5919359.266 5068047.192 5997947.656 4901243.040 6151362.678 4676336.000 6304339.458 6682600.682 10283806.54 2048709397.
      sorted:	 7372.002335 9487.432600 14442.44949 28614.01500 36654.90748 40008.49678 49352.42185 60803.14391 79967.10612 88395.41051 93262.15796 107246.2915 111935.0430 120802.2371 124651.7426 134705.4516 140572.5405 149815.5120 152131.4004 158144.3553 163871.4006 166959.3986 170322.4030 178768.3228 182512.2721 188094.6626 192077.4142 193102.2423 199750.8977 201407.0493 205263.0417 209782.2602 211053.0720 217707.2959 218433.1860 220317.0626 227189.7923 229759.7587 233955.0360 242702.1300 249764.5294 368710.1391 370067.4814 575323.5427 4676336.000 4901243.040 5068047.192 5165963.349 5187910.155 5271563.831 5301783.056 5361583.818 5391276.117 5419866.854 5480598.695 5501216.360 5536056.492 5553912.948 5564437.668 5574425.744 5603823.724 5610841.047 5623427.658 5648212.257 5674466.049 5700662.497 5844594.321 5919359.266 5997947.656 6151362.678 6304339.458 6682600.682 10283806.54 2048709397.
