    unsorted:	 198080.6468 196959.1015 193394.6875 191715.1638 200888.8695 188200.6761 188957.1993 203366.9384 184621.1584 208357.5410 209855.0252 213730.4752 178362.9527 215998.3966 173415.6329 168618.8626 169053.0960 162954.6194 224269.2164 225449.3436 229363.0310 157588.2210 233950.6238 235050.7477 150889.6059 247583.2286 136906.1527 257275.7770 126564.1741 117234.5517 272988.4685 275952.6476 102399.5408 89786.19726 87653.74152 79223.37569 69732.44246 59174.85228 50697.19290 43801.49277 41134.78122 35474.59540 32340.86724 20660.31355 21991.11127 13467.11199 12794.95469 7162.644108 302681.3580 426.8000321 334517.8040 370066.4866 391484.6196 440978.0793 469924.4900 474439.8293 491437.8239 518638.0725 538141.1475 566003.5188 649091.2457 681901.4354 816945.2279 897568.9683 981665.0282 1202575.387 1393319.659 1646928.708 1812298.808 2352740.210 3088980.029 3426610.574 7330050.084 11248823.02
      sorted:	 426.8000321 7162.644108 12794.95469 13467.11199 20660.31355 21991.11127 32340.86724 35474.59540 41134.78122 43801.49277 50697.19290 59174.85228 69732.44246 79223.37569 87653.74152 89786.19726 102399.5408 117234.5517 126564.1741 136906.1527 150889.6059 157588.2210 162954.6194 168618.8626 169053.0960 173415.6329 178362.9527 184621.1584 188200.6761 188957.1993 191715.1638 193394.6875 196959.1015 198080.6468 200888.8695 203366.9384 208357.5410 209855.0252 213730.4752 215998.3966 224269.2164 225449.3436 229363.0310 233950.6238 235050.7477 247583.2286 257275.7770 272988.4685 275952.6476 302681.3580 334517.8040 370066.4866 391484.6196 440978.0793 469924.4900 474439.8293 491437.8239 518638.0725 538141.1475 566003.5188 649091.2457 681901.4354 816945.2279 897568.9683 981665.0282 1202575.387 1393319.659 1646928.708 1812298.808 2352740.210 3088980.029 3426610.574 7330050.084 11248823.02
