    unsorted:	 198249.8893 198380.2179 195983.3581 201788.7502 207751.7986 206105.7526 208421.6398 192635.0188 188002.4635 187678.8351 182802.1754 214106.8281 175181.6821 172243.4016 170933.4917 166191.0789 163608.6430 225261.7831 225445.4649 224297.5022 231175.0190 236012.8107 239123.2348 153082.4555 150619.2099 244809.2558 134826.2714 251655.8203 128328.0688 117466.4998 104495.5156 270438.5862 273659.6318 97517.40032 82397.79772 77842.19116 70138.02270 59337.32246 49084.36477 43016.06286 37895.53224 35876.65043 30602.20025 22431.54537 21361.40233 13466.93138 12906.03783 7042.624426 301196.0266 479.3334200 332331.5085 370070.5180 387134.6343 441689.0666 470301.3481 478579.4231 487142.0236 514791.6414 537873.7145 562450.6176 651346.5654 690057.6300 825014.3893 909431.3891 989284.2940 1214199.775 1416423.011 1677570.533 1841087.485 2377247.389 3097288.699 3446826.797 7403269.037 11290619.21
      sorted:	 479.3334200 7042.624426 12906.03783 13466.93138 21361.40233 22431.54537 30602.20025 35876.65043 37895.53224 43016.06286 49084.36477 59337.32246 70138.02270 77842.19116 82397.79772 97517.40032 104495.5156 117466.4998 128328.0688 134826.2714 150619.2099 153082.4555 163608.6430 166191.0789 170933.4917 172243.4016 175181.6821 182802.1754 187678.8351 188002.4635 192635.0188 195983.3581 198249.8893 198380.2179 201788.7502 206105.7526 207751.7986 208421.6398 214106.8281 224297.5022 225261.7831 225445.4649 231175.0190 236012.8107 239123.2348 244809.2558 251655.8203 270438.5862 273659.6318 301196.0266 332331.5085 370070.5180 387134.6343 441689.0666 470301.3481 478579.4231 487142.0236 514791.6414 537873.7145 562450.6176 651346.5654 690057.6300 825014.3893 909431.3891 989284.2940 1214199.775 1416423.011 1677570.533 1841087.485 2377247.389 3097288.699 3446826.797 7403269.037 11290619.21
