    unsorted:	 25.00000000 25.00000000 25.00000000 25.00000000 25.00000000 200293.4913 201372.5088 204535.9668 208670.8959 212040.3980 195539.2552 189440.6955 190743.1483 214529.8627 217184.3962 182839.2527 176132.4571 168691.5540 166614.2447 226659.7307 228251.1275 155635.8741 162028.4336 153281.0590 236150.8773 241760.9000 143024.9390 136649.3780 249354.7346 128067.3541 257277.5174 118951.1463 109692.0125 97271.86238 86049.58523 278933.2456 70680.40017 60411.15660 51347.60675 47656.98600 43260.51141 39219.39278 29682.10727 24547.78134 22577.93051 16326.13667 261.0492393 197.1074446 482.9880236 649.7437684 1053.862336 13400.79155 7019.522267 290132.4788 292383.4860 310538.3122 323364.7894 343574.7535 389219.2653 475687.4005 508876.8946 546041.2324 552202.9545 582494.4863 629234.0111 662228.4082 754003.5245 826411.5629 999551.6172 1061091.973 1228578.888 1512199.774 1700303.259 2029129.324 2234147.440 2810939.313 3555924.941 4119896.406 4841638.000 10796247.03
      sorted:	 25.00000000 25.00000000 25.00000000 25.00000000 25.00000000 197.1074446 261.0492393 482.9880236 649.7437684 1053.862336 7019.522267 13400.79155 16326.13667 22577.93051 24547.78134 29682.10727 39219.39278 43260.51141 47656.98600 51347.60675 60411.15660 70680.40017 86049.58523 97271.86238 109692.0125 118951.1463 128067.3541 136649.3780 143024.9390 153281.0590 155635.8741 162028.4336 166614.2447 168691.5540 176132.4571 182839.2527 189440.6955 190743.1483 195539.2552 200293.4913 201372.5088 204535.9668 208670.8959 212040.3980 214529.8627 217184.3962 226659.7307 228251.1275 236150.8773 241760.9000 249354.7346 257277.5174 278933.2456 290132.4788 292383.4860 310538.3122 323364.7894 343574.7535 389219.2653 475687.4005 508876.8946 546041.2324 552202.9545 582494.4863 629234.0111 662228.4082 754003.5245 826411.5629 999551.6172 1061091.973 1228578.888 1512199.774 1700303.259 2029129.324 2234147.440 2810939.313 3555924.941 4119896.406 4841638.000 10796247.03
