    unsorted:	 208631.7881 207250.2700 202526.5256 201124.8252 199485.0053 195527.6355 194779.8794 186343.7083 185394.5977 188294.5635 213673.4812 217209.0465 217495.4097 177238.1631 175711.2892 169965.6748 225457.8462 166482.8486 158284.8271 235382.0865 154196.8358 242432.2893 244508.4901 245071.3996 253323.1917 260081.4796 137356.4670 134183.9288 125233.2144 266221.7381 116836.7068 103874.0641 98835.99145 92192.14370 279251.8588 79657.43108 66019.91167 59468.82566 54453.12787 43156.73404 39583.62575 35566.60445 33007.19014 22756.05803 21157.99935 13503.54388 13133.09430 294723.5978 7217.240660 483.5536372 335202.2367 370064.4521 389826.9386 428084.7500 461292.1505 469242.0311 485671.0717 512524.2110 537671.2650 558210.2913 639132.3008 680612.2247 808753.6274 887824.2070 967256.1083 1191589.411 1359772.235 1635084.474 1780748.781 2319348.498 3027043.655 3520132.193 7248272.587 11140984.99
      sorted:	 483.5536372 7217.240660 13133.09430 13503.54388 21157.99935 22756.05803 33007.19014 35566.60445 39583.62575 43156.73404 54453.12787 59468.82566 66019.91167 79657.43108 92192.14370 98835.99145 103874.0641 116836.7068 125233.2144 134183.9288 137356.4670 154196.8358 158284.8271 166482.8486 169965.6748 175711.2892 177238.1631 185394.5977 186343.7083 188294.5635 194779.8794 195527.6355 199485.0053 201124.8252 202526.5256 207250.2700 208631.7881 213673.4812 217209.0465 217495.4097 225457.8462 235382.0865 242432.2893 244508.4901 245071.3996 253323.1917 260081.4796 266221.7381 279251.8588 294723.5978 335202.2367 370064.4521 389826.9386 428084.7500 461292.1505 469242.0311 485671.0717 512524.2110 537671.2650 558210.2913 639132.3008 680612.2247 808753.6274 887824.2070 967256.1083 1191589.411 1359772.235 1635084.474 1780748.781 2319348.498 3027043.655 3520132.193 7248272.587 11140984.99
