    unsorted:	 191265.9920 191351.3283 194296.3106 196622.9642 186327.1784 181860.1574 202922.4822 206731.8309 208910.9139 215964.2594 219418.8626 218448.2197 217666.3033 224422.3314 227718.6501 171508.3193 167260.6043 165905.0805 231522.5737 157371.3685 155289.9887 150432.5280 143801.8663 137251.7517 240967.8501 121463.4191 125206.8606 110954.1925 103926.0742 256734.0485 94945.93576 89276.00720 70244.73936 57251.80977 44172.04088 40920.18777 39960.20383 25290.92035 12057.08521 9238.676455 7265.861511 370064.2731 368743.9880 575574.7601 5554543.614 5562564.231 5571676.995 5537631.877 5617393.590 5610617.511 5624856.925 5503446.387 5654024.446 5481204.746 5688907.946 5421534.638 5709542.616 5390797.339 5362512.030 5300305.171 5268581.646 5838169.695 5178082.855 5163233.701 5927922.960 5065702.004 5999434.322 4905497.781 6150020.266 4683229.979 6308008.180 6695902.719 10300561.98 2048919710.
      sorted:	 7265.861511 9238.676455 12057.08521 25290.92035 39960.20383 40920.18777 44172.04088 57251.80977 70244.73936 89276.00720 94945.93576 103926.0742 110954.1925 121463.4191 125206.8606 137251.7517 143801.8663 150432.5280 155289.9887 157371.3685 165905.0805 167260.6043 171508.3193 181860.1574 186327.1784 191265.9920 191351.3283 194296.3106 196622.9642 202922.4822 206731.8309 208910.9139 215964.2594 217666.3033 218448.2197 219418.8626 224422.3314 227718.6501 231522.5737 240967.8501 256734.0485 368743.9880 370064.2731 575574.7601 4683229.979 4905497.781 5065702.004 5163233.701 5178082.855 5268581.646 5300305.171 5362512.030 5390797.339 5421534.638 5481204.746 5503446.387 5537631.877 5554543.614 5562564.231 5571676.995 5610617.511 5617393.590 5624856.925 5654024.446 5688907.946 5709542.616 5838169.695 5927922.960 5999434.322 6150020.266 6308008.180 6695902.719 10300561.98 2048919710.
