    unsorted:	 196760.6454 195987.8343 199518.0688 199988.2146 194859.6139 206545.6339 206974.1535 205097.7386 210237.9983 211122.1079 188773.1973 187056.1128 216330.9611 221903.0388 228238.2422 227813.4522 174800.9365 170749.0232 168690.0845 164624.0877 234597.2827 237568.7764 240149.8424 156876.7589 154237.9367 144979.0784 136133.4725 129397.9744 257420.2435 117783.0827 266260.7013 275199.8310 102338.1866 96662.68435 89767.60729 77735.03245 72751.23198 60028.44415 56443.74648 288824.1931 44010.77702 40929.84385 35339.64137 29872.16413 22081.34451 20943.58514 13479.84913 13048.05781 6977.482446 448.2931938 327916.3914 370071.3610 388172.0630 436830.4112 464487.1454 468580.9762 484369.4407 511535.1492 537562.4463 555856.2744 639998.6149 676093.6121 804283.4715 884113.9219 980270.6384 1195451.290 1371086.545 1629385.168 1773191.274 2310050.849 3053330.906 3536114.952 7275163.958 11157042.76
      sorted:	 448.2931938 6977.482446 13048.05781 13479.84913 20943.58514 22081.34451 29872.16413 35339.64137 40929.84385 44010.77702 56443.74648 60028.44415 72751.23198 77735.03245 89767.60729 96662.68435 102338.1866 117783.0827 129397.9744 136133.4725 144979.0784 154237.9367 156876.7589 164624.0877 168690.0845 170749.0232 174800.9365 187056.1128 188773.1973 194859.6139 195987.8343 196760.6454 199518.0688 199988.2146 205097.7386 206545.6339 206974.1535 210237.9983 211122.1079 216330.9611 221903.0388 227813.4522 228238.2422 234597.2827 237568.7764 240149.8424 257420.2435 266260.7013 275199.8310 288824.1931 327916.3914 370071.3610 388172.0630 436830.4112 464487.1454 468580.9762 484369.4407 511535.1492 537562.4463 555856.2744 639998.6149 676093.6121 804283.4715 884113.9219 980270.6384 1195451.290 1371086.545 1629385.168 1773191.274 2310050.849 3053330.906 3536114.952 7275163.958 11157042.76
