    unsorted:	 25.00000000 25.00000000 25.00000000 25.00000000 25.00000000 191610.4850 197557.9163 200173.4997 192825.2136 189694.3783 187719.1486 202332.5380 179505.5485 207948.4433 212093.2553 213238.8988 217441.2776 172293.9399 171162.5285 168196.7533 223839.2803 164220.9163 160977.5954 233288.8914 230123.7585 234073.2793 151133.8777 240409.8866 141702.7092 130967.5919 254872.4286 118428.8310 105382.1806 87646.06736 86213.83926 72911.48853 63406.62174 52705.47218 50611.74375 43902.64804 39650.52605 33040.47796 25143.62136 21841.82946 261.6074868 184.0395291 463.5086833 654.8652881 1003.311608 16797.10937 13724.84241 7398.745907 276652.1913 281358.4563 306295.2556 319877.5955 331100.0653 365677.1321 401368.6820 483042.0408 533661.7567 568721.6621 575883.7367 603338.4589 642373.6759 688545.0642 787340.6767 843886.1607 1018705.569 1094544.338 1236400.289 1504163.908 1719470.411 2045298.975 2232758.080 2799156.150 3510937.521 4091226.964 4813990.699 10818861.57
      sorted:	 25.00000000 25.00000000 25.00000000 25.00000000 25.00000000 184.0395291 261.6074868 463.5086833 654.8652881 1003.311608 7398.745907 13724.84241 16797.10937 21841.82946 25143.62136 33040.47796 39650.52605 43902.64804 50611.74375 52705.47218 63406.62174 72911.48853 86213.83926 87646.06736 105382.1806 118428.8310 130967.5919 141702.7092 151133.8777 160977.5954 164220.9163 168196.7533 171162.5285 172293.9399 179505.5485 187719.1486 189694.3783 191610.4850 192825.2136 197557.9163 200173.4997 202332.5380 207948.4433 212093.2553 213238.8988 217441.2776 223839.2803 230123.7585 233288.8914 234073.2793 240409.8866 254872.4286 276652.1913 281358.4563 306295.2556 319877.5955 331100.0653 365677.1321 401368.6820 483042.0408 533661.7567 568721.6621 575883.7367 603338.4589 642373.6759 688545.0642 787340.6767 843886.1607 1018705.569 1094544.338 1236400.289 1504163.908 1719470.411 2045298.975 2232758.080 2799156.150 3510937.521 4091226.964 4813990.699 10818861.57
