    unsorted:	 25.00000000 25.00000000 25.00000000 25.00000000 25.00000000 197482.5973 196810.3983 200743.9041 202968.7295 192635.0379 190816.3681 204368.7638 208673.4271 212949.3153 180884.4625 179286.3608 173518.0547 170539.4039 166627.1477 162820.0222 219406.6593 222136.3706 157410.4736 235739.5919 234435.6142 237942.0860 147875.8587 140102.4332 126502.3917 116239.8407 110415.9762 258290.6728 259530.4229 97133.99286 84704.95588 78653.78187 67145.26748 58672.46838 45440.17613 40988.52731 38092.21087 31359.42915 25185.43959 22170.30588 17035.67031 262.0952860 207.7738738 495.1341205 662.4859579 1094.609934 13779.72663 7277.205741 283135.2940 298989.3770 296645.9815 325216.7507 330855.6423 365602.8138 401221.0597 483056.7601 530487.3694 563194.9543 570896.4613 597500.9753 636542.5319 680732.3683 777452.4939 841264.7403 1023242.927 1092568.333 1254565.459 1505945.066 1712402.880 2038675.243 2242488.459 2820687.877 3547538.187 4126724.163 4832945.346 10943912.49
      sorted:	 25.00000000 25.00000000 25.00000000 25.00000000 25.00000000 207.7738738 262.0952860 495.1341205 662.4859579 1094.609934 7277.205741 13779.72663 17035.67031 22170.30588 25185.43959 31359.42915 38092.21087 40988.52731 45440.17613 58672.46838 67145.26748 78653.78187 84704.95588 97133.99286 110415.9762 116239.8407 126502.3917 140102.4332 147875.8587 157410.4736 162820.0222 166627.1477 170539.4039 173518.0547 179286.3608 180884.4625 190816.3681 192635.0379 196810.3983 197482.5973 200743.9041 202968.7295 204368.7638 208673.4271 212949.3153 219406.6593 222136.3706 234435.6142 235739.5919 237942.0860 258290.6728 259530.4229 283135.2940 296645.9815 298989.3770 325216.7507 330855.6423 365602.8138 401221.0597 483056.7601 530487.3694 563194.9543 570896.4613 597500.9753 636542.5319 680732.3683 777452.4939 841264.7403 1023242.927 1092568.333 1254565.459 1505945.066 1712402.880 2038675.243 2242488.459 2820687.877 3547538.187 4126724.163 4832945.346 10943912.49
