    unsorted:	 194280.8542 192746.0736 196878.5315 189465.2287 187551.2899 202859.8266 205984.0749 182454.0500 210490.6624 213120.3739 216911.7072 219765.7225 224149.2114 224309.3932 227175.6681 172454.6776 170262.4431 164533.5452 166070.9479 161075.8620 231896.0166 153831.0319 144118.8623 136183.8000 242670.8530 125777.5371 120949.6075 112404.5082 105994.0270 253999.3690 86149.99794 87985.62761 74588.75356 56420.13494 42940.93986 35514.60485 32331.67981 26994.16006 18150.99721 9838.297053 7381.527402 370071.4979 368799.0061 575807.3483 5559535.700 5564774.681 5573244.702 5542333.945 5609117.946 5613432.661 5622198.098 5645611.021 5502816.363 5483745.050 5683687.603 5426776.647 5711075.103 5393534.303 5368425.584 5313415.211 5282247.084 5827739.490 5200564.591 5159320.345 5922866.528 5077733.129 5994532.164 4884899.815 6146955.969 4663402.343 6299188.847 6672720.237 10138541.75 2051174519.
      sorted:	 7381.527402 9838.297053 18150.99721 26994.16006 32331.67981 35514.60485 42940.93986 56420.13494 74588.75356 86149.99794 87985.62761 105994.0270 112404.5082 120949.6075 125777.5371 136183.8000 144118.8623 153831.0319 161075.8620 164533.5452 166070.9479 170262.4431 172454.6776 182454.0500 187551.2899 189465.2287 192746.0736 194280.8542 196878.5315 202859.8266 205984.0749 210490.6624 213120.3739 216911.7072 219765.7225 224149.2114 224309.3932 227175.6681 231896.0166 242670.8530 253999.3690 368799.0061 370071.4979 575807.3483 4663402.343 4884899.815 5077733.129 5159320.345 5200564.591 5282247.084 5313415.211 5368425.584 5393534.303 5426776.647 5483745.050 5502816.363 5542333.945 5559535.700 5564774.681 5573244.702 5609117.946 5613432.661 5622198.098 5645611.021 5683687.603 5711075.103 5827739.490 5922866.528 5994532.164 6146955.969 6299188.847 6672720.237 10138541.75 2051174519.
