    unsorted:	 25.00000000 25.00000000 25.00000000 25.00000000 25.00000000 199875.7489 195859.6632 194054.3349 192731.5995 191258.4107 202930.9522 186382.1597 181691.9121 206266.1623 208887.4044 214107.2010 217040.8095 220578.0923 174076.2719 169546.9238 163067.7941 160061.9776 155418.7928 237211.9078 235739.8392 241261.1917 147335.1438 141617.6048 247766.8987 134364.9960 123372.8088 261634.9938 111551.8951 97033.91310 88343.81621 72788.19723 61699.52468 51741.30715 48010.18308 43954.09975 40871.14282 30244.24583 25659.76034 22457.54826 16934.42409 262.6979809 191.8607024 478.8293257 654.7382619 1044.542654 14203.66363 7653.561930 283466.0646 289939.1163 313800.8167 326732.5261 334509.3176 373199.2031 408532.1490 481976.2158 538853.9115 579418.1341 585561.2210 610017.3395 646028.6546 697720.2652 800000.2771 855825.0424 1030330.721 1129796.774 1238434.543 1509273.803 1770762.340 2101998.367 2272324.270 2836209.214 3543129.769 4220113.990 4863553.236 11215096.49
      sorted:	 25.00000000 25.00000000 25.00000000 25.00000000 25.00000000 191.8607024 262.6979809 478.8293257 654.7382619 1044.542654 7653.561930 14203.66363 16934.42409 22457.54826 25659.76034 30244.24583 40871.14282 43954.09975 48010.18308 51741.30715 61699.52468 72788.19723 88343.81621 97033.91310 111551.8951 123372.8088 134364.9960 141617.6048 147335.1438 155418.7928 160061.9776 163067.7941 169546.9238 174076.2719 181691.9121 186382.1597 191258.4107 192731.5995 194054.3349 195859.6632 199875.7489 202930.9522 206266.1623 208887.4044 214107.2010 217040.8095 220578.0923 235739.8392 237211.9078 241261.1917 247766.8987 261634.9938 283466.0646 289939.1163 313800.8167 326732.5261 334509.3176 373199.2031 408532.1490 481976.2158 538853.9115 579418.1341 585561.2210 610017.3395 646028.6546 697720.2652 800000.2771 855825.0424 1030330.721 1129796.774 1238434.543 1509273.803 1770762.340 2101998.367 2272324.270 2836209.214 3543129.769 4220113.990 4863553.236 11215096.49
