    unsorted:	 194771.6764 191961.9552 197984.4023 199457.0102 188491.1824 185569.5497 181410.6779 205247.9642 172999.7731 218193.1211 216633.1181 221670.4584 222636.7981 224563.0597 224742.8821 230319.1528 166679.9202 162753.7654 159218.4976 154558.7305 150556.4789 242412.5993 242459.4577 247518.8520 140300.3050 133775.4010 121365.7694 123447.8080 109743.9101 104459.9928 88725.80403 87223.67956 73941.27856 60744.45169 49111.49041 46099.65178 43134.91505 24615.00153 16793.59687 10226.42045 5350.839290 370067.2574 368789.0916 575875.2042 5618260.281 5613998.354 5623350.367 5565291.668 5556334.426 5574709.402 5536683.675 5647660.388 5504362.887 5482959.001 5693971.355 5424207.925 5716833.586 5384315.805 5361225.468 5297233.783 5279533.614 5824942.861 5212992.848 5167247.567 5097161.203 5926136.994 5999163.344 4903692.121 6147101.966 4684869.086 6327197.668 6717734.015 10166619.35 2051090272.
      sorted:	 5350.839290 10226.42045 16793.59687 24615.00153 43134.91505 46099.65178 49111.49041 60744.45169 73941.27856 87223.67956 88725.80403 104459.9928 109743.9101 121365.7694 123447.8080 133775.4010 140300.3050 150556.4789 154558.7305 159218.4976 162753.7654 166679.9202 172999.7731 181410.6779 185569.5497 188491.1824 191961.9552 194771.6764 197984.4023 199457.0102 205247.9642 216633.1181 218193.1211 221670.4584 222636.7981 224563.0597 224742.8821 230319.1528 242412.5993 242459.4577 247518.8520 368789.0916 370067.2574 575875.2042 4684869.086 4903692.121 5097161.203 5167247.567 5212992.848 5279533.614 5297233.783 5361225.468 5384315.805 5424207.925 5482959.001 5504362.887 5536683.675 5556334.426 5565291.668 5574709.402 5613998.354 5618260.281 5623350.367 5647660.388 5693971.355 5716833.586 5824942.861 5926136.994 5999163.344 6147101.966 6327197.668 6717734.015 10166619.35 2051090272.
