    unsorted:	 201229.8676 200944.0284 200173.7468 204623.6381 197816.8268 195602.1096 192297.2553 208898.0826 209507.8226 185186.7954 187388.6079 215957.2645 179826.5869 220308.9700 226350.0217 229968.7748 231288.3991 232390.5258 233226.0797 169732.4136 167176.7339 161391.4052 160589.5951 154405.9738 150251.2757 244744.1334 137655.1780 254093.5044 131833.0261 118477.2751 272914.7828 275810.3287 101955.7749 94291.30155 80634.04422 78429.98838 64246.53803 58011.85498 53977.52461 46397.91157 40800.63271 34796.13414 30550.89684 23330.74311 21778.96537 13469.24328 12949.64529 7101.838369 300742.4362 450.7676360 333783.7039 370065.9518 391648.6774 439793.1421 467837.5148 472363.9786 485475.2132 516684.8586 537747.0712 563490.5945 649319.9429 679901.4772 819767.7777 901252.8182 987903.3282 1212301.285 1400982.026 1661899.692 1812857.385 2359703.190 3077414.466 3474433.100 7394122.886 11326326.50
      sorted:	 450.7676360 7101.838369 12949.64529 13469.24328 21778.96537 23330.74311 30550.89684 34796.13414 40800.63271 46397.91157 53977.52461 58011.85498 64246.53803 78429.98838 80634.04422 94291.30155 101955.7749 118477.2751 131833.0261 137655.1780 150251.2757 154405.9738 160589.5951 161391.4052 167176.7339 169732.4136 179826.5869 185186.7954 187388.6079 192297.2553 195602.1096 197816.8268 200173.7468 200944.0284 201229.8676 204623.6381 208898.0826 209507.8226 215957.2645 220308.9700 226350.0217 229968.7748 231288.3991 232390.5258 233226.0797 244744.1334 254093.5044 272914.7828 275810.3287 300742.4362 333783.7039 370065.9518 391648.6774 439793.1421 467837.5148 472363.9786 485475.2132 516684.8586 537747.0712 563490.5945 649319.9429 679901.4772 819767.7777 901252.8182 987903.3282 1212301.285 1400982.026 1661899.692 1812857.385 2359703.190 3077414.466 3474433.100 7394122.886 11326326.50
