    unsorted:	 25.00000000 25.00000000 25.00000000 25.00000000 25.00000000 209105.6388 198412.6960 200331.9564 195987.1945 192845.6276 191151.4928 206048.8762 205034.0048 189840.5363 211968.7416 214361.8109 180132.3307 173604.3033 171289.8467 225444.6159 163571.0750 162741.6596 157134.4808 230543.7527 236349.7029 240122.5514 148308.7144 139916.1083 249517.5394 131723.5627 120518.5143 262364.0513 106908.5500 91092.82684 86301.56449 73234.52342 63709.13977 56452.01224 50765.51674 44648.91332 37985.09747 32901.44921 25376.91720 22183.88139 17014.61832 261.1077244 188.8379890 481.1244878 663.1275036 1038.351308 13883.68848 7439.167444 282006.0261 288898.7998 304539.5197 324111.3153 328444.3596 364548.5422 401715.9898 476602.7810 528602.1796 550355.7659 566945.0257 587472.0300 622907.4673 670944.3088 767319.4140 831933.9389 1003813.233 1060858.344 1221984.085 1487880.582 1667443.998 2004940.203 2200612.476 2768274.053 3515075.790 4049927.520 4840959.691 10606758.89
      sorted:	 25.00000000 25.00000000 25.00000000 25.00000000 25.00000000 188.8379890 261.1077244 481.1244878 663.1275036 1038.351308 7439.167444 13883.68848 17014.61832 22183.88139 25376.91720 32901.44921 37985.09747 44648.91332 50765.51674 56452.01224 63709.13977 73234.52342 86301.56449 91092.82684 106908.5500 120518.5143 131723.5627 139916.1083 148308.7144 157134.4808 162741.6596 163571.0750 171289.8467 173604.3033 180132.3307 189840.5363 191151.4928 192845.6276 195987.1945 198412.6960 200331.9564 205034.0048 206048.8762 209105.6388 211968.7416 214361.8109 225444.6159 230543.7527 236349.7029 240122.5514 249517.5394 262364.0513 282006.0261 288898.7998 304539.5197 324111.3153 328444.3596 364548.5422 401715.9898 476602.7810 528602.1796 550355.7659 566945.0257 587472.0300 622907.4673 670944.3088 767319.4140 831933.9389 1003813.233 1060858.344 1221984.085 1487880.582 1667443.998 2004940.203 2200612.476 2768274.053 3515075.790 4049927.520 4840959.691 10606758.89
