    unsorted:	 25.00000000 25.00000000 25.00000000 25.00000000 25.00000000 193072.8311 196933.2955 196336.3116 188743.4546 202370.7046 204675.7219 207693.4792 210281.0592 213025.7210 213543.2655 215518.0883 183844.0237 181585.4212 175520.5296 170754.4472 167063.6037 163742.9763 158727.3268 152266.3797 233581.1428 235946.8914 238074.1924 139208.7783 128263.6311 257519.8844 260974.6258 117251.7295 107396.6553 93916.97023 82132.34664 71113.16138 63186.04289 54782.31020 51743.54775 44678.13039 38391.81303 33405.72110 26174.09117 23399.17297 262.1450583 205.8751939 469.3396949 651.4167965 1074.185930 16355.64042 13767.48517 7364.294197 284548.6021 296916.2833 301442.8055 325268.0478 328710.1978 364448.3182 401374.8931 481332.9858 527044.4905 562686.7116 569255.5118 595210.9088 634025.8318 678770.5002 775330.1424 842133.7917 1019101.554 1094282.273 1250577.596 1506395.176 1725030.055 2054451.386 2245712.202 2825653.560 3541268.638 4125753.326 4820946.984 11046879.36
      sorted:	 25.00000000 25.00000000 25.00000000 25.00000000 25.00000000 205.8751939 262.1450583 469.3396949 651.4167965 1074.185930 7364.294197 13767.48517 16355.64042 23399.17297 26174.09117 33405.72110 38391.81303 44678.13039 51743.54775 54782.31020 63186.04289 71113.16138 82132.34664 93916.97023 107396.6553 117251.7295 128263.6311 139208.7783 152266.3797 158727.3268 163742.9763 167063.6037 170754.4472 175520.5296 181585.4212 183844.0237 188743.4546 193072.8311 196336.3116 196933.2955 202370.7046 204675.7219 207693.4792 210281.0592 213025.7210 213543.2655 215518.0883 233581.1428 235946.8914 238074.1924 257519.8844 260974.6258 284548.6021 296916.2833 301442.8055 325268.0478 328710.1978 364448.3182 401374.8931 481332.9858 527044.4905 562686.7116 569255.5118 595210.9088 634025.8318 678770.5002 775330.1424 842133.7917 1019101.554 1094282.273 1250577.596 1506395.176 1725030.055 2054451.386 2245712.202 2825653.560 3541268.638 4125753.326 4820946.984 11046879.36
