    unsorted:	 195894.3112 195986.6220 188222.3446 186217.2195 182866.8838 177513.5570 173106.3387 169840.6753 167824.0867 166549.4129 202546.3042 205432.5895 210235.3101 209272.7109 158366.0704 152544.6296 217624.9969 219913.4578 220821.6910 225170.5024 227912.3205 143369.3757 136581.6118 239607.5852 242838.0917 125870.8647 119803.0626 114411.6690 104526.9953 87489.09076 85742.34422 263927.9606 66210.69955 57432.55572 50356.33961 44643.81395 30413.88381 28012.44174 10392.10692 9115.430027 6875.597590 370074.8549 368785.1080 575891.9051 5614048.039 5609103.655 5621643.435 5580013.636 5558002.306 5564163.968 5534347.957 5644621.446 5503800.637 5482633.368 5675810.461 5424379.871 5713839.103 5387190.322 5365931.134 5295020.995 5281514.067 5834596.732 5196026.988 5163707.630 5916996.608 5088070.295 6012089.964 4904155.704 6144227.424 4666372.100 6312665.575 6688948.290 10234534.61 2049776177.
      sorted:	 6875.597590 9115.430027 10392.10692 28012.44174 30413.88381 44643.81395 50356.33961 57432.55572 66210.69955 85742.34422 87489.09076 104526.9953 114411.6690 119803.0626 125870.8647 136581.6118 143369.3757 152544.6296 158366.0704 166549.4129 167824.0867 169840.6753 173106.3387 177513.5570 182866.8838 186217.2195 188222.3446 195894.3112 195986.6220 202546.3042 205432.5895 209272.7109 210235.3101 217624.9969 219913.4578 220821.6910 225170.5024 227912.3205 239607.5852 242838.0917 263927.9606 368785.1080 370074.8549 575891.9051 4666372.100 4904155.704 5088070.295 5163707.630 5196026.988 5281514.067 5295020.995 5365931.134 5387190.322 5424379.871 5482633.368 5503800.637 5534347.957 5558002.306 5564163.968 5580013.636 5609103.655 5614048.039 5621643.435 5644621.446 5675810.461 5713839.103 5834596.732 5916996.608 6012089.964 6144227.424 6312665.575 6688948.290 10234534.61 2049776177.
