    unsorted:	 210535.0827 211943.5841 207555.0723 205709.5560 201706.0010 198366.1541 190712.1537 191259.9336 218301.5692 219513.4320 220811.6359 223682.6660 185822.5834 227840.8113 230069.7448 177420.4113 172254.4449 169960.0810 164655.6523 163222.4282 159523.9025 152897.3264 242367.1087 142934.6542 136314.3015 125803.4453 120267.8613 114190.0955 105064.1019 263636.7838 87899.31541 85960.10319 72798.39080 58448.75180 43995.17851 43504.51660 30244.13139 28166.40963 17398.24584 9919.533785 4193.881198 370069.2682 368825.8246 576097.6779 5614769.148 5613591.980 5622031.641 5578817.953 5566801.100 5558429.980 5536772.855 5646058.069 5504151.092 5482941.532 5684499.131 5424439.548 5711968.195 5386655.271 5365277.970 5286120.031 5290763.344 5223763.829 5828699.068 5165213.409 5103488.957 5920227.812 6009624.195 4909112.324 6154591.634 4672614.200 6330510.916 6715146.805 10220370.81 2051835791.
      sorted:	 4193.881198 9919.533785 17398.24584 28166.40963 30244.13139 43504.51660 43995.17851 58448.75180 72798.39080 85960.10319 87899.31541 105064.1019 114190.0955 120267.8613 125803.4453 136314.3015 142934.6542 152897.3264 159523.9025 163222.4282 164655.6523 169960.0810 172254.4449 177420.4113 185822.5834 190712.1537 191259.9336 198366.1541 201706.0010 205709.5560 207555.0723 210535.0827 211943.5841 218301.5692 219513.4320 220811.6359 223682.6660 227840.8113 230069.7448 242367.1087 263636.7838 368825.8246 370069.2682 576097.6779 4672614.200 4909112.324 5103488.957 5165213.409 5223763.829 5286120.031 5290763.344 5365277.970 5386655.271 5424439.548 5482941.532 5504151.092 5536772.855 5558429.980 5566801.100 5578817.953 5613591.980 5614769.148 5622031.641 5646058.069 5684499.131 5711968.195 5828699.068 5920227.812 6009624.195 6154591.634 6330510.916 6715146.805 10220370.81 2051835791.
