    unsorted:	 25.00000000 25.00000000 25.00000000 25.00000000 25.00000000 200055.8452 200260.0964 198248.6062 197289.2942 196183.1251 201787.8396 190883.2740 208805.5126 209828.4632 188098.2713 215325.2112 216725.5542 181573.5044 220916.6670 174929.7267 226985.8640 228155.2060 168121.3778 164092.5643 163348.9697 155923.7462 237141.2359 147370.1708 138852.6699 245697.6507 130855.9690 118775.9608 107422.0433 263461.4536 264637.2463 95587.48328 84917.15521 71304.03870 62049.67434 58653.05118 50672.34482 42187.69657 37416.24350 29969.31468 24364.26387 22112.15115 260.4057652 165.5955385 469.9632065 641.3841364 955.5535629 16276.22606 13359.13150 6925.552810 282427.5155 307800.9003 319137.4984 346644.5961 390182.5864 482186.4094 527967.2457 572372.7907 584529.0329 608766.1573 648940.5391 694972.6458 795739.9451 854775.4243 1032346.279 1115268.915 1266277.986 1533094.527 1751914.310 2089414.221 2264729.333 2833680.145 3587589.150 4164215.480 4801236.154 10977923.34
      sorted:	 25.00000000 25.00000000 25.00000000 25.00000000 25.00000000 165.5955385 260.4057652 469.9632065 641.3841364 955.5535629 6925.552810 13359.13150 16276.22606 22112.15115 24364.26387 29969.31468 37416.24350 42187.69657 50672.34482 58653.05118 62049.67434 71304.03870 84917.15521 95587.48328 107422.0433 118775.9608 130855.9690 138852.6699 147370.1708 155923.7462 163348.9697 164092.5643 168121.3778 174929.7267 181573.5044 188098.2713 190883.2740 196183.1251 197289.2942 198248.6062 200055.8452 200260.0964 201787.8396 208805.5126 209828.4632 215325.2112 216725.5542 220916.6670 226985.8640 228155.2060 237141.2359 245697.6507 263461.4536 264637.2463 282427.5155 307800.9003 319137.4984 346644.5961 390182.5864 482186.4094 527967.2457 572372.7907 584529.0329 608766.1573 648940.5391 694972.6458 795739.9451 854775.4243 1032346.279 1115268.915 1266277.986 1533094.527 1751914.310 2089414.221 2264729.333 2833680.145 3587589.150 4164215.480 4801236.154 10977923.34
