    unsorted:	 203077.2301 202552.1001 208859.2138 210845.1959 196702.3337 194682.9171 214380.9281 217511.7616 220145.8360 221921.6522 183360.6282 187476.5290 229328.0023 171481.4389 165346.3631 163951.5773 159264.2476 155663.7311 154451.1833 146709.9654 234964.5735 138345.3236 242616.6029 131371.9701 245878.8660 123314.7374 119723.7519 111577.7707 105955.6299 94098.20689 260055.7207 87482.51912 79807.02454 60908.82987 45677.51155 40437.09610 33544.13601 27318.09767 11719.28479 9811.392311 8470.875569 370065.4237 368796.4404 575885.1061 5557060.639 5565680.558 5576737.584 5537964.224 5618831.096 5608689.684 5625243.948 5503337.373 5482418.065 5652849.681 5690056.897 5420513.332 5387249.500 5357853.443 5719716.520 5306692.627 5288664.604 5234828.995 5164402.685 5852428.993 5098982.747 5932795.072 6007151.895 4899389.171 6145084.285 4643670.350 6347223.077 6806879.990 10339800.89 2050728773.
      sorted:	 8470.875569 9811.392311 11719.28479 27318.09767 33544.13601 40437.09610 45677.51155 60908.82987 79807.02454 87482.51912 94098.20689 105955.6299 111577.7707 119723.7519 123314.7374 131371.9701 138345.3236 146709.9654 154451.1833 155663.7311 159264.2476 163951.5773 165346.3631 171481.4389 183360.6282 187476.5290 194682.9171 196702.3337 202552.1001 203077.2301 208859.2138 210845.1959 214380.9281 217511.7616 220145.8360 221921.6522 229328.0023 234964.5735 242616.6029 245878.8660 260055.7207 368796.4404 370065.4237 575885.1061 4643670.350 4899389.171 5098982.747 5164402.685 5234828.995 5288664.604 5306692.627 5357853.443 5387249.500 5420513.332 5482418.065 5503337.373 5537964.224 5557060.639 5565680.558 5576737.584 5608689.684 5618831.096 5625243.948 5652849.681 5690056.897 5719716.520 5852428.993 5932795.072 6007151.895 6145084.285 6347223.077 6806879.990 10339800.89 2050728773.
