    unsorted:	 177750.6754 178736.9113 181127.7868 187303.6227 186351.6155 190832.6787 173296.1664 197597.9294 165909.6968 161821.3570 204106.5075 209221.8474 212730.5354 215449.1235 218346.5883 220495.2186 223564.7423 224971.0155 226882.8101 156699.3289 148919.0645 138859.1812 239940.4083 131272.7709 127006.9425 245447.6374 120382.0415 113713.4922 104617.9376 262116.1301 86260.65733 79183.33492 72737.03887 59594.05823 48175.03300 42754.04080 39660.15848 26898.94306 16919.63050 10278.26577 6574.665212 370067.3270 368791.7302 575832.7624 5617276.946 5619142.827 5628101.394 5558268.045 5563339.451 5575287.698 5538911.153 5656621.249 5504985.215 5483264.504 5686422.564 5421445.052 5711464.909 5385814.853 5362349.580 5297400.823 5283079.705 5830659.798 5210419.669 5157804.986 5087492.310 5933308.594 5996049.920 4903907.064 4682460.174 6173565.146 6344208.021 6778703.457 10373201.88 2051336466.
      sorted:	 6574.665212 10278.26577 16919.63050 26898.94306 39660.15848 42754.04080 48175.03300 59594.05823 72737.03887 79183.33492 86260.65733 104617.9376 113713.4922 120382.0415 127006.9425 131272.7709 138859.1812 148919.0645 156699.3289 161821.3570 165909.6968 173296.1664 177750.6754 178736.9113 181127.7868 186351.6155 187303.6227 190832.6787 197597.9294 204106.5075 209221.8474 212730.5354 215449.1235 218346.5883 220495.2186 223564.7423 224971.0155 226882.8101 239940.4083 245447.6374 262116.1301 368791.7302 370067.3270 575832.7624 4682460.174 4903907.064 5087492.310 5157804.986 5210419.669 5283079.705 5297400.823 5362349.580 5385814.853 5421445.052 5483264.504 5504985.215 5538911.153 5558268.045 5563339.451 5575287.698 5617276.946 5619142.827 5628101.394 5656621.249 5686422.564 5711464.909 5830659.798 5933308.594 5996049.920 6173565.146 6344208.021 6778703.457 10373201.88 2051336466.
