    unsorted:	 185485.7186 184021.3679 183487.8205 178654.2105 193772.8613 201413.4812 202063.6088 207370.6404 210617.2428 212376.2660 214777.5784 170688.0919 168355.7915 165441.5892 158651.0062 159626.4742 221298.4172 227368.3706 232001.8295 234792.6999 237729.8844 238921.6661 149413.1524 143761.1177 135968.8980 255824.4216 124207.3879 118577.5280 108502.9608 102265.9041 86580.59811 81854.00100 75735.00817 57077.92882 46490.98533 42314.72910 34434.94015 29941.88273 20661.77735 9709.064898 6667.704210 370066.5811 368763.1419 575655.5920 5609958.198 5615404.359 5623053.052 5568215.734 5576881.842 5555489.001 5537295.517 5649286.772 5500323.275 5482145.395 5687923.997 5422968.513 5710234.046 5389292.040 5367481.680 5303641.842 5290355.341 5830699.937 5207584.187 5163238.724 5916302.500 5094606.919 6008717.284 4894162.127 6143373.589 4660677.727 6305471.740 6692070.837 10313823.27 2050227502.
      sorted:	 6667.704210 9709.064898 20661.77735 29941.88273 34434.94015 42314.72910 46490.98533 57077.92882 75735.00817 81854.00100 86580.59811 102265.9041 108502.9608 118577.5280 124207.3879 135968.8980 143761.1177 149413.1524 158651.0062 159626.4742 165441.5892 168355.7915 170688.0919 178654.2105 183487.8205 184021.3679 185485.7186 193772.8613 201413.4812 202063.6088 207370.6404 210617.2428 212376.2660 214777.5784 221298.4172 227368.3706 232001.8295 234792.6999 237729.8844 238921.6661 255824.4216 368763.1419 370066.5811 575655.5920 4660677.727 4894162.127 5094606.919 5163238.724 5207584.187 5290355.341 5303641.842 5367481.680 5389292.040 5422968.513 5482145.395 5500323.275 5537295.517 5555489.001 5568215.734 5576881.842 5609958.198 5615404.359 5623053.052 5649286.772 5687923.997 5710234.046 5830699.937 5916302.500 6008717.284 6143373.589 6305471.740 6692070.837 10313823.27 2050227502.
