    unsorted:	 25.00000000 25.00000000 25.00000000 25.00000000 25.00000000 201531.2493 199877.0259 202825.8526 203958.6707 198808.9766 206831.1848 194064.4753 195328.6474 209192.6343 211980.5619 186771.8182 182723.6101 224108.0274 225147.4639 225035.7428 174211.1502 169862.2837 165658.1997 231975.6832 238143.7282 240375.6265 158429.5264 154109.9106 141934.7927 139953.9686 249930.0046 131428.3477 256133.7382 118591.2941 105216.1981 92819.01745 83694.49022 69745.28060 59752.66533 55094.40764 52535.23330 44858.83425 38538.85164 32954.66279 24401.23345 21728.32881 262.0432970 136.5205676 514.9540048 647.5959710 933.1883981 16846.70230 13067.34711 7083.531290 291579.2847 307370.6169 318738.7755 350061.7853 390436.6524 475468.2083 526275.7798 562997.0222 568838.7777 596184.0748 641123.8466 681934.6334 781388.5509 845465.9439 1021677.475 1093845.297 1239980.158 1517610.445 1721225.475 2045531.154 2227446.325 2788830.670 3516391.324 4070952.255 4793438.039 10762504.71
      sorted:	 25.00000000 25.00000000 25.00000000 25.00000000 25.00000000 136.5205676 262.0432970 514.9540048 647.5959710 933.1883981 7083.531290 13067.34711 16846.70230 21728.32881 24401.23345 32954.66279 38538.85164 44858.83425 52535.23330 55094.40764 59752.66533 69745.28060 83694.49022 92819.01745 105216.1981 118591.2941 131428.3477 139953.9686 141934.7927 154109.9106 158429.5264 165658.1997 169862.2837 174211.1502 182723.6101 186771.8182 194064.4753 195328.6474 198808.9766 199877.0259 201531.2493 202825.8526 203958.6707 206831.1848 209192.6343 211980.5619 224108.0274 225035.7428 225147.4639 231975.6832 238143.7282 240375.6265 249930.0046 256133.7382 291579.2847 307370.6169 318738.7755 350061.7853 390436.6524 475468.2083 526275.7798 562997.0222 568838.7777 596184.0748 641123.8466 681934.6334 781388.5509 845465.9439 1021677.475 1093845.297 1239980.158 1517610.445 1721225.475 2045531.154 2227446.325 2788830.670 3516391.324 4070952.255 4793438.039 10762504.71
