    unsorted:	 187835.0949 188421.9502 187032.4754 194154.5470 199300.1269 202313.1887 205380.5357 213043.2830 213782.5616 216478.4178 220131.8849 221934.3854 177307.6854 228313.4819 227800.7386 230218.0706 231518.1955 170642.4653 169051.3832 167679.6686 161584.3300 157992.6879 151787.8739 140901.6866 129924.1117 123420.6435 120273.1815 110149.8735 105159.4216 90327.60012 87768.99422 75669.61096 266078.9425 61124.42032 50340.32106 39782.36798 33674.90485 29442.96586 12162.22452 10042.40322 4785.340226 370070.7743 368763.4586 575606.2485 5566650.104 5556999.627 5574143.098 5616701.152 5612603.701 5625384.795 5532804.886 5655019.062 5502351.260 5481019.630 5687634.616 5420449.161 5713230.087 5384923.112 5363699.216 5291958.247 5283022.052 5214439.057 5835220.521 5168168.688 5097965.483 5929220.422 6008950.145 4907177.404 6151748.890 4666947.771 6306772.767 6725081.846 10371055.60 2051085322.
      sorted:	 4785.340226 10042.40322 12162.22452 29442.96586 33674.90485 39782.36798 50340.32106 61124.42032 75669.61096 87768.99422 90327.60012 105159.4216 110149.8735 120273.1815 123420.6435 129924.1117 140901.6866 151787.8739 157992.6879 161584.3300 167679.6686 169051.3832 170642.4653 177307.6854 187032.4754 187835.0949 188421.9502 194154.5470 199300.1269 202313.1887 205380.5357 213043.2830 213782.5616 216478.4178 220131.8849 221934.3854 227800.7386 228313.4819 230218.0706 231518.1955 266078.9425 368763.4586 370070.7743 575606.2485 4666947.771 4907177.404 5097965.483 5168168.688 5214439.057 5283022.052 5291958.247 5363699.216 5384923.112 5420449.161 5481019.630 5502351.260 5532804.886 5556999.627 5566650.104 5574143.098 5612603.701 5616701.152 5625384.795 5655019.062 5687634.616 5713230.087 5835220.521 5929220.422 6008950.145 6151748.890 6306772.767 6725081.846 10371055.60 2051085322.
