    unsorted:	 199605.6779 197692.1028 195300.5291 203125.7399 202582.3466 192608.8923 193396.1790 190787.7108 206371.8375 207079.6850 209324.3839 214125.1986 182503.1069 178673.1211 177603.1234 224496.8703 226302.7774 228695.6332 231621.2488 165188.7622 161318.6169 157853.2937 238251.6745 239236.3609 150788.3210 143481.7646 131619.2941 258976.2615 121114.4157 113932.2094 266055.9736 101573.6700 97606.90464 86368.67589 274068.9742 78166.04014 71450.55678 59366.27437 55278.92083 43375.03546 39934.82111 35387.25887 28351.71496 22161.10385 21126.78949 13466.90529 12944.75077 288842.9276 6894.892930 461.6658909 329706.4720 370064.2629 387822.6573 432354.0723 464422.9106 471745.9476 487830.2700 516141.4911 537910.7851 564304.3305 644157.9347 682414.7211 813611.2681 895685.6751 992234.9417 1193700.391 1395284.837 1667896.486 1831221.148 2341799.680 3114381.853 3590847.965 7388248.620 11339566.41
      sorted:	 461.6658909 6894.892930 12944.75077 13466.90529 21126.78949 22161.10385 28351.71496 35387.25887 39934.82111 43375.03546 55278.92083 59366.27437 71450.55678 78166.04014 86368.67589 97606.90464 101573.6700 113932.2094 121114.4157 131619.2941 143481.7646 150788.3210 157853.2937 161318.6169 165188.7622 177603.1234 178673.1211 182503.1069 190787.7108 192608.8923 193396.1790 195300.5291 197692.1028 199605.6779 202582.3466 203125.7399 206371.8375 207079.6850 209324.3839 214125.1986 224496.8703 226302.7774 228695.6332 231621.2488 238251.6745 239236.3609 258976.2615 266055.9736 274068.9742 288842.9276 329706.4720 370064.2629 387822.6573 432354.0723 464422.9106 471745.9476 487830.2700 516141.4911 537910.7851 564304.3305 644157.9347 682414.7211 813611.2681 895685.6751 992234.9417 1193700.391 1395284.837 1667896.486 1831221.148 2341799.680 3114381.853 3590847.965 7388248.620 11339566.41
