    unsorted:	 193143.4560 192685.7028 190795.9570 189488.4517 188591.8833 187153.5634 196904.6844 201950.7494 202979.5649 209194.8910 211268.8541 214559.6761 172814.8529 173593.6489 220085.3616 168895.3698 229673.4301 230090.0761 230983.2289 226278.7075 236844.6811 160630.4486 157823.7253 241018.9867 149726.9967 144935.4279 253433.1125 132011.9783 122209.7074 115003.5839 102997.1879 97846.77667 270682.3604 273580.1306 88171.96418 77943.61637 71478.00992 58399.00211 51787.12095 41213.21199 44979.57730 35273.88308 26290.26756 22314.41858 21239.07349 13458.87155 12790.67744 291369.2179 6910.523322 437.3566020 328268.0949 370067.8397 386953.6815 435216.2605 464284.5299 467461.0689 481183.4494 510484.9500 537538.6945 553896.4733 636359.5290 676088.1960 814421.7858 904860.2233 990709.2372 1216236.224 1398524.317 1661727.000 1837095.303 2378767.753 3140247.769 3522176.309 7475677.042 11462882.11
      sorted:	 437.3566020 6910.523322 12790.67744 13458.87155 21239.07349 22314.41858 26290.26756 35273.88308 41213.21199 44979.57730 51787.12095 58399.00211 71478.00992 77943.61637 88171.96418 97846.77667 102997.1879 115003.5839 122209.7074 132011.9783 144935.4279 149726.9967 157823.7253 160630.4486 168895.3698 172814.8529 173593.6489 187153.5634 188591.8833 189488.4517 190795.9570 192685.7028 193143.4560 196904.6844 201950.7494 202979.5649 209194.8910 211268.8541 214559.6761 220085.3616 226278.7075 229673.4301 230090.0761 230983.2289 236844.6811 241018.9867 253433.1125 270682.3604 273580.1306 291369.2179 328268.0949 370067.8397 386953.6815 435216.2605 464284.5299 467461.0689 481183.4494 510484.9500 537538.6945 553896.4733 636359.5290 676088.1960 814421.7858 904860.2233 990709.2372 1216236.224 1398524.317 1661727.000 1837095.303 2378767.753 3140247.769 3522176.309 7475677.042 11462882.11
