    unsorted:	 204836.5534 203972.4019 207509.9856 208541.3810 201647.7554 212304.8744 212936.3311 215729.8338 195939.5725 193231.2731 189202.2768 184757.2387 186157.7534 219495.7498 179363.2113 175117.6394 174444.4323 166793.9066 166250.5611 230134.9570 232268.9156 157167.9505 240965.0575 242271.5979 149645.2381 247296.1931 254535.5633 136195.8911 126875.9683 117754.8469 274582.3008 275271.3711 104108.1144 98131.05375 84867.19364 79675.65612 71741.36826 59712.06933 53921.56150 44401.74837 40725.82827 35399.73009 30667.73881 22743.65860 21625.93166 13503.09211 13222.63309 301287.5556 7143.811523 479.6571630 333979.9672 370072.2951 389851.9578 446513.0449 476208.1408 482471.5451 496742.8838 526736.4174 537906.6996 576466.0725 659982.8157 690065.1211 821030.1503 911952.7051 988896.8786 1192634.759 1396067.082 1668259.994 1830140.015 2331666.035 3080437.864 3448356.183 7385060.708 11266072.53
      sorted:	 479.6571630 7143.811523 13222.63309 13503.09211 21625.93166 22743.65860 30667.73881 35399.73009 40725.82827 44401.74837 53921.56150 59712.06933 71741.36826 79675.65612 84867.19364 98131.05375 104108.1144 117754.8469 126875.9683 136195.8911 149645.2381 157167.9505 166250.5611 166793.9066 174444.4323 175117.6394 179363.2113 184757.2387 186157.7534 189202.2768 193231.2731 195939.5725 201647.7554 203972.4019 204836.5534 207509.9856 208541.3810 212304.8744 212936.3311 215729.8338 219495.7498 230134.9570 232268.9156 240965.0575 242271.5979 247296.1931 254535.5633 274582.3008 275271.3711 301287.5556 333979.9672 370072.2951 389851.9578 446513.0449 476208.1408 482471.5451 496742.8838 526736.4174 537906.6996 576466.0725 659982.8157 690065.1211 821030.1503 911952.7051 988896.8786 1192634.759 1396067.082 1668259.994 1830140.015 2331666.035 3080437.864 3448356.183 7385060.708 11266072.53
