    unsorted:	 199527.2911 200186.3574 201448.5961 204551.7729 206779.5732 192833.9904 190977.2085 208711.1037 187731.1958 185780.1950 212999.8818 214680.5424 177802.4075 176823.4229 175605.9671 173521.9620 221408.6592 222997.4126 167781.3296 164752.9953 227981.8455 230766.3562 160123.7010 233855.1574 151396.1016 141308.2496 132951.3443 249556.0095 126993.7449 116269.7199 262013.3194 265791.7221 104453.2364 96438.98718 79871.60138 74129.38003 71621.87942 58956.83153 54807.58781 42794.11462 39196.41776 33318.16456 29226.63633 21105.12933 19632.50173 13444.78614 12059.80170 282512.0674 6621.065160 348.9658782 321995.5391 370073.5682 382995.4931 421974.9533 457322.9944 462705.1265 479624.0240 507486.8962 537347.1332 549702.6199 631569.1254 672918.9024 806003.4367 876921.4957 984822.1247 1201601.111 1357253.352 1618204.635 1782164.896 2336817.064 3051312.543 3559809.949 7232519.912 11188856.02
      sorted:	 348.9658782 6621.065160 12059.80170 13444.78614 19632.50173 21105.12933 29226.63633 33318.16456 39196.41776 42794.11462 54807.58781 58956.83153 71621.87942 74129.38003 79871.60138 96438.98718 104453.2364 116269.7199 126993.7449 132951.3443 141308.2496 151396.1016 160123.7010 164752.9953 167781.3296 173521.9620 175605.9671 176823.4229 177802.4075 185780.1950 187731.1958 190977.2085 192833.9904 199527.2911 200186.3574 201448.5961 204551.7729 206779.5732 208711.1037 212999.8818 214680.5424 221408.6592 222997.4126 227981.8455 230766.3562 233855.1574 249556.0095 262013.3194 265791.7221 282512.0674 321995.5391 370073.5682 382995.4931 421974.9533 457322.9944 462705.1265 479624.0240 507486.8962 537347.1332 549702.6199 631569.1254 672918.9024 806003.4367 876921.4957 984822.1247 1201601.111 1357253.352 1618204.635 1782164.896 2336817.064 3051312.543 3559809.949 7232519.912 11188856.02
