    unsorted:	 188740.2223 188168.0587 186437.8335 197639.6283 199657.5979 204004.7315 209215.5325 210757.7861 181547.6118 217672.8820 218551.4081 221500.9345 224556.6573 232585.8301 232784.6530 230343.0060 166390.7590 169991.9837 159337.7323 157703.9022 155025.0193 238464.9582 148436.0066 139584.1965 131705.2293 123780.3792 120560.6430 112176.6800 105991.7502 254142.4546 92975.37709 87096.07671 76464.42133 62048.68945 50639.93549 40709.24478 35059.32459 27518.42533 17915.73130 9995.795356 6534.017148 370066.9300 368787.9879 575892.1909 5613470.389 5613097.566 5622624.869 5563584.445 5555358.472 5574703.743 5534890.654 5645762.114 5503123.466 5482127.189 5682330.921 5420974.020 5707695.110 5389026.393 5365079.774 5297168.497 5301402.766 5240388.734 5170937.894 5833874.100 5095870.800 5935287.716 6005591.514 4902744.305 6136241.310 4674355.144 6310716.361 6742518.839 10188029.96 2050994068.
      sorted:	 6534.017148 9995.795356 17915.73130 27518.42533 35059.32459 40709.24478 50639.93549 62048.68945 76464.42133 87096.07671 92975.37709 105991.7502 112176.6800 120560.6430 123780.3792 131705.2293 139584.1965 148436.0066 155025.0193 157703.9022 159337.7323 166390.7590 169991.9837 181547.6118 186437.8335 188168.0587 188740.2223 197639.6283 199657.5979 204004.7315 209215.5325 210757.7861 217672.8820 218551.4081 221500.9345 224556.6573 230343.0060 232585.8301 232784.6530 238464.9582 254142.4546 368787.9879 370066.9300 575892.1909 4674355.144 4902744.305 5095870.800 5170937.894 5240388.734 5297168.497 5301402.766 5365079.774 5389026.393 5420974.020 5482127.189 5503123.466 5534890.654 5555358.472 5563584.445 5574703.743 5613097.566 5613470.389 5622624.869 5645762.114 5682330.921 5707695.110 5833874.100 5935287.716 6005591.514 6136241.310 6310716.361 6742518.839 10188029.96 2050994068.
