    unsorted:	 197512.7642 198106.7042 196489.5158 193264.4227 190154.1291 188235.0421 187388.0774 202128.9648 202884.7739 180885.5816 178839.3240 176779.5004 207113.3663 173395.2522 211192.4430 168639.3807 220575.7493 219088.4125 222280.6945 161507.5758 159404.7731 151563.4664 229789.6945 235875.6985 242281.0647 242396.0513 144618.2310 131658.8541 121173.1867 257275.6841 114642.2755 103512.3033 97353.96875 92836.59313 266869.5564 75181.56660 61930.66825 55453.34293 52244.86454 41547.96176 37146.65959 32930.46491 28215.17149 22692.22681 20131.61623 13443.52861 11942.55424 282115.0576 6540.603218 387.6486205 323477.4621 370072.6305 383385.2024 429505.4366 463296.8499 478899.1464 487260.3982 518415.7164 537469.8373 564048.2784 646183.1262 690945.3055 826024.2279 918943.5935 991205.0048 1226524.463 1417190.713 1687818.575 1843583.244 2387947.176 3170647.995 3557187.723 7453602.370 11535093.12
      sorted:	 387.6486205 6540.603218 11942.55424 13443.52861 20131.61623 22692.22681 28215.17149 32930.46491 37146.65959 41547.96176 52244.86454 55453.34293 61930.66825 75181.56660 92836.59313 97353.96875 103512.3033 114642.2755 121173.1867 131658.8541 144618.2310 151563.4664 159404.7731 161507.5758 168639.3807 173395.2522 176779.5004 178839.3240 180885.5816 187388.0774 188235.0421 190154.1291 193264.4227 196489.5158 197512.7642 198106.7042 202128.9648 202884.7739 207113.3663 211192.4430 219088.4125 220575.7493 222280.6945 229789.6945 235875.6985 242281.0647 242396.0513 257275.6841 266869.5564 282115.0576 323477.4621 370072.6305 383385.2024 429505.4366 463296.8499 478899.1464 487260.3982 518415.7164 537469.8373 564048.2784 646183.1262 690945.3055 826024.2279 918943.5935 991205.0048 1226524.463 1417190.713 1687818.575 1843583.244 2387947.176 3170647.995 3557187.723 7453602.370 11535093.12
