    unsorted:	 189189.1379 191549.5673 186695.6202 197036.0206 196673.4712 203470.3221 207464.8406 215750.6702 214778.2643 219390.4503 222400.4866 226511.7764 177519.2201 232475.9027 233016.8589 235069.4602 237162.6919 170692.4380 166440.8056 163908.8058 158341.8263 152062.3759 147060.0986 141668.9881 136643.0776 127439.1090 119531.0031 115060.0384 257244.2277 105142.0670 86474.22858 78997.25467 65805.81007 55152.89682 43593.14755 39419.60839 38575.22481 33953.06576 15618.86906 10394.87602 9415.144859 370065.6708 368795.7522 576231.9294 5611209.940 5614947.458 5622226.416 5556828.443 5562000.912 5571663.520 5534338.533 5645343.793 5502564.893 5483596.818 5684631.199 5424814.288 5708720.405 5389632.866 5369094.819 5295840.342 5306667.230 5223377.657 5836723.627 5164835.697 5089401.858 5927269.847 5996987.279 4892559.207 6134199.814 4676323.597 6304063.845 6723664.245 10154229.47 2050743381.
      sorted:	 9415.144859 10394.87602 15618.86906 33953.06576 38575.22481 39419.60839 43593.14755 55152.89682 65805.81007 78997.25467 86474.22858 105142.0670 115060.0384 119531.0031 127439.1090 136643.0776 141668.9881 147060.0986 152062.3759 158341.8263 163908.8058 166440.8056 170692.4380 177519.2201 186695.6202 189189.1379 191549.5673 196673.4712 197036.0206 203470.3221 207464.8406 214778.2643 215750.6702 219390.4503 222400.4866 226511.7764 232475.9027 233016.8589 235069.4602 237162.6919 257244.2277 368795.7522 370065.6708 576231.9294 4676323.597 4892559.207 5089401.858 5164835.697 5223377.657 5295840.342 5306667.230 5369094.819 5389632.866 5424814.288 5483596.818 5502564.893 5534338.533 5556828.443 5562000.912 5571663.520 5611209.940 5614947.458 5622226.416 5645343.793 5684631.199 5708720.405 5836723.627 5927269.847 5996987.279 6134199.814 6304063.845 6723664.245 10154229.47 2050743381.
