    unsorted:	 199625.5805 200133.9285 198593.4792 196964.7842 195676.0651 202199.5252 205750.4194 207440.0079 211454.7985 213202.7191 188529.1568 185036.4169 219924.6276 178980.7964 173746.7148 171655.7802 230006.2598 232770.5366 235998.9856 240081.4128 241855.0803 244461.3935 156968.9505 154002.8694 147920.1802 253485.8175 141250.1108 133857.5682 125000.2561 116796.3245 267319.7534 103085.4451 98723.83561 91006.54842 275742.9335 78746.23205 70751.83252 59985.80497 44071.43310 48670.46335 42567.86185 35999.04544 29949.52548 22900.87546 21624.49794 13478.15588 13050.85742 7030.352229 293840.3831 494.7644449 333089.8799 370061.8067 385005.3319 436857.5995 466914.3060 472480.5923 489227.2106 518254.0328 537942.7744 562671.6906 644060.3611 677293.5029 809214.3220 889303.4957 978386.8022 1200169.619 1393935.503 1661483.238 1794848.007 2341661.814 3072133.893 3517568.225 7310378.020 11199459.31
      sorted:	 494.7644449 7030.352229 13050.85742 13478.15588 21624.49794 22900.87546 29949.52548 35999.04544 42567.86185 44071.43310 48670.46335 59985.80497 70751.83252 78746.23205 91006.54842 98723.83561 103085.4451 116796.3245 125000.2561 133857.5682 141250.1108 147920.1802 154002.8694 156968.9505 171655.7802 173746.7148 178980.7964 185036.4169 188529.1568 195676.0651 196964.7842 198593.4792 199625.5805 200133.9285 202199.5252 205750.4194 207440.0079 211454.7985 213202.7191 219924.6276 230006.2598 232770.5366 235998.9856 240081.4128 241855.0803 244461.3935 253485.8175 267319.7534 275742.9335 293840.3831 333089.8799 370061.8067 385005.3319 436857.5995 466914.3060 472480.5923 489227.2106 518254.0328 537942.7744 562671.6906 644060.3611 677293.5029 809214.3220 889303.4957 978386.8022 1200169.619 1393935.503 1661483.238 1794848.007 2341661.814 3072133.893 3517568.225 7310378.020 11199459.31
