    unsorted:	 196960.9114 196792.3694 194882.1589 199500.4910 201650.9576 202598.6985 191781.5338 191631.0954 189054.1521 205489.4770 209563.4486 181121.0697 182616.0617 175860.4305 215177.4043 216199.8819 219376.4937 170399.2880 166563.8289 226873.1230 159645.9197 156106.0515 237157.6620 237368.5021 241737.9800 149977.4825 248812.4731 134604.6310 123556.9661 265069.2375 266391.9682 115717.5201 102785.7531 97217.52268 79087.24863 75588.98222 69497.34177 57255.50508 42716.94887 47159.43783 40712.07228 31653.54884 34254.34826 21740.23750 20627.67737 13452.21486 12286.62371 6880.670334 291803.0919 385.9274969 329611.3786 370071.8707 383327.7276 428595.9458 460838.9847 466210.7951 480257.4352 510187.4261 536979.4779 552218.5604 635625.4867 676537.5689 811509.5194 887088.9941 976782.7964 1211387.479 1387545.863 1652169.773 1797325.818 2361116.442 3069776.669 3471808.133 7250274.206 11174500.34
      sorted:	 385.9274969 6880.670334 12286.62371 13452.21486 20627.67737 21740.23750 31653.54884 34254.34826 40712.07228 42716.94887 47159.43783 57255.50508 69497.34177 75588.98222 79087.24863 97217.52268 102785.7531 115717.5201 123556.9661 134604.6310 149977.4825 156106.0515 159645.9197 166563.8289 170399.2880 175860.4305 181121.0697 182616.0617 189054.1521 191631.0954 191781.5338 194882.1589 196792.3694 196960.9114 199500.4910 201650.9576 202598.6985 205489.4770 209563.4486 215177.4043 216199.8819 219376.4937 226873.1230 237157.6620 237368.5021 241737.9800 248812.4731 265069.2375 266391.9682 291803.0919 329611.3786 370071.8707 383327.7276 428595.9458 460838.9847 466210.7951 480257.4352 510187.4261 536979.4779 552218.5604 635625.4867 676537.5689 811509.5194 887088.9941 976782.7964 1211387.479 1387545.863 1652169.773 1797325.818 2361116.442 3069776.669 3471808.133 7250274.206 11174500.34
