    unsorted:	 203990.9699 203254.3195 201748.4562 206383.1875 200223.9899 208062.9669 210036.4345 212275.2141 192345.4616 191092.6623 187587.6580 186355.6906 183246.7099 219017.0248 176220.5969 172888.0226 171339.2937 165914.6394 163106.1177 223804.9219 229388.8722 230459.7318 154735.0243 150229.4937 244755.7459 250045.2175 253252.6641 133940.9461 127721.2585 117095.5119 266924.3880 272790.7743 101309.9685 94219.21585 88379.92557 79287.54909 72259.28003 61473.60036 57323.69721 43653.42793 39127.23629 35550.20262 28846.59892 23149.28195 21572.03034 13468.88034 12866.61918 294714.9636 7047.988446 427.6126240 328088.7692 370074.1105 383800.7944 432531.4006 464754.2919 478278.6834 485936.6301 517869.4755 537548.5184 562851.8257 647347.6987 685196.3886 818903.3918 913287.2942 986986.1704 1205220.105 1418946.691 1681966.001 1836801.224 2353019.792 3148069.092 3488227.717 7450494.947 11446602.68
      sorted:	 427.6126240 7047.988446 12866.61918 13468.88034 21572.03034 23149.28195 28846.59892 35550.20262 39127.23629 43653.42793 57323.69721 61473.60036 72259.28003 79287.54909 88379.92557 94219.21585 101309.9685 117095.5119 127721.2585 133940.9461 150229.4937 154735.0243 163106.1177 165914.6394 171339.2937 172888.0226 176220.5969 183246.7099 186355.6906 187587.6580 191092.6623 192345.4616 200223.9899 201748.4562 203254.3195 203990.9699 206383.1875 208062.9669 210036.4345 212275.2141 219017.0248 223804.9219 229388.8722 230459.7318 244755.7459 250045.2175 253252.6641 266924.3880 272790.7743 294714.9636 328088.7692 370074.1105 383800.7944 432531.4006 464754.2919 478278.6834 485936.6301 517869.4755 537548.5184 562851.8257 647347.6987 685196.3886 818903.3918 913287.2942 986986.1704 1205220.105 1418946.691 1681966.001 1836801.224 2353019.792 3148069.092 3488227.717 7450494.947 11446602.68
