    unsorted:	 195223.1137 191778.2920 199644.1656 200719.4727 186091.1735 183943.9214 179851.9985 212705.1098 213138.8507 215115.3678 215813.0772 208186.5005 219235.8157 172921.9602 171233.7800 168036.7651 161953.9692 160072.2554 224046.5100 227679.0585 153464.3514 234273.8793 143416.1389 135573.0047 245263.9056 125376.3538 118524.6333 109856.2085 255221.9175 103639.3065 86023.94794 84010.78955 69856.52438 58496.15443 50440.95544 39627.93723 38166.74059 29678.02379 17092.68708 9984.267727 8709.633359 370072.3747 368807.6246 576417.4604 5558377.526 5562005.481 5571116.968 5610029.409 5607544.766 5537793.329 5622754.096 5646628.799 5503969.997 5483418.251 5676620.577 5427790.428 5703656.702 5392458.990 5369675.981 5288356.151 5298303.171 5248151.123 5830572.465 5168492.984 5898163.732 5102311.026 5997861.350 4910577.695 6134533.543 4694485.945 6279183.422 6681445.247 10021688.34 2051755041.
      sorted:	 8709.633359 9984.267727 17092.68708 29678.02379 38166.74059 39627.93723 50440.95544 58496.15443 69856.52438 84010.78955 86023.94794 103639.3065 109856.2085 118524.6333 125376.3538 135573.0047 143416.1389 153464.3514 160072.2554 161953.9692 168036.7651 171233.7800 172921.9602 179851.9985 183943.9214 186091.1735 191778.2920 195223.1137 199644.1656 200719.4727 208186.5005 212705.1098 213138.8507 215115.3678 215813.0772 219235.8157 224046.5100 227679.0585 234273.8793 245263.9056 255221.9175 368807.6246 370072.3747 576417.4604 4694485.945 4910577.695 5102311.026 5168492.984 5248151.123 5288356.151 5298303.171 5369675.981 5392458.990 5427790.428 5483418.251 5503969.997 5537793.329 5558377.526 5562005.481 5571116.968 5607544.766 5610029.409 5622754.096 5646628.799 5676620.577 5703656.702 5830572.465 5898163.732 5997861.350 6134533.543 6279183.422 6681445.247 10021688.34 2051755041.
