    unsorted:	 191631.3290 192360.0000 187892.4149 185379.3234 198820.0364 200820.7674 203043.3516 204189.5138 179103.3108 211002.6394 212908.1045 169402.7527 173413.8114 166716.9212 161422.3231 159172.1668 217185.9979 222041.1225 150345.9765 228736.4549 141235.5610 236073.6060 132650.4814 241133.1262 246716.9733 248466.3761 123158.5823 119679.4116 107963.3774 101389.2824 90309.30254 87402.14923 80694.47393 59740.85093 42794.73606 40558.17183 37305.79911 21065.51243 12787.87109 10084.56770 9027.515896 370072.4966 368659.4843 575101.2688 5618642.164 5619085.144 5555468.846 5558559.494 5571092.439 5629518.627 5534718.968 5502732.324 5657760.263 5480131.540 5683746.173 5420286.041 5386001.328 5371417.794 5721044.560 5292289.891 5281262.172 5185484.500 5169543.592 5854610.042 5910897.078 5071587.421 4897444.480 6026746.800 4639640.755 6177741.295 6324829.015 6783623.781 10815351.60 2051255820.
      sorted:	 9027.515896 10084.56770 12787.87109 21065.51243 37305.79911 40558.17183 42794.73606 59740.85093 80694.47393 87402.14923 90309.30254 101389.2824 107963.3774 119679.4116 123158.5823 132650.4814 141235.5610 150345.9765 159172.1668 161422.3231 166716.9212 169402.7527 173413.8114 179103.3108 185379.3234 187892.4149 191631.3290 192360.0000 198820.0364 200820.7674 203043.3516 204189.5138 211002.6394 212908.1045 217185.9979 222041.1225 228736.4549 236073.6060 241133.1262 246716.9733 248466.3761 368659.4843 370072.4966 575101.2688 4639640.755 4897444.480 5071587.421 5169543.592 5185484.500 5281262.172 5292289.891 5371417.794 5386001.328 5420286.041 5480131.540 5502732.324 5534718.968 5555468.846 5558559.494 5571092.439 5618642.164 5619085.144 5629518.627 5657760.263 5683746.173 5721044.560 5854610.042 5910897.078 6026746.800 6177741.295 6324829.015 6783623.781 10815351.60 2051255820.
