    unsorted:	 182118.8317 181897.8048 184767.8364 187718.8645 190125.6810 173319.6277 172161.4628 169390.2918 195838.6836 201029.3658 210902.6261 212700.5231 207364.6094 215613.1875 218278.5581 222218.0907 161918.8644 157166.8381 226278.5938 151026.4124 232576.2930 239195.7652 241301.2190 140610.0472 134961.8576 124800.0791 120065.3457 109708.4388 104415.4341 256097.4087 87906.13038 87106.86808 73881.71862 60736.84736 50976.51651 41700.93118 36832.31487 27618.22447 12301.12494 10282.85040 7979.325260 370064.1250 368743.0689 576038.4417 5555404.764 5558504.118 5572612.782 5611141.629 5602451.254 5537354.008 5620061.432 5642704.476 5499410.854 5481339.242 5681831.938 5423499.704 5704516.428 5387675.445 5368879.934 5298740.110 5287611.930 5227116.856 5179883.149 5829220.270 5116455.750 5910653.885 5999192.304 4924306.731 6134030.606 4688901.053 6277089.476 6676884.168 10145097.71 2049078448.
      sorted:	 7979.325260 10282.85040 12301.12494 27618.22447 36832.31487 41700.93118 50976.51651 60736.84736 73881.71862 87106.86808 87906.13038 104415.4341 109708.4388 120065.3457 124800.0791 134961.8576 140610.0472 151026.4124 157166.8381 161918.8644 169390.2918 172161.4628 173319.6277 181897.8048 182118.8317 184767.8364 187718.8645 190125.6810 195838.6836 201029.3658 207364.6094 210902.6261 212700.5231 215613.1875 218278.5581 222218.0907 226278.5938 232576.2930 239195.7652 241301.2190 256097.4087 368743.0689 370064.1250 576038.4417 4688901.053 4924306.731 5116455.750 5179883.149 5227116.856 5287611.930 5298740.110 5368879.934 5387675.445 5423499.704 5481339.242 5499410.854 5537354.008 5555404.764 5558504.118 5572612.782 5602451.254 5611141.629 5620061.432 5642704.476 5681831.938 5704516.428 5829220.270 5910653.885 5999192.304 6134030.606 6277089.476 6676884.168 10145097.71 2049078448.
