    unsorted:	 209244.2202 209346.8949 204112.1114 204603.3160 203145.1147 200350.5753 211605.8679 196841.1976 195307.6701 213806.6655 192379.6087 190966.8077 187694.2893 218103.7650 181897.2907 174988.7678 226426.4274 234381.3224 233845.7026 231820.7841 167516.5063 163750.8015 157438.9440 245275.1614 149113.5839 254839.8080 139533.8429 131858.9370 123385.6297 116228.6488 266565.9300 105156.2619 274815.0694 97669.28803 86139.92866 77492.01036 74035.17824 59277.45588 55456.97889 42587.71915 39045.36093 35171.32279 29307.83912 20417.37316 21757.80133 13461.34269 12689.27277 294780.4636 7029.515355 464.3707128 331830.5405 370069.0773 391617.1570 425812.5371 460026.2777 464024.6993 482543.8013 510993.9249 537785.6160 549988.8130 630233.4188 679994.8592 809628.1865 889435.4648 983555.5301 1201425.355 1384437.998 1655556.008 1805393.531 2353052.858 3067859.529 3491021.255 7374474.250 11292076.16
      sorted:	 464.3707128 7029.515355 12689.27277 13461.34269 20417.37316 21757.80133 29307.83912 35171.32279 39045.36093 42587.71915 55456.97889 59277.45588 74035.17824 77492.01036 86139.92866 97669.28803 105156.2619 116228.6488 123385.6297 131858.9370 139533.8429 149113.5839 157438.9440 163750.8015 167516.5063 174988.7678 181897.2907 187694.2893 190966.8077 192379.6087 195307.6701 196841.1976 200350.5753 203145.1147 204112.1114 204603.3160 209244.2202 209346.8949 211605.8679 213806.6655 218103.7650 226426.4274 231820.7841 233845.7026 234381.3224 245275.1614 254839.8080 266565.9300 274815.0694 294780.4636 331830.5405 370069.0773 391617.1570 425812.5371 460026.2777 464024.6993 482543.8013 510993.9249 537785.6160 549988.8130 630233.4188 679994.8592 809628.1865 889435.4648 983555.5301 1201425.355 1384437.998 1655556.008 1805393.531 2353052.858 3067859.529 3491021.255 7374474.250 11292076.16
