    unsorted:	 198951.9996 197170.2348 202269.6408 189632.7798 191321.4274 187720.5280 206355.9217 208663.8572 214945.7197 216318.0480 219059.0786 221215.6827 222548.7980 179337.1323 226732.7195 172152.6895 168978.1823 162000.9318 157434.1621 156036.7178 150830.3104 237840.1016 139297.7403 130362.4492 123705.0796 120554.9002 112327.0158 250266.5132 254375.3427 107481.3092 95363.00999 86681.11860 75012.33990 59111.66071 46134.45348 42681.09903 41139.32950 22337.15329 18531.00987 9797.136968 4843.046939 370066.7424 368812.8961 575941.5326 5610143.818 5616681.895 5621484.457 5557128.888 5563045.367 5575282.411 5535622.069 5646872.116 5500895.846 5483359.096 5687891.330 5422856.950 5716461.719 5387422.202 5366020.985 5302220.896 5283516.045 5230815.833 5821843.299 5165824.331 5099928.356 5919433.401 6002443.417 4897353.850 6133571.629 4678390.154 6307601.386 6705772.090 10087386.97 2051339178.
      sorted:	 4843.046939 9797.136968 18531.00987 22337.15329 41139.32950 42681.09903 46134.45348 59111.66071 75012.33990 86681.11860 95363.00999 107481.3092 112327.0158 120554.9002 123705.0796 130362.4492 139297.7403 150830.3104 156036.7178 157434.1621 162000.9318 168978.1823 172152.6895 179337.1323 187720.5280 189632.7798 191321.4274 197170.2348 198951.9996 202269.6408 206355.9217 208663.8572 214945.7197 216318.0480 219059.0786 221215.6827 222548.7980 226732.7195 237840.1016 250266.5132 254375.3427 368812.8961 370066.7424 575941.5326 4678390.154 4897353.850 5099928.356 5165824.331 5230815.833 5283516.045 5302220.896 5366020.985 5387422.202 5422856.950 5483359.096 5500895.846 5535622.069 5557128.888 5563045.367 5575282.411 5610143.818 5616681.895 5621484.457 5646872.116 5687891.330 5716461.719 5821843.299 5919433.401 6002443.417 6133571.629 6307601.386 6705772.090 10087386.97 2051339178.
