    unsorted:	 214286.0148 214520.3542 210593.9675 212267.3458 205685.5595 201695.0627 199391.8393 196552.7746 192313.8298 190087.6186 182008.6194 176914.4050 173810.8757 173374.8149 220455.5817 164932.0311 164351.6394 226704.8555 227687.2411 157059.7798 153365.7729 234530.4290 146058.4292 135698.0421 244647.9527 124083.0642 119694.8242 106133.7226 100050.8916 90867.40531 85665.66243 262989.3947 73687.11966 59563.43921 45629.06062 45261.64882 41300.74700 27468.19403 11096.28581 9587.783267 7272.764413 370072.3885 368767.3853 575986.6075 5610636.737 5613438.699 5557114.461 5561665.948 5574560.528 5624245.262 5536810.523 5649019.526 5504479.568 5482739.455 5683339.725 5425038.500 5705985.183 5389340.253 5368719.433 5299470.766 5282853.004 5199806.038 5167737.008 5836154.485 5092496.544 5919771.379 6005970.113 4916177.972 6144865.013 4673729.879 6309820.616 6686848.002 10348874.60 2049604248.
      sorted:	 7272.764413 9587.783267 11096.28581 27468.19403 41300.74700 45261.64882 45629.06062 59563.43921 73687.11966 85665.66243 90867.40531 100050.8916 106133.7226 119694.8242 124083.0642 135698.0421 146058.4292 153365.7729 157059.7798 164351.6394 164932.0311 173374.8149 173810.8757 176914.4050 182008.6194 190087.6186 192313.8298 196552.7746 199391.8393 201695.0627 205685.5595 210593.9675 212267.3458 214286.0148 214520.3542 220455.5817 226704.8555 227687.2411 234530.4290 244647.9527 262989.3947 368767.3853 370072.3885 575986.6075 4673729.879 4916177.972 5092496.544 5167737.008 5199806.038 5282853.004 5299470.766 5368719.433 5389340.253 5425038.500 5482739.455 5504479.568 5536810.523 5557114.461 5561665.948 5574560.528 5610636.737 5613438.699 5624245.262 5649019.526 5683339.725 5705985.183 5836154.485 5919771.379 6005970.113 6144865.013 6309820.616 6686848.002 10348874.60 2049604248.
