    unsorted:	 25.00000000 25.00000000 25.00000000 25.00000000 25.00000000 199372.6071 198978.4809 202356.9002 204394.0334 204632.5215 207187.4478 208642.6659 195536.5054 193767.5070 188115.6657 219040.5273 182346.5897 222271.7548 174972.9542 171625.9106 162048.7301 160968.5555 233870.8237 154424.0912 237386.2739 240235.9006 146162.8356 141439.0921 129652.9695 125066.0653 115729.3944 264003.0835 267682.1570 99940.61549 87008.69643 73270.84229 63357.70776 52516.48914 45862.42053 43288.72541 38250.77722 30059.50668 25297.86188 22745.73265 16836.36046 261.1685335 210.9956587 478.3438708 662.9318121 1098.659602 13937.45529 7435.020856 291725.1270 304053.8781 306595.5557 320722.3088 332765.8577 360144.8914 402514.1589 482697.8570 520506.8765 554974.9182 559901.8941 586228.7727 626214.9126 662845.2638 759526.6081 838486.1393 1011209.188 1084006.994 1226696.103 1500224.095 1710806.758 2045957.611 2220548.693 2810121.305 3509318.195 4128337.023 4849158.111 10682268.12
      sorted:	 25.00000000 25.00000000 25.00000000 25.00000000 25.00000000 210.9956587 261.1685335 478.3438708 662.9318121 1098.659602 7435.020856 13937.45529 16836.36046 22745.73265 25297.86188 30059.50668 38250.77722 43288.72541 45862.42053 52516.48914 63357.70776 73270.84229 87008.69643 99940.61549 115729.3944 125066.0653 129652.9695 141439.0921 146162.8356 154424.0912 160968.5555 162048.7301 171625.9106 174972.9542 182346.5897 188115.6657 193767.5070 195536.5054 198978.4809 199372.6071 202356.9002 204394.0334 204632.5215 207187.4478 208642.6659 219040.5273 222271.7548 233870.8237 237386.2739 240235.9006 264003.0835 267682.1570 291725.1270 304053.8781 306595.5557 320722.3088 332765.8577 360144.8914 402514.1589 482697.8570 520506.8765 554974.9182 559901.8941 586228.7727 626214.9126 662845.2638 759526.6081 838486.1393 1011209.188 1084006.994 1226696.103 1500224.095 1710806.758 2045957.611 2220548.693 2810121.305 3509318.195 4128337.023 4849158.111 10682268.12
