    unsorted:	 193441.2853 192205.2543 194203.2136 197460.3670 198187.6277 190663.0402 202760.9916 204228.6295 186582.0375 207388.6130 212837.4817 214269.0816 216748.5872 180876.6692 222390.8056 173774.4634 167527.0394 162019.8691 159286.9784 153591.8908 231807.9592 238778.3674 237775.3919 242579.2688 148338.7118 137788.7691 250706.3940 131389.6577 121480.7293 264314.9775 106833.7896 99078.31189 278091.5438 278975.3928 86872.45455 80938.69304 64344.03628 59622.56315 49257.91196 43418.14437 41099.30954 35959.59344 28505.23176 21060.93107 22905.39437 13541.91904 13252.68309 7411.068296 309202.1780 479.5192419 341171.6208 370058.0911 392119.5765 444632.9875 475581.4936 482335.4055 496237.5787 524370.3245 538226.9015 572820.8159 657180.4083 690761.3265 823308.5785 922163.5317 989419.5795 1204085.438 1422156.793 1686486.577 1846197.648 2368911.201 3141842.744 3414584.438 7468852.166 11393313.47
      sorted:	 479.5192419 7411.068296 13252.68309 13541.91904 21060.93107 22905.39437 28505.23176 35959.59344 41099.30954 43418.14437 49257.91196 59622.56315 64344.03628 80938.69304 86872.45455 99078.31189 106833.7896 121480.7293 131389.6577 137788.7691 148338.7118 153591.8908 159286.9784 162019.8691 167527.0394 173774.4634 180876.6692 186582.0375 190663.0402 192205.2543 193441.2853 194203.2136 197460.3670 198187.6277 202760.9916 204228.6295 207388.6130 212837.4817 214269.0816 216748.5872 222390.8056 231807.9592 237775.3919 238778.3674 242579.2688 250706.3940 264314.9775 278091.5438 278975.3928 309202.1780 341171.6208 370058.0911 392119.5765 444632.9875 475581.4936 482335.4055 496237.5787 524370.3245 538226.9015 572820.8159 657180.4083 690761.3265 823308.5785 922163.5317 989419.5795 1204085.438 1422156.793 1686486.577 1846197.648 2368911.201 3141842.744 3414584.438 7468852.166 11393313.47
