    unsorted:	 25.00000000 25.00000000 25.00000000 25.00000000 25.00000000 183602.4430 182747.5942 187443.9529 176792.7766 195083.7046 195757.9427 200331.7411 202046.3268 207920.4650 209799.1151 210399.3370 172091.9369 169180.8040 164370.0353 220281.2640 220982.5741 158593.6337 156175.2526 230089.8003 237782.2703 141856.2353 136986.0457 245994.1013 245675.7139 127924.2002 254301.7350 119677.2749 111468.1492 99067.38383 87038.13306 275792.2650 72525.27466 62147.54617 55441.46494 52459.28875 44362.95974 38434.15285 31328.14488 24809.49955 22256.84807 261.5742883 188.8570041 481.3976123 638.0718131 1029.938691 15726.12764 13358.23049 7164.956978 282583.5619 292564.1419 315861.8694 318392.4644 353599.9987 394057.6829 475408.8488 510192.9795 553721.7996 561754.4941 585288.9782 630712.9150 669187.0999 767102.8387 832660.3443 1019773.936 1098128.147 1248729.374 1509360.845 1738540.474 2081621.389 2276065.452 2834509.428 3568620.339 4205919.235 4837094.640 11365143.86
      sorted:	 25.00000000 25.00000000 25.00000000 25.00000000 25.00000000 188.8570041 261.5742883 481.3976123 638.0718131 1029.938691 7164.956978 13358.23049 15726.12764 22256.84807 24809.49955 31328.14488 38434.15285 44362.95974 52459.28875 55441.46494 62147.54617 72525.27466 87038.13306 99067.38383 111468.1492 119677.2749 127924.2002 136986.0457 141856.2353 156175.2526 158593.6337 164370.0353 169180.8040 172091.9369 176792.7766 182747.5942 183602.4430 187443.9529 195083.7046 195757.9427 200331.7411 202046.3268 207920.4650 209799.1151 210399.3370 220281.2640 220982.5741 230089.8003 237782.2703 245675.7139 245994.1013 254301.7350 275792.2650 282583.5619 292564.1419 315861.8694 318392.4644 353599.9987 394057.6829 475408.8488 510192.9795 553721.7996 561754.4941 585288.9782 630712.9150 669187.0999 767102.8387 832660.3443 1019773.936 1098128.147 1248729.374 1509360.845 1738540.474 2081621.389 2276065.452 2834509.428 3568620.339 4205919.235 4837094.640 11365143.86
