    unsorted:	 184152.7984 181765.8863 176762.4657 177816.4555 188178.7541 170363.2656 166273.5955 164322.6774 155505.2689 157697.7961 197000.3858 201215.8288 150720.9157 207398.0767 212903.5232 213650.7668 217655.6621 221651.1175 222786.6500 223693.7491 226403.5952 139408.9130 128877.8323 122540.3752 120111.8995 240491.2627 110837.7063 106056.1802 98380.37265 252783.8727 261578.2248 87028.56639 81605.20580 61992.59528 47675.52516 43587.85866 39277.45159 25213.05964 15756.74382 10292.91061 7938.529740 370067.5672 368719.5562 575815.3509 5616085.346 5607470.732 5624375.754 5560538.890 5551847.800 5570770.090 5533813.031 5651046.273 5501019.760 5479559.593 5686712.931 5416550.451 5379586.447 5361364.489 5724221.116 5269901.044 5277869.883 5211837.797 5172403.582 5840997.234 5093682.715 5924624.939 4906365.703 6025007.024 4658894.007 6160324.409 6332336.429 6772435.633 10362709.86 2049796726.
      sorted:	 7938.529740 10292.91061 15756.74382 25213.05964 39277.45159 43587.85866 47675.52516 61992.59528 81605.20580 87028.56639 98380.37265 106056.1802 110837.7063 120111.8995 122540.3752 128877.8323 139408.9130 150720.9157 155505.2689 157697.7961 164322.6774 166273.5955 170363.2656 176762.4657 177816.4555 181765.8863 184152.7984 188178.7541 197000.3858 201215.8288 207398.0767 212903.5232 213650.7668 217655.6621 221651.1175 222786.6500 223693.7491 226403.5952 240491.2627 252783.8727 261578.2248 368719.5562 370067.5672 575815.3509 4658894.007 4906365.703 5093682.715 5172403.582 5211837.797 5269901.044 5277869.883 5361364.489 5379586.447 5416550.451 5479559.593 5501019.760 5533813.031 5551847.800 5560538.890 5570770.090 5607470.732 5616085.346 5624375.754 5651046.273 5686712.931 5724221.116 5840997.234 5924624.939 6025007.024 6160324.409 6332336.429 6772435.633 10362709.86 2049796726.
