    unsorted:	 191623.5787 190905.2543 193489.3853 197840.2101 198882.5392 199798.1435 202527.8726 204237.9495 187808.3077 207429.3992 216949.4823 216403.9563 217366.4598 214018.1761 178599.6647 176667.5018 169785.6500 167877.9208 166001.8437 224273.1341 161290.1892 228565.3481 153912.0613 148777.5656 238086.8870 137742.4144 244219.9491 124790.9707 252376.0504 117990.3444 109152.0898 100834.1682 270134.3838 276219.0437 82498.80662 77578.43891 64349.35846 57407.80204 54357.64462 42014.29108 38913.29376 34287.58227 28096.18829 22025.55353 20707.77795 13456.28763 12472.84642 7071.168219 303331.4479 355.3380305 332627.8099 370064.1577 389784.3324 442927.0539 463894.4558 473459.5043 484304.0040 514413.1847 537321.4458 555575.5649 637909.2260 676457.6175 808972.8416 887935.4622 980326.5237 1198813.068 1381174.842 1637683.457 1810572.432 2356172.426 3116605.472 3415542.993 7371385.513 11394433.98
      sorted:	 355.3380305 7071.168219 12472.84642 13456.28763 20707.77795 22025.55353 28096.18829 34287.58227 38913.29376 42014.29108 54357.64462 57407.80204 64349.35846 77578.43891 82498.80662 100834.1682 109152.0898 117990.3444 124790.9707 137742.4144 148777.5656 153912.0613 161290.1892 166001.8437 167877.9208 169785.6500 176667.5018 178599.6647 187808.3077 190905.2543 191623.5787 193489.3853 197840.2101 198882.5392 199798.1435 202527.8726 204237.9495 207429.3992 214018.1761 216403.9563 216949.4823 217366.4598 224273.1341 228565.3481 238086.8870 244219.9491 252376.0504 270134.3838 276219.0437 303331.4479 332627.8099 370064.1577 389784.3324 442927.0539 463894.4558 473459.5043 484304.0040 514413.1847 537321.4458 555575.5649 637909.2260 676457.6175 808972.8416 887935.4622 980326.5237 1198813.068 1381174.842 1637683.457 1810572.432 2356172.426 3116605.472 3415542.993 7371385.513 11394433.98
