    unsorted:	 25.00000000 25.00000000 25.00000000 25.00000000 25.00000000 199940.3381 200623.6676 198478.0858 192387.7815 193199.5559 190829.0734 203474.7872 205692.6423 210764.7529 211786.3292 214015.6538 179321.6835 174220.5236 171267.8906 165277.3420 222290.4218 162053.7893 157409.1386 231278.3212 230168.2446 237677.1376 148813.5240 139254.9462 128335.1329 117733.4769 261530.4067 258061.2870 106374.9314 92256.07308 87149.38577 73829.54044 63713.62586 55123.34475 46838.44232 45166.14776 40665.39010 31969.01541 25782.81769 23391.08787 263.6109853 199.7730239 483.6023185 652.9081914 1068.974713 16664.49004 13788.94795 7302.796704 284893.7745 295863.6344 298005.3293 321451.3382 326521.1888 354210.7437 398512.0015 480343.0592 516868.2830 554609.7879 558658.2209 586481.7018 629850.0687 666184.8533 761422.6214 833864.1271 1008850.143 1086027.348 1238169.688 1504407.083 1723789.046 2055802.449 2240339.397 2824564.571 3542195.565 4140359.694 4821276.876 11073241.08
      sorted:	 25.00000000 25.00000000 25.00000000 25.00000000 25.00000000 199.7730239 263.6109853 483.6023185 652.9081914 1068.974713 7302.796704 13788.94795 16664.49004 23391.08787 25782.81769 31969.01541 40665.39010 45166.14776 46838.44232 55123.34475 63713.62586 73829.54044 87149.38577 92256.07308 106374.9314 117733.4769 128335.1329 139254.9462 148813.5240 157409.1386 162053.7893 165277.3420 171267.8906 174220.5236 179321.6835 190829.0734 192387.7815 193199.5559 198478.0858 199940.3381 200623.6676 203474.7872 205692.6423 210764.7529 211786.3292 214015.6538 222290.4218 230168.2446 231278.3212 237677.1376 258061.2870 261530.4067 284893.7745 295863.6344 298005.3293 321451.3382 326521.1888 354210.7437 398512.0015 480343.0592 516868.2830 554609.7879 558658.2209 586481.7018 629850.0687 666184.8533 761422.6214 833864.1271 1008850.143 1086027.348 1238169.688 1504407.083 1723789.046 2055802.449 2240339.397 2824564.571 3542195.565 4140359.694 4821276.876 11073241.08
