    unsorted:	 204829.1145 205224.5722 202840.8311 208855.3955 208228.5121 195857.4744 213214.2789 191520.7387 189704.3785 219636.7062 220610.5448 180551.3353 176926.3190 171530.6967 166902.3238 161991.1175 160522.7013 226464.2266 228410.6933 151150.5292 149530.1325 236280.6459 239084.1547 139459.4546 129709.8765 125058.6656 118711.9390 114630.8963 104455.9265 95337.25454 261271.6294 83314.96867 80467.73900 62052.08264 50761.06989 41272.00534 36145.02778 30406.02584 11740.22251 9940.691540 8584.856526 370070.8515 368789.3595 576245.5866 5556873.124 5561779.692 5571342.272 5537975.938 5615889.921 5604958.583 5622478.373 5502003.782 5482165.373 5650396.967 5680161.783 5421966.473 5710051.739 5390982.114 5363204.850 5298857.779 5302114.870 5252972.142 5170606.226 5833817.557 5105264.785 5913234.004 6011296.973 4909247.920 6144357.948 4668843.904 6308191.786 6726983.677 10170768.92 2051647708.
      sorted:	 8584.856526 9940.691540 11740.22251 30406.02584 36145.02778 41272.00534 50761.06989 62052.08264 80467.73900 83314.96867 95337.25454 104455.9265 114630.8963 118711.9390 125058.6656 129709.8765 139459.4546 149530.1325 151150.5292 160522.7013 161991.1175 166902.3238 171530.6967 176926.3190 180551.3353 189704.3785 191520.7387 195857.4744 202840.8311 204829.1145 205224.5722 208228.5121 208855.3955 213214.2789 219636.7062 220610.5448 226464.2266 228410.6933 236280.6459 239084.1547 261271.6294 368789.3595 370070.8515 576245.5866 4668843.904 4909247.920 5105264.785 5170606.226 5252972.142 5298857.779 5302114.870 5363204.850 5390982.114 5421966.473 5482165.373 5502003.782 5537975.938 5556873.124 5561779.692 5571342.272 5604958.583 5615889.921 5622478.373 5650396.967 5680161.783 5710051.739 5833817.557 5913234.004 6011296.973 6144357.948 6308191.786 6726983.677 10170768.92 2051647708.
