    unsorted:	 25.00000000 25.00000000 25.00000000 25.00000000 25.00000000 198383.4410 196658.6459 200885.7457 194605.7249 191018.3775 192401.6942 203638.3251 204438.4871 208510.9551 208922.6237 182237.6944 179593.8416 218817.5373 172907.1953 224079.9688 169090.4436 164343.1830 228666.8295 233057.6778 233019.6140 158568.7244 148430.3810 138883.4579 252191.1912 257021.6345 126273.3795 115125.5778 108829.1110 97003.94070 88198.03077 73961.64180 63063.20365 56477.74336 49571.51889 46906.02814 41713.66839 32765.34248 27541.28321 24366.74338 265.0877843 195.2209075 478.9851007 667.3913755 1055.544117 17790.48387 13968.34594 7478.754204 280059.3752 287975.2623 307696.6510 322005.7622 334715.8926 368863.6391 404255.0111 477526.5908 550308.3977 567017.9209 585198.9945 604736.2803 642124.9692 689251.1664 790749.3391 854997.2820 1022590.534 1098595.637 1236154.307 1515115.082 1726209.169 2056236.295 2227521.412 2807414.500 3524106.852 4105923.356 4811842.777 10992039.95
      sorted:	 25.00000000 25.00000000 25.00000000 25.00000000 25.00000000 195.2209075 265.0877843 478.9851007 667.3913755 1055.544117 7478.754204 13968.34594 17790.48387 24366.74338 27541.28321 32765.34248 41713.66839 46906.02814 49571.51889 56477.74336 63063.20365 73961.64180 88198.03077 97003.94070 108829.1110 115125.5778 126273.3795 138883.4579 148430.3810 158568.7244 164343.1830 169090.4436 172907.1953 179593.8416 182237.6944 191018.3775 192401.6942 194605.7249 196658.6459 198383.4410 200885.7457 203638.3251 204438.4871 208510.9551 208922.6237 218817.5373 224079.9688 228666.8295 233019.6140 233057.6778 252191.1912 257021.6345 280059.3752 287975.2623 307696.6510 322005.7622 334715.8926 368863.6391 404255.0111 477526.5908 550308.3977 567017.9209 585198.9945 604736.2803 642124.9692 689251.1664 790749.3391 854997.2820 1022590.534 1098595.637 1236154.307 1515115.082 1726209.169 2056236.295 2227521.412 2807414.500 3524106.852 4105923.356 4811842.777 10992039.95
