    unsorted:	 192620.5308 191416.4120 194813.4423 204235.7629 205155.5453 184344.7979 178113.0599 175422.3670 172348.3543 167264.5301 165091.9193 159408.4491 157940.9949 212523.8229 215648.6170 215158.5752 220101.6019 151002.9202 227609.4353 231109.9586 232579.5130 141922.1334 135463.6765 242623.2633 123157.4742 119745.3929 251984.4713 258307.5919 107348.3583 101938.5316 88191.64626 85071.78601 67226.97675 57789.08158 49546.52699 41009.19679 35543.18865 26972.11715 22297.04664 9987.152887 7333.816293 370056.7912 368804.0038 576125.9179 5558551.297 5563339.380 5572088.721 5535601.307 5616477.575 5613574.911 5622753.924 5646250.471 5503289.734 5483422.976 5687546.824 5423341.613 5709570.546 5389050.390 5362227.910 5306708.982 5288394.791 5214260.188 5832038.270 5159961.363 5091784.438 5927215.880 5999010.373 4898305.767 6140914.914 4687554.614 6317676.247 6706902.522 10120635.81 2049791333.
      sorted:	 7333.816293 9987.152887 22297.04664 26972.11715 35543.18865 41009.19679 49546.52699 57789.08158 67226.97675 85071.78601 88191.64626 101938.5316 107348.3583 119745.3929 123157.4742 135463.6765 141922.1334 151002.9202 157940.9949 159408.4491 165091.9193 167264.5301 172348.3543 175422.3670 178113.0599 184344.7979 191416.4120 192620.5308 194813.4423 204235.7629 205155.5453 212523.8229 215158.5752 215648.6170 220101.6019 227609.4353 231109.9586 232579.5130 242623.2633 251984.4713 258307.5919 368804.0038 370056.7912 576125.9179 4687554.614 4898305.767 5091784.438 5159961.363 5214260.188 5288394.791 5306708.982 5362227.910 5389050.390 5423341.613 5483422.976 5503289.734 5535601.307 5558551.297 5563339.380 5572088.721 5613574.911 5616477.575 5622753.924 5646250.471 5687546.824 5709570.546 5832038.270 5927215.880 5999010.373 6140914.914 6317676.247 6706902.522 10120635.81 2049791333.
