    unsorted:	 193332.4350 192933.7954 198004.6716 200985.5492 204229.3829 184991.7685 184592.6719 180510.2876 210791.2810 208853.6939 167831.0492 168447.6336 170697.0213 162291.0370 219242.7601 222108.7499 224293.1631 227526.5331 232655.3458 232578.4758 234865.2901 158117.3073 151353.9191 141312.6902 133178.3618 123447.0119 119824.0322 256567.1953 108585.4813 102661.4649 87419.12867 80196.32502 71869.08179 58404.97645 48370.31788 42912.48337 37786.55250 25259.29419 19279.08929 9808.555843 8495.946860 370071.9263 368671.6510 574899.3520 5566407.428 5554465.126 5574766.697 5607132.150 5616337.083 5626087.465 5532866.461 5652395.152 5500714.023 5479538.951 5680228.304 5420363.945 5712606.241 5383894.274 5364024.393 5293444.686 5263389.122 5170530.849 5159701.202 5854055.330 5929235.846 5059062.265 6030551.574 4883346.293 6182248.018 4640001.197 6327109.666 6719569.478 10613325.77 2049488786.
      sorted:	 8495.946860 9808.555843 19279.08929 25259.29419 37786.55250 42912.48337 48370.31788 58404.97645 71869.08179 80196.32502 87419.12867 102661.4649 108585.4813 119824.0322 123447.0119 133178.3618 141312.6902 151353.9191 158117.3073 162291.0370 167831.0492 168447.6336 170697.0213 180510.2876 184592.6719 184991.7685 192933.7954 193332.4350 198004.6716 200985.5492 204229.3829 208853.6939 210791.2810 219242.7601 222108.7499 224293.1631 227526.5331 232578.4758 232655.3458 234865.2901 256567.1953 368671.6510 370071.9263 574899.3520 4640001.197 4883346.293 5059062.265 5159701.202 5170530.849 5263389.122 5293444.686 5364024.393 5383894.274 5420363.945 5479538.951 5500714.023 5532866.461 5554465.126 5566407.428 5574766.697 5607132.150 5616337.083 5626087.465 5652395.152 5680228.304 5712606.241 5854055.330 5929235.846 6030551.574 6182248.018 6327109.666 6719569.478 10613325.77 2049488786.
