    unsorted:	 199503.7934 199328.1786 200755.1300 201516.2794 197155.9880 204357.6819 191939.0949 191017.3116 207963.9483 209813.5376 188491.7020 213539.3867 214983.5397 181757.8095 221061.3718 176809.6306 172439.3743 232584.5501 234323.0555 163632.9566 156855.7598 243876.2657 245133.6674 249610.8953 253104.7060 149286.2972 142277.0528 134012.5985 128923.2221 267614.6698 118267.5860 273758.5280 104179.7929 99006.57740 86347.88311 79256.40241 68423.60221 59547.79071 294596.9885 50665.05304 43213.48835 38403.17537 35798.11817 30788.50463 23094.74407 21762.41602 13475.44411 13024.18223 6968.844198 542.4466405 334019.8170 370062.0986 390427.7398 440093.7215 470594.3823 483157.3582 492928.8770 521507.1192 537941.1005 574092.4795 660081.8764 693142.5889 824650.5030 909139.4371 995004.3838 1207087.192 1396898.620 1673236.786 1811358.663 2333316.483 3050275.907 3538780.202 7287603.408 11201572.92
      sorted:	 542.4466405 6968.844198 13024.18223 13475.44411 21762.41602 23094.74407 30788.50463 35798.11817 38403.17537 43213.48835 50665.05304 59547.79071 68423.60221 79256.40241 86347.88311 99006.57740 104179.7929 118267.5860 128923.2221 134012.5985 142277.0528 149286.2972 156855.7598 163632.9566 172439.3743 176809.6306 181757.8095 188491.7020 191017.3116 191939.0949 197155.9880 199328.1786 199503.7934 200755.1300 201516.2794 204357.6819 207963.9483 209813.5376 213539.3867 214983.5397 221061.3718 232584.5501 234323.0555 243876.2657 245133.6674 249610.8953 253104.7060 267614.6698 273758.5280 294596.9885 334019.8170 370062.0986 390427.7398 440093.7215 470594.3823 483157.3582 492928.8770 521507.1192 537941.1005 574092.4795 660081.8764 693142.5889 824650.5030 909139.4371 995004.3838 1207087.192 1396898.620 1673236.786 1811358.663 2333316.483 3050275.907 3538780.202 7287603.408 11201572.92
