    unsorted:	 197350.5756 197978.4014 198069.9212 200364.1216 202663.2184 193981.7348 204814.1637 191711.1145 189624.7654 185990.3420 210775.3087 211657.8701 220465.6722 220626.6523 217485.3077 178361.9629 175829.9237 171072.9001 226950.6102 167305.0134 231236.1057 233761.3383 162115.9247 155471.7533 240729.8471 142012.1028 135996.4489 250898.3304 125025.0059 116614.6313 105809.1423 266726.2879 99066.39306 273319.3294 84434.93625 78016.34482 70810.03306 58093.00687 50163.81729 42372.32767 39475.29393 32103.09551 34564.08633 22154.00856 21043.11219 13457.03819 12523.67557 6984.401513 296031.4872 455.2884803 330556.4748 370072.2319 391954.7171 433400.2717 467688.7492 475280.9353 486408.6535 516087.2605 537632.4600 561513.0014 645416.4087 687542.4627 820432.2401 906598.2921 989610.6615 1213921.387 1404316.347 1667928.455 1825006.672 2363241.863 3108303.705 3464069.720 7387051.739 11337867.09
      sorted:	 455.2884803 6984.401513 12523.67557 13457.03819 21043.11219 22154.00856 32103.09551 34564.08633 39475.29393 42372.32767 50163.81729 58093.00687 70810.03306 78016.34482 84434.93625 99066.39306 105809.1423 116614.6313 125025.0059 135996.4489 142012.1028 155471.7533 162115.9247 167305.0134 171072.9001 175829.9237 178361.9629 185990.3420 189624.7654 191711.1145 193981.7348 197350.5756 197978.4014 198069.9212 200364.1216 202663.2184 204814.1637 210775.3087 211657.8701 217485.3077 220465.6722 220626.6523 226950.6102 231236.1057 233761.3383 240729.8471 250898.3304 266726.2879 273319.3294 296031.4872 330556.4748 370072.2319 391954.7171 433400.2717 467688.7492 475280.9353 486408.6535 516087.2605 537632.4600 561513.0014 645416.4087 687542.4627 820432.2401 906598.2921 989610.6615 1213921.387 1404316.347 1667928.455 1825006.672 2363241.863 3108303.705 3464069.720 7387051.739 11337867.09
