    unsorted:	 197865.5406 199894.2427 202144.7963 206332.5503 212342.0806 211859.6999 213841.6684 217677.2114 187032.0343 185308.8154 181894.5056 172792.6922 173222.1257 221939.4479 225007.5622 226475.7936 165307.9737 162884.8160 158854.9621 156506.5082 149915.5747 144500.3885 235730.8088 239044.3407 136568.0653 121014.9267 124697.6172 110914.4478 106050.2053 94111.49406 88274.55082 262590.6223 76741.46049 63307.27902 52812.51361 42291.96508 35211.35453 22414.98051 14983.56276 9626.163867 6745.058745 370066.9953 368732.1645 575997.1765 5617002.934 5621821.243 5604806.407 5562747.984 5555140.901 5572332.124 5535110.374 5644416.262 5502652.039 5481017.780 5684727.032 5422539.499 5712902.937 5388511.296 5363983.624 5293906.417 5264203.860 5201203.067 5173890.305 5834894.861 5901201.246 5093345.185 6006193.749 4916128.144 6135512.776 4678729.046 6297243.855 6666639.769 10252784.35 2048553869.
      sorted:	 6745.058745 9626.163867 14983.56276 22414.98051 35211.35453 42291.96508 52812.51361 63307.27902 76741.46049 88274.55082 94111.49406 106050.2053 110914.4478 121014.9267 124697.6172 136568.0653 144500.3885 149915.5747 156506.5082 158854.9621 162884.8160 165307.9737 172792.6922 173222.1257 181894.5056 185308.8154 187032.0343 197865.5406 199894.2427 202144.7963 206332.5503 211859.6999 212342.0806 213841.6684 217677.2114 221939.4479 225007.5622 226475.7936 235730.8088 239044.3407 262590.6223 368732.1645 370066.9953 575997.1765 4678729.046 4916128.144 5093345.185 5173890.305 5201203.067 5264203.860 5293906.417 5363983.624 5388511.296 5422539.499 5481017.780 5502652.039 5535110.374 5555140.901 5562747.984 5572332.124 5604806.407 5617002.934 5621821.243 5644416.262 5684727.032 5712902.937 5834894.861 5901201.246 6006193.749 6135512.776 6297243.855 6666639.769 10252784.35 2048553869.
