    unsorted:	 206439.9008 209033.5212 209672.1088 202153.9547 201594.5142 190654.9653 194329.1611 188453.4310 187714.4390 180084.1447 217318.6775 217589.8967 168620.7487 169922.5164 164125.3369 159649.3576 223875.4974 155492.4671 153066.0577 229929.6914 231085.5315 236079.9693 236849.3546 143465.7808 135792.1725 125234.8660 119268.5484 112857.8897 255707.2873 104552.2577 85959.98220 79608.02572 68348.68172 56777.64889 47750.78727 40976.45095 32444.35536 33718.26034 23606.42591 10562.09614 9463.930699 370072.4876 368816.1408 576573.4171 5563435.004 5556220.621 5570698.328 5537266.320 5613555.566 5607044.646 5621544.256 5502085.151 5483977.560 5645069.737 5684832.118 5426804.109 5704519.596 5391222.574 5371570.020 5304848.186 5296231.700 5246110.265 5825506.574 5173302.390 5108019.884 5916008.725 5983281.604 4911598.197 6103449.093 4689559.890 6265637.320 6656220.298 9901369.636 2051605295.
      sorted:	 9463.930699 10562.09614 23606.42591 32444.35536 33718.26034 40976.45095 47750.78727 56777.64889 68348.68172 79608.02572 85959.98220 104552.2577 112857.8897 119268.5484 125234.8660 135792.1725 143465.7808 153066.0577 155492.4671 159649.3576 164125.3369 168620.7487 169922.5164 180084.1447 187714.4390 188453.4310 190654.9653 194329.1611 201594.5142 202153.9547 206439.9008 209033.5212 209672.1088 217318.6775 217589.8967 223875.4974 229929.6914 231085.5315 236079.9693 236849.3546 255707.2873 368816.1408 370072.4876 576573.4171 4689559.890 4911598.197 5108019.884 5173302.390 5246110.265 5296231.700 5304848.186 5371570.020 5391222.574 5426804.109 5483977.560 5502085.151 5537266.320 5556220.621 5563435.004 5570698.328 5607044.646 5613555.566 5621544.256 5645069.737 5684832.118 5704519.596 5825506.574 5916008.725 5983281.604 6103449.093 6265637.320 6656220.298 9901369.636 2051605295.
