    unsorted:	 203942.3529 201234.7838 199610.8769 206237.2672 207953.6651 213522.8459 217575.7074 217372.5044 219067.0439 192218.9001 188197.9042 183598.5507 180686.2351 174112.6452 169070.0147 168542.8365 162655.5057 159096.4753 227254.3271 228560.4531 151015.8132 236680.4874 140505.8904 129998.7963 124744.0684 246743.6831 248790.8423 119394.5324 112787.9014 104972.2967 90784.28580 86053.88321 69126.02749 60023.49265 51229.71252 43292.34736 37267.32890 25800.36184 15074.37889 9988.243251 6064.285236 370075.5340 368753.6134 575425.1021 5558504.510 5560851.945 5569552.450 5538913.949 5615244.030 5612355.661 5627973.033 5503715.439 5482172.841 5657143.154 5683387.987 5423593.763 5718016.971 5385023.656 5359974.574 5288037.933 5277060.171 5191563.928 5159318.116 5849942.046 5075934.218 5918925.453 4893965.140 6030413.253 4652092.157 6169831.759 6343308.436 6736960.438 10466135.27 2050977085.
      sorted:	 6064.285236 9988.243251 15074.37889 25800.36184 37267.32890 43292.34736 51229.71252 60023.49265 69126.02749 86053.88321 90784.28580 104972.2967 112787.9014 119394.5324 124744.0684 129998.7963 140505.8904 151015.8132 159096.4753 162655.5057 168542.8365 169070.0147 174112.6452 180686.2351 183598.5507 188197.9042 192218.9001 199610.8769 201234.7838 203942.3529 206237.2672 207953.6651 213522.8459 217372.5044 217575.7074 219067.0439 227254.3271 228560.4531 236680.4874 246743.6831 248790.8423 368753.6134 370075.5340 575425.1021 4652092.157 4893965.140 5075934.218 5159318.116 5191563.928 5277060.171 5288037.933 5359974.574 5385023.656 5423593.763 5482172.841 5503715.439 5538913.949 5558504.510 5560851.945 5569552.450 5612355.661 5615244.030 5627973.033 5657143.154 5683387.987 5718016.971 5849942.046 5918925.453 6030413.253 6169831.759 6343308.436 6736960.438 10466135.27 2050977085.
