    unsorted:	 25.00000000 25.00000000 25.00000000 25.00000000 25.00000000 204326.1252 204694.4990 201877.4403 199786.3051 197967.6569 208886.2816 207979.9386 193016.7393 192098.1354 188946.7413 219986.1713 177722.1276 225831.8802 171038.7810 165322.3855 162452.5221 159202.8893 158407.6600 235264.8608 233334.1686 236146.0888 144587.4012 138073.9448 243908.1466 127040.9398 118091.6594 110165.4780 258397.2370 96062.83253 84031.94612 73102.00874 63571.28361 56358.57885 53456.15319 45779.07787 39976.96201 31225.32046 24911.23404 22565.41953 262.3382693 183.7317376 487.8380419 656.3051685 1026.358178 16817.43910 13551.09950 7287.349256 276365.8610 283770.6525 299215.2048 319941.6050 320563.0660 356543.8236 393636.4073 476070.7776 516817.0007 546371.8878 555499.3169 581718.0980 627923.7472 660006.9689 755823.0748 827901.4496 1004052.837 1067681.890 1221684.942 1494492.340 1695618.941 2024174.283 2214359.967 2792115.234 3516799.809 4084930.002 4828550.630 10765565.05
      sorted:	 25.00000000 25.00000000 25.00000000 25.00000000 25.00000000 183.7317376 262.3382693 487.8380419 656.3051685 1026.358178 7287.349256 13551.09950 16817.43910 22565.41953 24911.23404 31225.32046 39976.96201 45779.07787 53456.15319 56358.57885 63571.28361 73102.00874 84031.94612 96062.83253 110165.4780 118091.6594 127040.9398 138073.9448 144587.4012 158407.6600 159202.8893 162452.5221 165322.3855 171038.7810 177722.1276 188946.7413 192098.1354 193016.7393 197967.6569 199786.3051 201877.4403 204326.1252 204694.4990 207979.9386 208886.2816 219986.1713 225831.8802 233334.1686 235264.8608 236146.0888 243908.1466 258397.2370 276365.8610 283770.6525 299215.2048 319941.6050 320563.0660 356543.8236 393636.4073 476070.7776 516817.0007 546371.8878 555499.3169 581718.0980 627923.7472 660006.9689 755823.0748 827901.4496 1004052.837 1067681.890 1221684.942 1494492.340 1695618.941 2024174.283 2214359.967 2792115.234 3516799.809 4084930.002 4828550.630 10765565.05
