    unsorted:	 186460.9376 187923.1127 188395.5280 190032.3505 191236.2261 178810.5496 169472.7873 168109.0467 163569.6984 158227.4131 157357.0561 205896.2063 203509.8775 211478.3315 209948.1405 216065.3098 152525.6684 221061.4804 223969.2395 226135.9327 142113.3709 238864.7704 236353.1411 134406.4942 124112.8003 119654.2926 247646.2864 110574.6447 105278.4961 260351.4861 88802.16474 86556.43436 76498.59118 61284.71869 49170.56169 44634.88430 40147.26072 24388.84845 12670.66739 10090.14035 7332.117516 370066.9800 368749.2828 575710.3457 5557554.195 5563693.621 5573171.795 5539071.377 5610977.408 5616109.586 5625782.740 5649147.675 5504327.137 5481189.025 5683599.241 5422202.568 5712563.404 5387039.642 5362775.287 5285552.523 5281013.172 5193280.279 5162090.378 5847110.853 5082193.881 5918417.182 4912828.248 6012305.967 4669944.579 6161022.860 6333028.188 6752108.242 10491112.64 2050470577.
      sorted:	 7332.117516 10090.14035 12670.66739 24388.84845 40147.26072 44634.88430 49170.56169 61284.71869 76498.59118 86556.43436 88802.16474 105278.4961 110574.6447 119654.2926 124112.8003 134406.4942 142113.3709 152525.6684 157357.0561 158227.4131 163569.6984 168109.0467 169472.7873 178810.5496 186460.9376 187923.1127 188395.5280 190032.3505 191236.2261 203509.8775 205896.2063 209948.1405 211478.3315 216065.3098 221061.4804 223969.2395 226135.9327 236353.1411 238864.7704 247646.2864 260351.4861 368749.2828 370066.9800 575710.3457 4669944.579 4912828.248 5082193.881 5162090.378 5193280.279 5281013.172 5285552.523 5362775.287 5387039.642 5422202.568 5481189.025 5504327.137 5539071.377 5557554.195 5563693.621 5573171.795 5610977.408 5616109.586 5625782.740 5649147.675 5683599.241 5712563.404 5847110.853 5918417.182 6012305.967 6161022.860 6333028.188 6752108.242 10491112.64 2050470577.
