    unsorted:	 190455.4504 189643.8396 183917.5023 180353.7366 176883.8407 197826.5026 166984.4715 168955.6318 164354.1938 158229.3404 157405.3822 200677.5945 150867.3828 208370.6801 212519.7412 216736.1420 218455.6457 218934.7518 225705.6227 230005.6095 229628.8735 142286.4579 136437.0400 238889.3747 240983.5276 126577.9573 120137.6361 115449.0767 249819.4038 106628.6131 87205.47074 83365.40084 75735.25712 63576.70157 52484.07781 40721.04477 31207.91222 24561.99412 15105.07766 11998.09866 9588.553257 370067.4912 368768.8362 576013.6351 5555067.227 5562083.481 5571268.465 5537083.241 5613219.924 5603907.262 5620944.158 5503778.131 5483366.460 5648649.791 5676382.801 5424851.683 5708457.221 5392147.932 5370107.378 5300973.459 5294909.070 5230581.521 5826240.035 5170021.634 5913250.256 5093093.555 5996709.671 4900385.551 6128020.066 4674532.260 6294662.321 6696514.710 10115529.03 2050880650.
      sorted:	 9588.553257 11998.09866 15105.07766 24561.99412 31207.91222 40721.04477 52484.07781 63576.70157 75735.25712 83365.40084 87205.47074 106628.6131 115449.0767 120137.6361 126577.9573 136437.0400 142286.4579 150867.3828 157405.3822 158229.3404 164354.1938 166984.4715 168955.6318 176883.8407 180353.7366 183917.5023 189643.8396 190455.4504 197826.5026 200677.5945 208370.6801 212519.7412 216736.1420 218455.6457 218934.7518 225705.6227 229628.8735 230005.6095 238889.3747 240983.5276 249819.4038 368768.8362 370067.4912 576013.6351 4674532.260 4900385.551 5093093.555 5170021.634 5230581.521 5294909.070 5300973.459 5370107.378 5392147.932 5424851.683 5483366.460 5503778.131 5537083.241 5555067.227 5562083.481 5571268.465 5603907.262 5613219.924 5620944.158 5648649.791 5676382.801 5708457.221 5826240.035 5913250.256 5996709.671 6128020.066 6294662.321 6696514.710 10115529.03 2050880650.
