    unsorted:	 203358.0778 205152.1829 205406.4277 200865.6392 208937.6915 212244.0245 213727.9598 195310.0602 192410.8746 191773.6094 190078.9181 189912.9837 216667.0620 181783.8959 221651.0216 173536.1420 228112.5316 169677.2258 236976.5528 235567.9454 239490.9286 161938.9097 158130.2976 244581.9245 152168.1776 252086.7653 142489.1731 135030.5850 123082.9562 116426.5721 106921.6755 269621.4474 273246.2942 100296.9704 87955.08103 79456.38527 71074.10142 58597.85692 53260.73172 38629.84001 41937.61016 32057.57928 33925.48471 22555.97263 21399.47662 13463.74566 12832.82832 297359.2127 7051.330748 485.2400878 332751.8988 370069.2651 387115.4211 427917.5974 460911.5266 467055.8393 482569.4009 512212.5460 537993.8259 557627.5800 640240.1784 677627.5953 809774.4603 885563.4186 978541.6839 1191923.136 1378288.522 1652465.719 1817758.024 2348396.821 3084634.188 3473138.466 7329608.595 11283208.34
      sorted:	 485.2400878 7051.330748 12832.82832 13463.74566 21399.47662 22555.97263 32057.57928 33925.48471 38629.84001 41937.61016 53260.73172 58597.85692 71074.10142 79456.38527 87955.08103 100296.9704 106921.6755 116426.5721 123082.9562 135030.5850 142489.1731 152168.1776 158130.2976 161938.9097 169677.2258 173536.1420 181783.8959 189912.9837 190078.9181 191773.6094 192410.8746 195310.0602 200865.6392 203358.0778 205152.1829 205406.4277 208937.6915 212244.0245 213727.9598 216667.0620 221651.0216 228112.5316 235567.9454 236976.5528 239490.9286 244581.9245 252086.7653 269621.4474 273246.2942 297359.2127 332751.8988 370069.2651 387115.4211 427917.5974 460911.5266 467055.8393 482569.4009 512212.5460 537993.8259 557627.5800 640240.1784 677627.5953 809774.4603 885563.4186 978541.6839 1191923.136 1378288.522 1652465.719 1817758.024 2348396.821 3084634.188 3473138.466 7329608.595 11283208.34
