    unsorted:	 201120.9746 200376.6956 203911.3395 196716.1102 194602.7051 207618.7543 212229.2338 187159.3312 184280.8045 216042.1399 178925.1229 219414.1681 224314.6776 224989.2264 227673.7349 171605.1239 168550.7495 163358.3377 156795.9072 155264.5083 151576.7025 232034.3014 142812.9202 241625.7272 134580.1758 124123.5534 120024.5815 110322.6834 103390.0278 255766.1663 89095.64334 87130.94504 73033.05539 59520.98925 50507.57056 43251.62607 33681.14395 34739.02953 19227.08971 9688.341373 8083.791144 370073.0743 368713.2508 575140.7578 5566270.151 5554808.528 5574604.021 5537249.879 5601920.315 5616715.643 5625152.823 5504237.856 5480973.485 5652985.512 5687825.387 5423302.377 5709191.330 5387862.158 5360254.077 5293132.836 5274136.075 5838560.433 5173428.279 5155280.191 5913528.153 5064924.834 6008952.983 4878372.815 6151908.965 4645824.922 6313579.917 6679060.506 10290485.85 2049028889.
      sorted:	 8083.791144 9688.341373 19227.08971 33681.14395 34739.02953 43251.62607 50507.57056 59520.98925 73033.05539 87130.94504 89095.64334 103390.0278 110322.6834 120024.5815 124123.5534 134580.1758 142812.9202 151576.7025 155264.5083 156795.9072 163358.3377 168550.7495 171605.1239 178925.1229 184280.8045 187159.3312 194602.7051 196716.1102 200376.6956 201120.9746 203911.3395 207618.7543 212229.2338 216042.1399 219414.1681 224314.6776 224989.2264 227673.7349 232034.3014 241625.7272 255766.1663 368713.2508 370073.0743 575140.7578 4645824.922 4878372.815 5064924.834 5155280.191 5173428.279 5274136.075 5293132.836 5360254.077 5387862.158 5423302.377 5480973.485 5504237.856 5537249.879 5554808.528 5566270.151 5574604.021 5601920.315 5616715.643 5625152.823 5652985.512 5687825.387 5709191.330 5838560.433 5913528.153 6008952.983 6151908.965 6313579.917 6679060.506 10290485.85 2049028889.
