    unsorted:	 185746.9001 185910.0993 189660.0188 192195.7780 177392.3519 196976.4332 169865.9358 173282.2489 168525.0924 200894.9546 209848.1175 211083.7422 217216.3244 217518.8802 220636.3646 224292.4361 225024.7272 229506.9676 159676.1753 155758.8752 150719.6202 232297.0559 141047.2887 134297.7506 242733.7140 125022.4171 120945.1044 114330.0896 110068.0259 250960.9657 100609.4321 87434.48285 73158.37275 58528.00504 43374.01301 42552.96334 34678.64034 29413.04037 19201.05749 10116.06211 5358.392273 370071.0620 368758.9411 575740.9604 5611691.989 5610143.414 5558518.393 5564119.276 5572922.619 5622425.151 5535669.834 5646962.538 5503517.124 5482795.615 5678085.353 5423773.319 5702052.641 5389208.708 5366348.980 5299039.894 5286431.423 5827789.812 5204023.191 5170793.106 5920094.429 5085371.367 5995476.204 4911214.211 6140255.708 4694402.714 6293843.449 6695135.281 10205302.44 2050683066.
      sorted:	 5358.392273 10116.06211 19201.05749 29413.04037 34678.64034 42552.96334 43374.01301 58528.00504 73158.37275 87434.48285 100609.4321 110068.0259 114330.0896 120945.1044 125022.4171 134297.7506 141047.2887 150719.6202 155758.8752 159676.1753 168525.0924 169865.9358 173282.2489 177392.3519 185746.9001 185910.0993 189660.0188 192195.7780 196976.4332 200894.9546 209848.1175 211083.7422 217216.3244 217518.8802 220636.3646 224292.4361 225024.7272 229506.9676 232297.0559 242733.7140 250960.9657 368758.9411 370071.0620 575740.9604 4694402.714 4911214.211 5085371.367 5170793.106 5204023.191 5286431.423 5299039.894 5366348.980 5389208.708 5423773.319 5482795.615 5503517.124 5535669.834 5558518.393 5564119.276 5572922.619 5610143.414 5611691.989 5622425.151 5646962.538 5678085.353 5702052.641 5827789.812 5920094.429 5995476.204 6140255.708 6293843.449 6695135.281 10205302.44 2050683066.
