    unsorted:	 204661.1660 204176.3188 201749.8247 200484.5591 199400.7692 206249.5341 192708.7171 194889.4286 186681.2377 188433.5068 185563.8507 213840.7578 222201.7727 223365.0539 221221.1366 225286.6847 176491.7568 168538.5010 168759.3473 164726.4037 158421.2758 236587.4222 239883.1116 149921.7861 145279.9341 248653.8087 251199.4859 133786.9307 122523.6830 263662.6862 116253.0484 269645.8910 106189.5460 98236.21906 87357.40793 76821.67171 69668.36745 58553.97790 54292.32374 291472.6860 41373.33191 37854.61222 33909.08260 32796.83129 22753.54781 20922.27365 13451.90130 12293.39777 6948.046004 425.7060112 330790.5158 370062.9772 387724.3442 425038.4320 455158.0873 458557.5134 476825.0121 507086.7897 537095.0443 544527.6144 626854.3136 670930.9444 806503.8116 868120.2526 974921.2711 1203349.966 1354285.929 1618975.514 1777693.335 2352321.568 3031141.404 3472311.514 7186553.143 11097044.05
      sorted:	 425.7060112 6948.046004 12293.39777 13451.90130 20922.27365 22753.54781 32796.83129 33909.08260 37854.61222 41373.33191 54292.32374 58553.97790 69668.36745 76821.67171 87357.40793 98236.21906 106189.5460 116253.0484 122523.6830 133786.9307 145279.9341 149921.7861 158421.2758 164726.4037 168538.5010 168759.3473 176491.7568 185563.8507 186681.2377 188433.5068 192708.7171 194889.4286 199400.7692 200484.5591 201749.8247 204176.3188 204661.1660 206249.5341 213840.7578 221221.1366 222201.7727 223365.0539 225286.6847 236587.4222 239883.1116 248653.8087 251199.4859 263662.6862 269645.8910 291472.6860 330790.5158 370062.9772 387724.3442 425038.4320 455158.0873 458557.5134 476825.0121 507086.7897 537095.0443 544527.6144 626854.3136 670930.9444 806503.8116 868120.2526 974921.2711 1203349.966 1354285.929 1618975.514 1777693.335 2352321.568 3031141.404 3472311.514 7186553.143 11097044.05
