    unsorted:	 25.00000000 25.00000000 25.00000000 25.00000000 25.00000000 197165.0153 197557.6479 200475.5538 200016.8565 202971.8519 203338.6173 191918.9949 192176.1430 189807.3683 217505.5666 214240.5192 219196.5534 178471.9328 174698.5604 223820.9457 227139.6713 229743.7401 231772.3318 170823.3668 165443.1947 160101.1997 155378.4485 243882.6898 144621.3320 138260.9409 126721.1458 255839.7338 259954.7801 114594.0054 102695.4183 89461.72409 81547.49507 70434.27398 60416.54837 53508.76731 51642.32135 42795.91605 37124.78576 32511.05176 24282.44020 21678.18643 262.4879590 152.4026949 503.3466982 636.7295207 949.4829734 16271.79594 13007.08445 6887.050816 283393.1669 305646.2949 314381.4977 341964.6575 385516.1445 480305.0179 523308.6083 561280.2723 564950.8272 590324.8134 639520.9981 677579.1367 773269.4780 841471.9599 1018934.035 1090271.739 1251290.693 1526907.071 1727712.427 2048934.999 2229263.989 2817296.262 3546380.435 4087397.843 4785937.812 10937133.68
      sorted:	 25.00000000 25.00000000 25.00000000 25.00000000 25.00000000 152.4026949 262.4879590 503.3466982 636.7295207 949.4829734 6887.050816 13007.08445 16271.79594 21678.18643 24282.44020 32511.05176 37124.78576 42795.91605 51642.32135 53508.76731 60416.54837 70434.27398 81547.49507 89461.72409 102695.4183 114594.0054 126721.1458 138260.9409 144621.3320 155378.4485 160101.1997 165443.1947 170823.3668 174698.5604 178471.9328 189807.3683 191918.9949 192176.1430 197165.0153 197557.6479 200016.8565 200475.5538 202971.8519 203338.6173 214240.5192 217505.5666 219196.5534 223820.9457 227139.6713 229743.7401 231772.3318 243882.6898 255839.7338 259954.7801 283393.1669 305646.2949 314381.4977 341964.6575 385516.1445 480305.0179 523308.6083 561280.2723 564950.8272 590324.8134 639520.9981 677579.1367 773269.4780 841471.9599 1018934.035 1090271.739 1251290.693 1526907.071 1727712.427 2048934.999 2229263.989 2817296.262 3546380.435 4087397.843 4785937.812 10937133.68
