    unsorted:	 193515.2713 192050.4410 197286.5080 198345.0351 200989.7240 202118.7477 206391.3546 187559.4658 208890.0030 210802.3031 182922.8816 181206.4283 179167.4503 215004.9592 217681.3620 221531.8226 223096.4965 170605.6004 168791.6860 165461.5664 162173.2712 235427.0971 236511.4342 154046.6599 149476.8668 243794.2845 251404.7713 132658.7582 125796.2828 116919.4506 271853.3115 272591.4526 101172.3840 98315.78811 91545.45388 78220.89466 71464.71059 58239.90857 42663.11012 47374.95924 41102.32630 34873.22449 31044.91949 22188.20066 20829.37300 13456.77977 12560.17335 6987.249344 298611.5851 371.8094726 330739.4174 370068.1823 384212.7159 437814.2854 458881.1348 468663.2113 482086.9389 508901.4597 537560.6679 554988.5757 635507.7542 674649.9152 803220.6763 873137.6272 972750.8744 1194736.755 1366051.825 1627046.259 1789384.398 2340518.005 3058942.898 3481152.481 7248479.912 11238517.19
      sorted:	 371.8094726 6987.249344 12560.17335 13456.77977 20829.37300 22188.20066 31044.91949 34873.22449 41102.32630 42663.11012 47374.95924 58239.90857 71464.71059 78220.89466 91545.45388 98315.78811 101172.3840 116919.4506 125796.2828 132658.7582 149476.8668 154046.6599 162173.2712 165461.5664 168791.6860 170605.6004 179167.4503 181206.4283 182922.8816 187559.4658 192050.4410 193515.2713 197286.5080 198345.0351 200989.7240 202118.7477 206391.3546 208890.0030 210802.3031 215004.9592 217681.3620 221531.8226 223096.4965 235427.0971 236511.4342 243794.2845 251404.7713 271853.3115 272591.4526 298611.5851 330739.4174 370068.1823 384212.7159 437814.2854 458881.1348 468663.2113 482086.9389 508901.4597 537560.6679 554988.5757 635507.7542 674649.9152 803220.6763 873137.6272 972750.8744 1194736.755 1366051.825 1627046.259 1789384.398 2340518.005 3058942.898 3481152.481 7248479.912 11238517.19
