    unsorted:	 200351.0047 206107.2134 203468.4345 209502.0419 196567.2441 216517.7632 216941.6644 217317.2589 214412.6731 192769.6150 222798.8851 188879.5155 185567.8136 224241.0874 176619.0969 172288.2884 167736.2791 162754.8241 159437.7058 153991.5376 151226.7058 142639.6271 138196.8472 245583.9959 248736.3217 252231.5076 126891.5656 120305.4591 116202.2945 107323.9760 85773.98570 88291.50499 65679.70970 57752.76221 50106.59578 40254.78557 34026.87986 26951.31036 16980.75569 10043.58483 7982.169020 370063.0793 368760.3212 575966.7136 5555958.972 5565171.058 5575083.333 5536039.423 5607318.148 5615824.338 5623582.212 5501399.843 5482238.346 5646925.648 5682260.585 5423954.518 5711980.060 5386697.408 5365519.879 5299679.221 5273267.199 5210800.292 5165080.192 5835822.828 5914931.675 5084005.088 6004785.390 4896056.624 6159250.050 4674212.268 6303649.306 6694471.382 10245089.07 2051024610.
      sorted:	 7982.169020 10043.58483 16980.75569 26951.31036 34026.87986 40254.78557 50106.59578 57752.76221 65679.70970 85773.98570 88291.50499 107323.9760 116202.2945 120305.4591 126891.5656 138196.8472 142639.6271 151226.7058 153991.5376 159437.7058 162754.8241 167736.2791 172288.2884 176619.0969 185567.8136 188879.5155 192769.6150 196567.2441 200351.0047 203468.4345 206107.2134 209502.0419 214412.6731 216517.7632 216941.6644 217317.2589 222798.8851 224241.0874 245583.9959 248736.3217 252231.5076 368760.3212 370063.0793 575966.7136 4674212.268 4896056.624 5084005.088 5165080.192 5210800.292 5273267.199 5299679.221 5365519.879 5386697.408 5423954.518 5482238.346 5501399.843 5536039.423 5555958.972 5565171.058 5575083.333 5607318.148 5615824.338 5623582.212 5646925.648 5682260.585 5711980.060 5835822.828 5914931.675 6004785.390 6159250.050 6303649.306 6694471.382 10245089.07 2051024610.
