    unsorted:	 201229.5431 201417.2025 199753.8420 198704.5513 196849.9364 194309.0071 192087.7437 208358.0648 209924.5626 187824.5775 183624.5209 214251.4232 215394.6370 177388.5964 172500.9670 223505.6914 226230.1490 168671.1979 230278.7503 233062.8378 236837.9044 237595.7249 162103.4175 159838.7274 150144.7590 146260.6240 251437.1293 131350.0621 119050.3744 113386.3693 105169.0904 267407.8227 268911.8458 97513.73344 87159.33707 77714.42310 68329.20958 59800.92297 56508.70704 43405.27103 38925.64494 35358.68021 31504.02857 22713.58327 21181.97443 13453.90442 12617.41695 6837.899421 291106.4290 466.8499098 330092.2327 370072.2222 386797.6217 429725.4636 461666.0894 466377.8327 481358.2413 507775.4441 537673.7699 552836.5050 633034.7138 677401.3420 810597.6491 894875.4087 990824.7162 1203277.290 1398441.033 1659119.328 1823300.748 2371725.024 3132039.364 3528394.205 7414032.229 11387543.45
      sorted:	 466.8499098 6837.899421 12617.41695 13453.90442 21181.97443 22713.58327 31504.02857 35358.68021 38925.64494 43405.27103 56508.70704 59800.92297 68329.20958 77714.42310 87159.33707 97513.73344 105169.0904 113386.3693 119050.3744 131350.0621 146260.6240 150144.7590 159838.7274 162103.4175 168671.1979 172500.9670 177388.5964 183624.5209 187824.5775 192087.7437 194309.0071 196849.9364 198704.5513 199753.8420 201229.5431 201417.2025 208358.0648 209924.5626 214251.4232 215394.6370 223505.6914 226230.1490 230278.7503 233062.8378 236837.9044 237595.7249 251437.1293 267407.8227 268911.8458 291106.4290 330092.2327 370072.2222 386797.6217 429725.4636 461666.0894 466377.8327 481358.2413 507775.4441 537673.7699 552836.5050 633034.7138 677401.3420 810597.6491 894875.4087 990824.7162 1203277.290 1398441.033 1659119.328 1823300.748 2371725.024 3132039.364 3528394.205 7414032.229 11387543.45
