    unsorted:	 203147.8128 201548.9921 200891.3415 207006.7134 207514.4738 198155.7084 191569.8530 192830.6167 189993.3240 211074.8568 186749.0626 182588.1256 214806.6767 173695.4585 175686.7772 171020.7399 164706.0435 162985.7565 225815.5068 226833.5460 231029.6045 231605.8610 155065.8179 240154.3193 150592.9618 244961.8908 252779.9879 133161.6088 126059.9049 116243.3859 270170.5541 273243.1423 101995.1155 96915.06592 85322.18877 78391.82580 69211.15895 63507.52160 59156.15706 44428.22761 39386.51672 36054.70933 34023.66065 295625.6454 20586.50278 22258.02240 13466.98924 12881.00356 7018.958107 476.5818906 328628.4142 370071.5293 388213.0249 436645.2822 467690.8154 480720.4033 488922.2450 518739.0338 537983.3471 567862.4951 655340.2320 691546.5735 827138.3166 923456.9914 998978.2732 1216935.182 1444187.910 1690415.988 1849034.139 2371758.300 3172443.279 3486381.339 7530079.657 11449439.78
      sorted:	 476.5818906 7018.958107 12881.00356 13466.98924 20586.50278 22258.02240 34023.66065 36054.70933 39386.51672 44428.22761 59156.15706 63507.52160 69211.15895 78391.82580 85322.18877 96915.06592 101995.1155 116243.3859 126059.9049 133161.6088 150592.9618 155065.8179 162985.7565 164706.0435 171020.7399 173695.4585 175686.7772 182588.1256 186749.0626 189993.3240 191569.8530 192830.6167 198155.7084 200891.3415 201548.9921 203147.8128 207006.7134 207514.4738 211074.8568 214806.6767 225815.5068 226833.5460 231029.6045 231605.8610 240154.3193 244961.8908 252779.9879 270170.5541 273243.1423 295625.6454 328628.4142 370071.5293 388213.0249 436645.2822 467690.8154 480720.4033 488922.2450 518739.0338 537983.3471 567862.4951 655340.2320 691546.5735 827138.3166 923456.9914 998978.2732 1216935.182 1444187.910 1690415.988 1849034.139 2371758.300 3172443.279 3486381.339 7530079.657 11449439.78
