    unsorted:	 171101.5407 170089.7207 167877.4613 178495.7231 180193.0014 164110.7368 190702.9011 192733.1874 197052.1601 197946.0735 204657.7700 208476.0933 156997.8561 217303.1826 215772.8080 220783.1578 221254.2090 150203.1115 142250.4879 140990.2730 231594.7860 229796.1625 132848.0998 237727.7836 123810.6534 120542.2531 111911.0775 107819.4876 100420.1873 251344.4064 252937.7786 88209.77582 77423.88239 60224.41675 44490.20498 41930.50720 31802.71195 30082.15898 19194.15932 9867.769991 7818.628700 370064.2398 368717.1833 575857.8061 5613371.869 5610070.040 5557241.815 5563722.212 5574852.964 5535808.148 5625876.840 5504409.238 5480593.563 5660630.687 5683482.634 5706131.296 5420914.202 5392591.913 5367000.789 5308461.349 5281441.122 5833839.256 5196242.277 5173636.676 5913888.528 5072381.281 5989074.321 4911866.306 6133013.945 4684778.041 6303229.670 6713341.903 10310098.05 2049115830.
      sorted:	 7818.628700 9867.769991 19194.15932 30082.15898 31802.71195 41930.50720 44490.20498 60224.41675 77423.88239 88209.77582 100420.1873 107819.4876 111911.0775 120542.2531 123810.6534 132848.0998 140990.2730 142250.4879 150203.1115 156997.8561 164110.7368 167877.4613 170089.7207 171101.5407 178495.7231 180193.0014 190702.9011 192733.1874 197052.1601 197946.0735 204657.7700 208476.0933 215772.8080 217303.1826 220783.1578 221254.2090 229796.1625 231594.7860 237727.7836 251344.4064 252937.7786 368717.1833 370064.2398 575857.8061 4684778.041 4911866.306 5072381.281 5173636.676 5196242.277 5281441.122 5308461.349 5367000.789 5392591.913 5420914.202 5480593.563 5504409.238 5535808.148 5557241.815 5563722.212 5574852.964 5610070.040 5613371.869 5625876.840 5660630.687 5683482.634 5706131.296 5833839.256 5913888.528 5989074.321 6133013.945 6303229.670 6713341.903 10310098.05 2049115830.
