    unsorted:	 213394.7802 213592.0214 209992.1050 207901.2149 204951.3162 200016.1199 195978.1125 190123.3180 186371.4802 182784.4519 179341.6273 219492.1752 223361.6143 224019.5786 227564.5589 172005.2133 169081.1618 165067.3382 161937.4707 157871.3286 150780.4713 239497.9430 240042.7945 143836.4322 136730.2945 125351.1575 118643.0047 254591.5719 111020.0407 105047.4610 88462.24950 86133.12412 73346.59104 59389.54948 48922.30640 40056.90703 28428.11459 23912.39512 15211.05081 10590.09845 9589.974516 370066.7756 368732.3510 575381.4775 5556211.365 5561381.404 5574831.500 5614254.597 5605079.709 5533734.199 5625506.933 5501872.275 5482189.746 5651277.875 5689723.497 5423126.713 5710247.924 5385930.124 5367967.828 5287830.781 5271921.010 5209006.587 5169061.940 5844073.291 5895019.746 5071045.599 6014724.360 4900179.688 6155934.788 4701380.671 6298819.315 6723311.093 10369496.26 2049839884.
      sorted:	 9589.974516 10590.09845 15211.05081 23912.39512 28428.11459 40056.90703 48922.30640 59389.54948 73346.59104 86133.12412 88462.24950 105047.4610 111020.0407 118643.0047 125351.1575 136730.2945 143836.4322 150780.4713 157871.3286 161937.4707 165067.3382 169081.1618 172005.2133 179341.6273 182784.4519 186371.4802 190123.3180 195978.1125 200016.1199 204951.3162 207901.2149 209992.1050 213394.7802 213592.0214 219492.1752 223361.6143 224019.5786 227564.5589 239497.9430 240042.7945 254591.5719 368732.3510 370066.7756 575381.4775 4701380.671 4900179.688 5071045.599 5169061.940 5209006.587 5271921.010 5287830.781 5367967.828 5385930.124 5423126.713 5482189.746 5501872.275 5533734.199 5556211.365 5561381.404 5574831.500 5605079.709 5614254.597 5625506.933 5651277.875 5689723.497 5710247.924 5844073.291 5895019.746 6014724.360 6155934.788 6298819.315 6723311.093 10369496.26 2049839884.
