    unsorted:	 206561.6096 205153.1706 209395.0321 212162.0780 216406.5408 218935.6795 219604.6468 221604.1048 197836.1237 195132.8681 190646.5702 186314.4238 231066.5137 177248.7297 170288.7300 166357.1304 163027.0594 158259.2533 152575.6476 149708.0983 238391.7629 242171.9044 247221.2358 248232.3635 139290.7111 128251.4311 121316.5635 118637.8777 106525.9985 100293.0939 80462.80295 81448.05169 77211.41134 58958.63789 49981.50140 41404.39140 40173.67147 28164.28938 13896.66422 10396.60011 8135.398753 370071.4885 368885.4357 576427.1207 5562252.324 5567337.667 5579998.537 5615545.019 5612641.872 5625232.981 5538307.929 5652349.781 5505761.533 5486001.325 5684967.843 5425568.739 5706170.027 5393254.236 5362407.948 5318207.975 5298796.976 5244805.958 5841913.979 5156365.833 5912098.489 5095028.306 5988817.441 4907036.755 6123033.379 4705677.966 6326456.755 6737922.759 9944655.250 2051888248.
      sorted:	 8135.398753 10396.60011 13896.66422 28164.28938 40173.67147 41404.39140 49981.50140 58958.63789 77211.41134 80462.80295 81448.05169 100293.0939 106525.9985 118637.8777 121316.5635 128251.4311 139290.7111 149708.0983 152575.6476 158259.2533 163027.0594 166357.1304 170288.7300 177248.7297 186314.4238 190646.5702 195132.8681 197836.1237 205153.1706 206561.6096 209395.0321 212162.0780 216406.5408 218935.6795 219604.6468 221604.1048 231066.5137 238391.7629 242171.9044 247221.2358 248232.3635 368885.4357 370071.4885 576427.1207 4705677.966 4907036.755 5095028.306 5156365.833 5244805.958 5298796.976 5318207.975 5362407.948 5393254.236 5425568.739 5486001.325 5505761.533 5538307.929 5562252.324 5567337.667 5579998.537 5612641.872 5615545.019 5625232.981 5652349.781 5684967.843 5706170.027 5841913.979 5912098.489 5988817.441 6123033.379 6326456.755 6737922.759 9944655.250 2051888248.
