    unsorted:	 188316.8967 187801.0831 187166.2814 189678.4928 183180.5873 201769.6534 203037.8062 205766.8494 212112.0989 211440.3413 216276.9293 217511.5481 221854.0585 221108.5747 223919.2002 175460.1042 170493.6320 166911.0573 159730.3647 158958.1289 152089.1379 238081.2196 140391.1288 243396.9269 133504.2591 120671.5769 123857.4283 109258.0343 104987.3690 254757.8886 91986.64125 86605.64721 74398.16816 61758.24992 51854.56273 47798.78752 39935.21368 24164.21507 13388.65442 10299.68986 2926.253782 370070.9880 368825.2168 576275.5370 5614111.106 5610078.978 5623177.694 5577917.316 5565958.463 5554851.214 5535884.849 5649318.740 5505902.466 5483771.374 5680544.597 5425879.545 5707011.179 5390623.375 5363643.554 5293571.837 5303798.793 5246373.678 5822904.863 5176588.212 5106057.771 5910721.828 5993573.599 4915996.839 6137161.931 4691360.093 6310788.935 6746777.262 10052824.99 2052423893.
      sorted:	 2926.253782 10299.68986 13388.65442 24164.21507 39935.21368 47798.78752 51854.56273 61758.24992 74398.16816 86605.64721 91986.64125 104987.3690 109258.0343 120671.5769 123857.4283 133504.2591 140391.1288 152089.1379 158958.1289 159730.3647 166911.0573 170493.6320 175460.1042 183180.5873 187166.2814 187801.0831 188316.8967 189678.4928 201769.6534 203037.8062 205766.8494 211440.3413 212112.0989 216276.9293 217511.5481 221108.5747 221854.0585 223919.2002 238081.2196 243396.9269 254757.8886 368825.2168 370070.9880 576275.5370 4691360.093 4915996.839 5106057.771 5176588.212 5246373.678 5293571.837 5303798.793 5363643.554 5390623.375 5425879.545 5483771.374 5505902.466 5535884.849 5554851.214 5565958.463 5577917.316 5610078.978 5614111.106 5623177.694 5649318.740 5680544.597 5707011.179 5822904.863 5910721.828 5993573.599 6137161.931 6310788.935 6746777.262 10052824.99 2052423893.
