    unsorted:	 196481.1199 194412.9520 197654.2828 191955.6492 187171.1692 183639.9898 182432.3097 180022.6672 176982.1049 203746.3362 205026.7088 208710.9526 173023.7447 170882.4599 213787.5653 216238.3731 218315.5340 221879.4471 222965.8567 163339.7807 157238.0846 150371.6736 235847.1688 143465.2031 241197.9500 244128.8896 249160.0065 134180.1709 128068.2764 115747.8279 103552.7494 266281.4789 269346.2670 96722.88681 89345.32499 75832.28576 69746.57217 57594.60586 54025.22621 42496.49678 37969.41539 34588.57703 31173.44420 21236.33108 20228.27786 13450.96634 12275.69618 6883.543151 292030.1418 387.6185867 328656.9498 370065.9533 388097.4321 423072.6274 458313.8931 465818.0023 479917.6299 511865.3081 537569.2973 554008.2892 633148.8508 674730.7022 815581.9462 895803.3566 995676.8065 1199149.330 1385914.750 1651049.951 1825563.957 2370201.932 3092978.613 3478594.260 7336032.003 11228854.65
      sorted:	 387.6185867 6883.543151 12275.69618 13450.96634 20228.27786 21236.33108 31173.44420 34588.57703 37969.41539 42496.49678 54025.22621 57594.60586 69746.57217 75832.28576 89345.32499 96722.88681 103552.7494 115747.8279 128068.2764 134180.1709 143465.2031 150371.6736 157238.0846 163339.7807 170882.4599 173023.7447 176982.1049 180022.6672 182432.3097 183639.9898 187171.1692 191955.6492 194412.9520 196481.1199 197654.2828 203746.3362 205026.7088 208710.9526 213787.5653 216238.3731 218315.5340 221879.4471 222965.8567 235847.1688 241197.9500 244128.8896 249160.0065 266281.4789 269346.2670 292030.1418 328656.9498 370065.9533 388097.4321 423072.6274 458313.8931 465818.0023 479917.6299 511865.3081 537569.2973 554008.2892 633148.8508 674730.7022 815581.9462 895803.3566 995676.8065 1199149.330 1385914.750 1651049.951 1825563.957 2370201.932 3092978.613 3478594.260 7336032.003 11228854.65
