    unsorted:	 199309.0868 199729.5918 198604.6241 195907.3509 196467.4908 194169.1793 203311.4093 205742.0478 190754.9410 209114.1309 211985.2607 183981.0341 177684.8768 173775.1221 171422.7035 219233.7499 221262.4541 224857.1787 228415.1207 230438.8229 165558.9378 161496.9912 152889.8024 243712.3116 243498.7400 148583.2152 250629.6686 135657.0773 127182.9572 269384.5543 118165.3661 269948.5574 105127.5564 98621.42608 87042.37744 78101.83125 67105.64114 58938.25574 52504.01959 45620.59183 42114.19365 35610.37017 28937.41504 22744.52847 21467.82956 13466.40691 12814.09950 7055.684803 295345.3530 452.0678944 331304.0536 370072.6546 386096.6770 438997.4025 469887.4758 475895.6559 489648.3195 519633.2275 538672.1705 568060.1276 652595.0132 687563.7554 823640.0664 912214.6404 987520.2717 1209773.636 1386574.940 1658249.724 1812638.167 2333637.269 3066878.610 3465413.468 7360177.905 11246990.88
      sorted:	 452.0678944 7055.684803 12814.09950 13466.40691 21467.82956 22744.52847 28937.41504 35610.37017 42114.19365 45620.59183 52504.01959 58938.25574 67105.64114 78101.83125 87042.37744 98621.42608 105127.5564 118165.3661 127182.9572 135657.0773 148583.2152 152889.8024 161496.9912 165558.9378 171422.7035 173775.1221 177684.8768 183981.0341 190754.9410 194169.1793 195907.3509 196467.4908 198604.6241 199309.0868 199729.5918 203311.4093 205742.0478 209114.1309 211985.2607 219233.7499 221262.4541 224857.1787 228415.1207 230438.8229 243498.7400 243712.3116 250629.6686 269384.5543 269948.5574 295345.3530 331304.0536 370072.6546 386096.6770 438997.4025 469887.4758 475895.6559 489648.3195 519633.2275 538672.1705 568060.1276 652595.0132 687563.7554 823640.0664 912214.6404 987520.2717 1209773.636 1386574.940 1658249.724 1812638.167 2333637.269 3066878.610 3465413.468 7360177.905 11246990.88
