    unsorted:	 204688.4945 208398.1325 209051.6435 199169.5291 200728.1092 196594.6147 195678.7938 191408.4145 190268.7770 188367.4446 212456.9160 213152.4018 214087.3951 179591.5176 175646.5664 228274.1854 170520.9171 231005.1651 233109.4936 233877.3034 166362.5044 237534.6000 160304.8313 155480.7618 150173.5879 249515.7679 255761.4721 136770.6294 125269.4174 118562.0867 109381.8851 103559.0892 274384.5423 276076.7925 86528.81360 80930.34650 69297.00165 59428.11048 40678.03866 45406.89249 37937.41442 34810.77383 32325.32848 20985.74618 22670.79895 13487.63323 13108.57142 7239.195965 306011.3444 463.5748605 336775.1456 370070.4805 389225.7044 442464.4210 470470.2238 474490.1737 487021.2465 517491.3756 538166.9956 559188.5109 646340.4426 681451.2621 814285.8326 898887.0780 972538.0796 1202080.051 1400175.187 1660831.909 1825332.734 2369158.309 3118384.777 3437436.096 7457462.938 11557801.69
      sorted:	 463.5748605 7239.195965 13108.57142 13487.63323 20985.74618 22670.79895 32325.32848 34810.77383 37937.41442 40678.03866 45406.89249 59428.11048 69297.00165 80930.34650 86528.81360 103559.0892 109381.8851 118562.0867 125269.4174 136770.6294 150173.5879 155480.7618 160304.8313 166362.5044 170520.9171 175646.5664 179591.5176 188367.4446 190268.7770 191408.4145 195678.7938 196594.6147 199169.5291 200728.1092 204688.4945 208398.1325 209051.6435 212456.9160 213152.4018 214087.3951 228274.1854 231005.1651 233109.4936 233877.3034 237534.6000 249515.7679 255761.4721 274384.5423 276076.7925 306011.3444 336775.1456 370070.4805 389225.7044 442464.4210 470470.2238 474490.1737 487021.2465 517491.3756 538166.9956 559188.5109 646340.4426 681451.2621 814285.8326 898887.0780 972538.0796 1202080.051 1400175.187 1660831.909 1825332.734 2369158.309 3118384.777 3437436.096 7457462.938 11557801.69
