    unsorted:	 191599.5024 194651.5516 193852.1154 189548.1672 201628.0573 200787.5033 203235.5595 206018.2090 208990.4254 210844.7612 211702.2390 185155.9244 180004.1256 218679.9027 220313.3836 174665.9904 224695.1557 172082.6217 230849.6881 231829.8635 232860.3393 166679.4379 161322.3447 155130.2325 148744.4028 245635.2488 252931.1478 134579.0103 126274.5825 119091.4023 109228.1025 273819.4421 274401.4564 100474.6968 81922.02483 79039.00994 65784.83050 60039.56277 51431.51515 45307.99424 41050.27975 36571.18363 31038.92626 22670.81843 21590.21676 13488.83605 13122.30741 296639.8997 7132.718721 437.4151312 330760.8042 370076.0955 383793.0766 440104.9563 470412.2259 476810.0224 486219.7985 516168.2161 537871.2425 566555.9319 647744.7915 685739.8410 813166.7588 905510.9913 983433.1517 1198911.758 1393534.788 1659589.327 1832819.379 2346578.515 3108146.724 3467415.787 7412113.244 11391109.86
      sorted:	 437.4151312 7132.718721 13122.30741 13488.83605 21590.21676 22670.81843 31038.92626 36571.18363 41050.27975 45307.99424 51431.51515 60039.56277 65784.83050 79039.00994 81922.02483 100474.6968 109228.1025 119091.4023 126274.5825 134579.0103 148744.4028 155130.2325 161322.3447 166679.4379 172082.6217 174665.9904 180004.1256 185155.9244 189548.1672 191599.5024 193852.1154 194651.5516 200787.5033 201628.0573 203235.5595 206018.2090 208990.4254 210844.7612 211702.2390 218679.9027 220313.3836 224695.1557 230849.6881 231829.8635 232860.3393 245635.2488 252931.1478 273819.4421 274401.4564 296639.8997 330760.8042 370076.0955 383793.0766 440104.9563 470412.2259 476810.0224 486219.7985 516168.2161 537871.2425 566555.9319 647744.7915 685739.8410 813166.7588 905510.9913 983433.1517 1198911.758 1393534.788 1659589.327 1832819.379 2346578.515 3108146.724 3467415.787 7412113.244 11391109.86
