    unsorted:	 194652.1815 193832.9689 186794.6249 187217.1774 190052.3668 182035.2993 203871.0479 206926.3025 209091.8911 214545.0651 217476.1813 219089.2032 222547.3239 224102.9633 172373.5126 168285.4083 162339.0406 159816.3394 155820.9547 153467.9652 236905.1718 237015.0166 237962.6908 144774.9223 136209.6596 248109.2693 123710.1213 119286.2488 108921.5747 105052.8677 93367.53897 86458.54746 74544.10118 60778.72485 49395.51790 44050.71800 38575.53359 24560.34852 17963.07003 10085.80732 7850.304712 370072.9203 368768.0472 576136.1472 5612071.924 5611555.591 5564739.970 5556859.566 5571746.607 5623166.089 5536140.614 5502519.783 5482640.545 5651850.829 5674133.035 5425441.715 5706721.553 5390197.079 5370494.737 5298795.945 5289265.773 5244855.504 5174390.069 5839333.934 5904846.407 5100184.978 5996185.797 4908976.577 6135488.952 4679004.480 6290793.490 6708244.613 10254863.02 2052212308.
      sorted:	 7850.304712 10085.80732 17963.07003 24560.34852 38575.53359 44050.71800 49395.51790 60778.72485 74544.10118 86458.54746 93367.53897 105052.8677 108921.5747 119286.2488 123710.1213 136209.6596 144774.9223 153467.9652 155820.9547 159816.3394 162339.0406 168285.4083 172373.5126 182035.2993 186794.6249 187217.1774 190052.3668 193832.9689 194652.1815 203871.0479 206926.3025 209091.8911 214545.0651 217476.1813 219089.2032 222547.3239 224102.9633 236905.1718 237015.0166 237962.6908 248109.2693 368768.0472 370072.9203 576136.1472 4679004.480 4908976.577 5100184.978 5174390.069 5244855.504 5289265.773 5298795.945 5370494.737 5390197.079 5425441.715 5482640.545 5502519.783 5536140.614 5556859.566 5564739.970 5571746.607 5611555.591 5612071.924 5623166.089 5651850.829 5674133.035 5706721.553 5839333.934 5904846.407 5996185.797 6135488.952 6290793.490 6708244.613 10254863.02 2052212308.
