    unsorted:	 25.00000000 25.00000000 25.00000000 25.00000000 25.00000000 189879.3914 191461.7332 191903.7805 195178.2348 200214.4792 200999.9332 203746.7373 209396.2509 208276.7434 212887.2350 214535.2868 179368.0527 173292.7754 222723.1554 168006.7218 167586.2226 162230.8740 160451.4482 231597.2808 234043.8326 239250.0510 147752.2433 139716.4147 129452.1697 252345.9124 255760.1467 118478.8298 108164.0813 94917.12422 85122.40305 72251.55825 62582.07511 53354.53399 49834.61714 43576.68972 36939.04829 29153.32976 24688.16994 21091.47120 256.5881854 189.6803615 472.2916058 630.9893118 1036.478850 15190.25480 13563.03612 7396.823588 279686.3055 287572.4188 300230.5784 320820.8085 330897.6691 364470.7395 399950.6694 480886.6996 535124.4474 571224.4278 578075.1787 602744.1896 642796.6212 689449.6065 790841.2677 848059.8080 1024423.083 1093943.322 1240974.513 1509791.677 1718327.798 2054716.392 2244261.515 2805032.497 3545079.988 4102488.359 4808967.062 11086304.50
      sorted:	 25.00000000 25.00000000 25.00000000 25.00000000 25.00000000 189.6803615 256.5881854 472.2916058 630.9893118 1036.478850 7396.823588 13563.03612 15190.25480 21091.47120 24688.16994 29153.32976 36939.04829 43576.68972 49834.61714 53354.53399 62582.07511 72251.55825 85122.40305 94917.12422 108164.0813 118478.8298 129452.1697 139716.4147 147752.2433 160451.4482 162230.8740 167586.2226 168006.7218 173292.7754 179368.0527 189879.3914 191461.7332 191903.7805 195178.2348 200214.4792 200999.9332 203746.7373 208276.7434 209396.2509 212887.2350 214535.2868 222723.1554 231597.2808 234043.8326 239250.0510 252345.9124 255760.1467 279686.3055 287572.4188 300230.5784 320820.8085 330897.6691 364470.7395 399950.6694 480886.6996 535124.4474 571224.4278 578075.1787 602744.1896 642796.6212 689449.6065 790841.2677 848059.8080 1024423.083 1093943.322 1240974.513 1509791.677 1718327.798 2054716.392 2244261.515 2805032.497 3545079.988 4102488.359 4808967.062 11086304.50
