    unsorted:	 204061.4044 204523.2542 203494.2821 205524.3167 199920.4630 198814.8925 196647.2269 195695.2625 190900.2702 188337.0635 187946.7814 181336.6363 178479.5565 213317.4968 218595.8569 170215.0165 168074.2471 164717.4284 161063.1010 224052.5888 226699.4827 153131.8969 148328.0992 240322.7045 246776.9086 247061.1903 137754.7569 255491.8679 128034.9147 118727.2426 104039.8974 270624.8525 98576.19283 83202.82417 275619.7042 78061.56990 69613.32679 60389.28549 56622.76916 45957.34835 40073.84870 34506.55491 29300.43790 21688.70147 20594.63616 13463.38710 12639.46775 7120.403822 299375.0049 424.9413984 332973.5397 370056.9040 391468.1031 430313.0431 463408.9990 468812.3660 488512.6884 514723.8492 537663.6195 559963.2019 643348.1976 683011.3620 823637.7788 894187.1866 987582.1341 1193300.071 1388640.949 1656194.704 1806563.987 2348718.812 3101073.666 3460428.926 7366917.451 11297408.43
      sorted:	 424.9413984 7120.403822 12639.46775 13463.38710 20594.63616 21688.70147 29300.43790 34506.55491 40073.84870 45957.34835 56622.76916 60389.28549 69613.32679 78061.56990 83202.82417 98576.19283 104039.8974 118727.2426 128034.9147 137754.7569 148328.0992 153131.8969 161063.1010 164717.4284 168074.2471 170215.0165 178479.5565 181336.6363 187946.7814 188337.0635 190900.2702 195695.2625 196647.2269 198814.8925 199920.4630 203494.2821 204061.4044 204523.2542 205524.3167 213317.4968 218595.8569 224052.5888 226699.4827 240322.7045 246776.9086 247061.1903 255491.8679 270624.8525 275619.7042 299375.0049 332973.5397 370056.9040 391468.1031 430313.0431 463408.9990 468812.3660 488512.6884 514723.8492 537663.6195 559963.2019 643348.1976 683011.3620 823637.7788 894187.1866 987582.1341 1193300.071 1388640.949 1656194.704 1806563.987 2348718.812 3101073.666 3460428.926 7366917.451 11297408.43
