    unsorted:	 186990.3604 188644.2093 190348.0348 185513.7060 194605.9093 179712.2333 201419.3438 201144.0180 170895.0019 172155.3768 168707.0934 209303.0497 212065.0005 214951.1236 218388.7525 218774.9616 221487.1576 160700.0208 157692.9621 152363.5884 227495.4375 141180.7157 134849.6267 126581.2193 118782.4013 115338.3240 245480.5365 247281.3400 105065.5963 259688.0607 87821.38307 85312.66891 71464.48358 61647.53189 52330.68034 42269.01171 32951.94993 28129.97617 17492.77688 10038.57213 8518.193108 370073.1195 368737.9053 575673.9365 5556138.280 5557455.554 5565921.354 5539590.860 5604787.525 5617324.331 5623522.983 5648386.506 5499773.343 5481133.260 5675931.936 5424730.334 5391331.303 5370998.766 5713217.811 5305313.747 5281236.760 5222559.997 5172770.330 5835256.946 5893975.076 5108540.326 6003899.654 4908812.136 6135774.246 4672501.532 6286673.478 6710743.564 10270984.43 2050974112.
      sorted:	 8518.193108 10038.57213 17492.77688 28129.97617 32951.94993 42269.01171 52330.68034 61647.53189 71464.48358 85312.66891 87821.38307 105065.5963 115338.3240 118782.4013 126581.2193 134849.6267 141180.7157 152363.5884 157692.9621 160700.0208 168707.0934 170895.0019 172155.3768 179712.2333 185513.7060 186990.3604 188644.2093 190348.0348 194605.9093 201144.0180 201419.3438 209303.0497 212065.0005 214951.1236 218388.7525 218774.9616 221487.1576 227495.4375 245480.5365 247281.3400 259688.0607 368737.9053 370073.1195 575673.9365 4672501.532 4908812.136 5108540.326 5172770.330 5222559.997 5281236.760 5305313.747 5370998.766 5391331.303 5424730.334 5481133.260 5499773.343 5539590.860 5556138.280 5557455.554 5565921.354 5604787.525 5617324.331 5623522.983 5648386.506 5675931.936 5713217.811 5835256.946 5893975.076 6003899.654 6135774.246 6286673.478 6710743.564 10270984.43 2050974112.
