    unsorted:	 25.00000000 25.00000000 25.00000000 25.00000000 25.00000000 205910.5839 206097.1192 204111.5803 201232.0973 200369.2694 197735.0197 193992.3545 192682.8208 212729.1850 215460.9916 187259.7747 219469.3158 179518.3642 174327.4863 167961.8402 164593.9348 160404.7780 228491.5649 232656.0433 155027.8301 148153.5447 237100.1946 145657.4668 243073.5623 133952.5470 250314.3752 121866.3920 108778.3574 93841.80003 269886.2539 80624.07372 71205.45937 62772.18654 51782.32971 47940.23956 43384.64522 38720.94478 31775.69635 24831.67072 22493.31732 16977.65796 262.6975881 179.7348358 482.1961495 653.2464363 994.3520727 13520.02998 7257.792013 274924.8888 298085.4139 317137.1607 321312.0792 356082.4827 397500.2968 478717.4677 527093.5350 567351.9508 574964.3624 600194.2339 640675.3991 686350.8361 786119.5533 850252.2911 1020485.095 1098101.347 1240450.617 1509205.537 1736121.591 2073117.200 2243171.366 2800251.558 3524288.350 4120236.303 4818060.941 10908735.35
      sorted:	 25.00000000 25.00000000 25.00000000 25.00000000 25.00000000 179.7348358 262.6975881 482.1961495 653.2464363 994.3520727 7257.792013 13520.02998 16977.65796 22493.31732 24831.67072 31775.69635 38720.94478 43384.64522 47940.23956 51782.32971 62772.18654 71205.45937 80624.07372 93841.80003 108778.3574 121866.3920 133952.5470 145657.4668 148153.5447 155027.8301 160404.7780 164593.9348 167961.8402 174327.4863 179518.3642 187259.7747 192682.8208 193992.3545 197735.0197 200369.2694 201232.0973 204111.5803 205910.5839 206097.1192 212729.1850 215460.9916 219469.3158 228491.5649 232656.0433 237100.1946 243073.5623 250314.3752 269886.2539 274924.8888 298085.4139 317137.1607 321312.0792 356082.4827 397500.2968 478717.4677 527093.5350 567351.9508 574964.3624 600194.2339 640675.3991 686350.8361 786119.5533 850252.2911 1020485.095 1098101.347 1240450.617 1509205.537 1736121.591 2073117.200 2243171.366 2800251.558 3524288.350 4120236.303 4818060.941 10908735.35
