    unsorted:	 179649.7789 182265.8232 181816.3723 190771.7735 192193.6636 166930.7217 169225.7227 164219.4051 157327.7141 156102.3555 201781.6811 202917.4677 208517.7453 209613.0447 149177.9098 219493.0329 218878.7783 222100.4942 229377.3678 233336.1313 233019.7766 238563.4029 140857.5828 243257.6897 133682.2157 122949.0472 119696.6149 252587.3290 107713.4853 97132.02040 88909.35032 87185.16308 70316.64616 59610.25609 50886.40900 45022.00634 42475.16682 28191.75099 15689.29194 10205.72331 7291.758268 370069.0613 368792.8968 575861.9992 5559987.231 5562599.584 5571972.337 5615419.257 5610309.461 5537982.951 5628295.244 5501715.980 5482126.884 5658859.022 5687973.128 5421073.867 5711715.542 5386224.213 5355668.222 5294633.602 5283861.048 5219856.965 5157214.712 5844820.285 5081717.232 5931947.111 6015014.802 4891574.481 6149693.277 4674331.357 6335649.435 6746364.934 10243027.25 2051266349.
      sorted:	 7291.758268 10205.72331 15689.29194 28191.75099 42475.16682 45022.00634 50886.40900 59610.25609 70316.64616 87185.16308 88909.35032 97132.02040 107713.4853 119696.6149 122949.0472 133682.2157 140857.5828 149177.9098 156102.3555 157327.7141 164219.4051 166930.7217 169225.7227 179649.7789 181816.3723 182265.8232 190771.7735 192193.6636 201781.6811 202917.4677 208517.7453 209613.0447 218878.7783 219493.0329 222100.4942 229377.3678 233019.7766 233336.1313 238563.4029 243257.6897 252587.3290 368792.8968 370069.0613 575861.9992 4674331.357 4891574.481 5081717.232 5157214.712 5219856.965 5283861.048 5294633.602 5355668.222 5386224.213 5421073.867 5482126.884 5501715.980 5537982.951 5559987.231 5562599.584 5571972.337 5610309.461 5615419.257 5628295.244 5658859.022 5687973.128 5711715.542 5844820.285 5931947.111 6015014.802 6149693.277 6335649.435 6746364.934 10243027.25 2051266349.
