    unsorted:	 182538.8196 190034.9644 190582.3899 195920.4590 199921.8308 202949.2910 176248.9041 174000.2032 170483.8800 207024.4708 209795.3317 219636.9986 218834.3829 225417.8242 224683.9320 160291.5459 156850.1626 152353.8346 233524.1471 233604.1651 146328.8530 241807.9214 243537.0332 134822.4540 132273.0219 121849.3997 119078.3486 253295.5643 110355.1866 103935.9605 86773.71747 85713.55455 77349.15843 59330.14195 50849.02368 44499.55629 29971.06694 28142.06354 13897.88808 10218.46817 8679.466216 370061.5431 368830.1851 576309.3317 5561070.341 5559002.638 5569688.105 5539082.832 5615689.688 5609838.953 5626232.795 5506660.173 5485589.286 5655240.898 5687482.656 5428591.111 5710853.825 5391456.629 5362058.816 5301640.692 5290531.377 5245078.886 5835898.905 5163791.778 5093091.743 5916556.969 6011080.577 4889055.298 6131757.098 4656047.742 6325108.710 6741578.440 10126566.11 2052151391.
      sorted:	 8679.466216 10218.46817 13897.88808 28142.06354 29971.06694 44499.55629 50849.02368 59330.14195 77349.15843 85713.55455 86773.71747 103935.9605 110355.1866 119078.3486 121849.3997 132273.0219 134822.4540 146328.8530 152353.8346 156850.1626 160291.5459 170483.8800 174000.2032 176248.9041 182538.8196 190034.9644 190582.3899 195920.4590 199921.8308 202949.2910 207024.4708 209795.3317 218834.3829 219636.9986 224683.9320 225417.8242 233524.1471 233604.1651 241807.9214 243537.0332 253295.5643 368830.1851 370061.5431 576309.3317 4656047.742 4889055.298 5093091.743 5163791.778 5245078.886 5290531.377 5301640.692 5362058.816 5391456.629 5428591.111 5485589.286 5506660.173 5539082.832 5559002.638 5561070.341 5569688.105 5609838.953 5615689.688 5626232.795 5655240.898 5687482.656 5710853.825 5835898.905 5916556.969 6011080.577 6131757.098 6325108.710 6741578.440 10126566.11 2052151391.
