    unsorted:	 25.00000000 25.00000000 25.00000000 25.00000000 25.00000000 190612.1917 194303.1383 193316.9646 196579.5979 201043.9378 201557.2408 203063.0326 205093.9945 186834.9526 180600.8536 173737.8863 214540.4299 170391.6212 166077.7685 165059.1567 219310.3380 226360.6618 229875.1350 229390.5836 230887.9135 158744.7649 149980.8063 241239.8911 139866.3417 130544.4948 254120.1188 118842.5770 107537.1971 93363.30609 80284.20622 72015.19521 63896.68033 57986.18133 50556.29047 44099.82301 37696.53758 32872.85281 24967.10048 22491.78102 261.5204977 178.2042911 484.2037414 647.1844099 1007.394692 16404.01825 13638.65302 7183.252908 274709.4829 280216.5246 291403.1195 318134.0258 317706.7773 350521.7276 389022.7292 477372.1624 525755.0162 563327.5513 568718.0346 595595.7565 639254.3387 679019.2127 777182.4175 839025.0799 1017179.697 1097417.869 1254440.543 1518271.188 1732469.748 2052669.032 2219673.075 2812639.662 3555898.444 4127522.213 4822251.774 10971955.87
      sorted:	 25.00000000 25.00000000 25.00000000 25.00000000 25.00000000 178.2042911 261.5204977 484.2037414 647.1844099 1007.394692 7183.252908 13638.65302 16404.01825 22491.78102 24967.10048 32872.85281 37696.53758 44099.82301 50556.29047 57986.18133 63896.68033 72015.19521 80284.20622 93363.30609 107537.1971 118842.5770 130544.4948 139866.3417 149980.8063 158744.7649 165059.1567 166077.7685 170391.6212 173737.8863 180600.8536 186834.9526 190612.1917 193316.9646 194303.1383 196579.5979 201043.9378 201557.2408 203063.0326 205093.9945 214540.4299 219310.3380 226360.6618 229390.5836 229875.1350 230887.9135 241239.8911 254120.1188 274709.4829 280216.5246 291403.1195 317706.7773 318134.0258 350521.7276 389022.7292 477372.1624 525755.0162 563327.5513 568718.0346 595595.7565 639254.3387 679019.2127 777182.4175 839025.0799 1017179.697 1097417.869 1254440.543 1518271.188 1732469.748 2052669.032 2219673.075 2812639.662 3555898.444 4127522.213 4822251.774 10971955.87
