    unsorted:	 193174.3031 197650.8027 197302.6442 191628.3520 190768.6607 201698.9355 201216.0734 207284.2371 208567.1468 211184.8484 181602.6187 214544.4399 178590.2232 174005.6457 171258.9586 167196.8461 166519.9671 220542.4705 226410.2763 156786.3085 234370.3607 238947.6463 239845.8868 148757.4792 247597.6983 252216.0811 136154.9233 263613.1942 126262.5040 117795.8022 104121.8192 99782.72006 86286.38035 81777.91645 278271.7928 281668.3620 71580.09613 61616.89942 50422.08450 43706.69569 39782.74417 36668.58753 30062.11728 23284.98702 21984.78390 13413.97674 13880.87384 7269.281390 304320.6197 526.1274939 337920.0050 370068.8177 391936.0498 454636.8839 481389.4375 486489.9451 497701.0882 527322.4693 538811.7965 580648.0403 666996.1467 701657.3534 826940.3119 915061.5411 988754.4643 1203874.584 1418956.463 1683683.267 1828421.122 2339307.810 3136896.354 3501846.527 7460862.234 11453102.96
      sorted:	 526.1274939 7269.281390 13413.97674 13880.87384 21984.78390 23284.98702 30062.11728 36668.58753 39782.74417 43706.69569 50422.08450 61616.89942 71580.09613 81777.91645 86286.38035 99782.72006 104121.8192 117795.8022 126262.5040 136154.9233 148757.4792 156786.3085 166519.9671 167196.8461 171258.9586 174005.6457 178590.2232 181602.6187 190768.6607 191628.3520 193174.3031 197302.6442 197650.8027 201216.0734 201698.9355 207284.2371 208567.1468 211184.8484 214544.4399 220542.4705 226410.2763 234370.3607 238947.6463 239845.8868 247597.6983 252216.0811 263613.1942 278271.7928 281668.3620 304320.6197 337920.0050 370068.8177 391936.0498 454636.8839 481389.4375 486489.9451 497701.0882 527322.4693 538811.7965 580648.0403 666996.1467 701657.3534 826940.3119 915061.5411 988754.4643 1203874.584 1418956.463 1683683.267 1828421.122 2339307.810 3136896.354 3501846.527 7460862.234 11453102.96
