    unsorted:	 185106.0299 186790.3499 188128.7095 179404.6203 195070.1022 199727.1571 204514.8964 208863.3508 207896.3039 215894.2948 219832.8601 221061.7910 221495.0928 226469.5659 167819.1576 166521.8963 171162.5267 162675.5279 157890.0066 228701.3536 150474.6882 236145.1960 143024.0730 239523.7000 135397.1997 124144.9041 118877.3451 108246.7851 105090.9837 261415.5398 91787.63237 85323.76735 62062.20241 56248.75771 49525.93369 43838.83333 41538.15189 24430.12316 14136.28100 11462.73156 9950.493003 370069.0225 368787.3115 575324.3617 5559621.571 5565885.762 5575732.936 5611849.502 5607205.807 5623829.552 5535668.412 5648088.353 5498978.959 5481480.417 5694503.243 5421127.756 5713597.369 5385853.012 5363152.313 5296611.344 5284405.025 5227218.928 5844570.970 5157261.341 5926147.703 5083281.491 6004325.167 4881848.467 6159789.936 4672036.594 6294135.574 6720295.881 10215586.04 2051461116.
      sorted:	 9950.493003 11462.73156 14136.28100 24430.12316 41538.15189 43838.83333 49525.93369 56248.75771 62062.20241 85323.76735 91787.63237 105090.9837 108246.7851 118877.3451 124144.9041 135397.1997 143024.0730 150474.6882 157890.0066 162675.5279 166521.8963 167819.1576 171162.5267 179404.6203 185106.0299 186790.3499 188128.7095 195070.1022 199727.1571 204514.8964 207896.3039 208863.3508 215894.2948 219832.8601 221061.7910 221495.0928 226469.5659 228701.3536 236145.1960 239523.7000 261415.5398 368787.3115 370069.0225 575324.3617 4672036.594 4881848.467 5083281.491 5157261.341 5227218.928 5284405.025 5296611.344 5363152.313 5385853.012 5421127.756 5481480.417 5498978.959 5535668.412 5559621.571 5565885.762 5575732.936 5607205.807 5611849.502 5623829.552 5648088.353 5694503.243 5713597.369 5844570.970 5926147.703 6004325.167 6159789.936 6294135.574 6720295.881 10215586.04 2051461116.
