    unsorted:	 202186.3848 202470.0054 205065.6314 210834.6501 212793.0579 217647.2370 193094.3369 187556.5145 185959.4943 181649.0746 222375.5144 223056.7876 174783.9135 171209.6784 168716.1568 166043.4474 161560.8862 231085.8514 235476.7859 236097.6834 237604.1645 152392.0077 149800.0315 141837.0722 134259.8771 124515.3087 119396.0274 110563.1524 104308.3811 263007.2370 90031.59687 85367.36866 73026.84448 57743.13992 44707.79017 42031.79790 40702.88828 29886.92155 13896.11516 10381.68335 7388.292927 370065.6075 368801.3648 575632.6410 5561242.250 5564947.821 5574438.853 5613442.512 5609784.493 5624718.102 5538183.036 5652921.388 5502878.058 5483697.047 5684513.311 5419127.532 5706669.823 5388883.456 5354624.408 5304623.825 5290438.294 5211067.207 5837882.234 5153342.305 5094841.518 5945310.461 6008230.566 4896524.214 6169310.012 4667996.401 6325269.342 6739532.145 10270660.18 2050955434.
      sorted:	 7388.292927 10381.68335 13896.11516 29886.92155 40702.88828 42031.79790 44707.79017 57743.13992 73026.84448 85367.36866 90031.59687 104308.3811 110563.1524 119396.0274 124515.3087 134259.8771 141837.0722 149800.0315 152392.0077 161560.8862 166043.4474 168716.1568 171209.6784 174783.9135 181649.0746 185959.4943 187556.5145 193094.3369 202186.3848 202470.0054 205065.6314 210834.6501 212793.0579 217647.2370 222375.5144 223056.7876 231085.8514 235476.7859 236097.6834 237604.1645 263007.2370 368801.3648 370065.6075 575632.6410 4667996.401 4896524.214 5094841.518 5153342.305 5211067.207 5290438.294 5304623.825 5354624.408 5388883.456 5419127.532 5483697.047 5502878.058 5538183.036 5561242.250 5564947.821 5574438.853 5609784.493 5613442.512 5624718.102 5652921.388 5684513.311 5706669.823 5837882.234 5945310.461 6008230.566 6169310.012 6325269.342 6739532.145 10270660.18 2050955434.
