    unsorted:	 186662.4160 186293.6098 189658.3853 193527.2918 197537.5796 201916.0579 204709.6378 178870.4580 208784.6984 214075.9372 216881.4961 171746.2273 169926.1039 166123.0113 222315.8946 224066.4149 226762.1047 231241.6371 157976.7446 154414.9092 149904.3675 235696.9829 141703.1611 136556.3174 126846.0345 248510.2526 118820.4225 114341.9546 255309.6988 104448.8734 86416.08750 81351.22319 67604.91551 56543.21458 46769.01558 42438.71514 41141.49346 31700.51428 14466.43041 9668.901891 6736.192585 370066.4167 368780.4479 575628.1400 5616011.213 5609687.989 5567013.777 5574609.661 5555740.938 5627191.452 5537248.111 5504394.122 5483144.888 5661239.501 5680837.287 5424874.768 5713511.933 5387540.468 5363122.214 5283750.282 5290527.503 5210705.498 5840935.581 5158541.232 5920811.504 5080672.614 6008194.092 4887300.749 6141815.246 4661171.570 6326254.435 6731293.437 10327359.25 2051230175.
      sorted:	 6736.192585 9668.901891 14466.43041 31700.51428 41141.49346 42438.71514 46769.01558 56543.21458 67604.91551 81351.22319 86416.08750 104448.8734 114341.9546 118820.4225 126846.0345 136556.3174 141703.1611 149904.3675 154414.9092 157976.7446 166123.0113 169926.1039 171746.2273 178870.4580 186293.6098 186662.4160 189658.3853 193527.2918 197537.5796 201916.0579 204709.6378 208784.6984 214075.9372 216881.4961 222315.8946 224066.4149 226762.1047 231241.6371 235696.9829 248510.2526 255309.6988 368780.4479 370066.4167 575628.1400 4661171.570 4887300.749 5080672.614 5158541.232 5210705.498 5283750.282 5290527.503 5363122.214 5387540.468 5424874.768 5483144.888 5504394.122 5537248.111 5555740.938 5567013.777 5574609.661 5609687.989 5616011.213 5627191.452 5661239.501 5680837.287 5713511.933 5840935.581 5920811.504 6008194.092 6141815.246 6326254.435 6731293.437 10327359.25 2051230175.
