    unsorted:	 25.00000000 25.00000000 25.00000000 25.00000000 25.00000000 198881.7067 201028.0147 201933.8657 195548.4456 190995.7868 191497.2402 184167.2388 205956.5019 208658.1206 216327.8567 222699.7957 226341.7769 225156.3607 229997.1408 175842.1019 172791.2601 167140.6781 238421.4337 237596.3984 160821.1383 156070.2033 152573.0643 248275.9335 142350.9634 139571.5995 130350.7314 118771.4358 265463.7120 268362.0127 106609.2126 92656.68182 82469.48477 72645.04766 63160.68432 57496.99553 51771.59323 43353.64317 37305.02159 31953.07890 24407.91368 21218.17890 16520.36948 261.2053082 164.5386443 491.7936131 647.0351731 976.3936921 13393.79313 7218.483040 297929.4775 312342.1218 321774.9070 353006.2851 397479.1657 478456.5053 529208.2654 565387.4250 573777.2004 597434.3973 637118.8830 683223.6607 782277.5876 844245.0005 1017513.032 1090566.974 1236806.145 1514400.283 1721224.993 2062840.455 2243048.312 2803635.585 3542158.454 4111384.237 4824495.259 10865787.91
      sorted:	 25.00000000 25.00000000 25.00000000 25.00000000 25.00000000 164.5386443 261.2053082 491.7936131 647.0351731 976.3936921 7218.483040 13393.79313 16520.36948 21218.17890 24407.91368 31953.07890 37305.02159 43353.64317 51771.59323 57496.99553 63160.68432 72645.04766 82469.48477 92656.68182 106609.2126 118771.4358 130350.7314 139571.5995 142350.9634 152573.0643 156070.2033 160821.1383 167140.6781 172791.2601 175842.1019 184167.2388 190995.7868 191497.2402 195548.4456 198881.7067 201028.0147 201933.8657 205956.5019 208658.1206 216327.8567 222699.7957 225156.3607 226341.7769 229997.1408 237596.3984 238421.4337 248275.9335 265463.7120 268362.0127 297929.4775 312342.1218 321774.9070 353006.2851 397479.1657 478456.5053 529208.2654 565387.4250 573777.2004 597434.3973 637118.8830 683223.6607 782277.5876 844245.0005 1017513.032 1090566.974 1236806.145 1514400.283 1721224.993 2062840.455 2243048.312 2803635.585 3542158.454 4111384.237 4824495.259 10865787.91
