    unsorted:	 25.00000000 25.00000000 25.00000000 25.00000000 25.00000000 205807.5253 211176.5184 211228.5337 203787.0205 196252.4456 199437.4261 192011.6619 192191.1834 189827.7455 216169.9340 217009.5336 220748.9443 183175.6731 176107.3739 230146.6666 170554.8551 238410.9878 236398.7301 163427.7253 158290.6886 154467.4930 250794.6871 143057.8340 255057.8666 138070.2318 127539.2710 116139.5229 110083.7295 96635.83037 277694.5817 85743.95308 73926.37767 63909.85929 54337.97948 45032.81279 42778.84780 38444.40259 33124.52500 25335.50406 22304.34871 261.9705134 197.0702974 494.8810910 654.1594170 1066.813905 16656.64327 13643.78498 7265.762947 290554.1097 300032.7879 321752.6258 323382.4843 359033.2251 398613.2077 476657.0391 517516.9062 557996.7272 564448.6022 592644.1814 633239.3433 677679.1337 775384.7112 841234.0476 1008057.132 1075998.466 1232658.425 1491506.338 1694434.455 2042384.698 2254659.040 2789817.252 3525264.752 4068633.653 4808743.535 10780305.75
      sorted:	 25.00000000 25.00000000 25.00000000 25.00000000 25.00000000 197.0702974 261.9705134 494.8810910 654.1594170 1066.813905 7265.762947 13643.78498 16656.64327 22304.34871 25335.50406 33124.52500 38444.40259 42778.84780 45032.81279 54337.97948 63909.85929 73926.37767 85743.95308 96635.83037 110083.7295 116139.5229 127539.2710 138070.2318 143057.8340 154467.4930 158290.6886 163427.7253 170554.8551 176107.3739 183175.6731 189827.7455 192011.6619 192191.1834 196252.4456 199437.4261 203787.0205 205807.5253 211176.5184 211228.5337 216169.9340 217009.5336 220748.9443 230146.6666 236398.7301 238410.9878 250794.6871 255057.8666 277694.5817 290554.1097 300032.7879 321752.6258 323382.4843 359033.2251 398613.2077 476657.0391 517516.9062 557996.7272 564448.6022 592644.1814 633239.3433 677679.1337 775384.7112 841234.0476 1008057.132 1075998.466 1232658.425 1491506.338 1694434.455 2042384.698 2254659.040 2789817.252 3525264.752 4068633.653 4808743.535 10780305.75
