    unsorted:	 190699.5208 191524.9233 192401.3455 192899.7559 195843.3044 196958.7550 198613.8920 202856.4467 205136.5458 206463.5521 185923.0877 210550.3444 178531.6442 218154.6243 222349.0472 224259.1038 226462.4503 171215.9554 168833.1046 164367.2346 231145.4507 159512.8443 236219.0976 235741.1190 152515.2471 147311.5327 134583.2707 130799.9153 251495.4581 122282.6440 263646.3447 267909.9243 110653.9569 97870.85592 82047.14799 77132.33894 282795.8187 67860.44736 58408.04552 54479.76171 41666.66819 38252.18127 34382.07714 31770.15465 21857.28277 20773.69006 13460.05126 12785.35837 6817.565515 448.4781480 326397.5775 370072.6223 385509.7547 436959.0114 470769.1127 477828.9479 493690.7102 518565.8053 538174.3573 566466.9744 650656.6708 685240.1958 824641.4901 918626.4971 995398.1304 1222523.616 1424458.395 1681735.202 1831993.443 2347446.148 3123996.223 3548659.063 7407338.406 11347931.94
      sorted:	 448.4781480 6817.565515 12785.35837 13460.05126 20773.69006 21857.28277 31770.15465 34382.07714 38252.18127 41666.66819 54479.76171 58408.04552 67860.44736 77132.33894 82047.14799 97870.85592 110653.9569 122282.6440 130799.9153 134583.2707 147311.5327 152515.2471 159512.8443 164367.2346 168833.1046 171215.9554 178531.6442 185923.0877 190699.5208 191524.9233 192401.3455 192899.7559 195843.3044 196958.7550 198613.8920 202856.4467 205136.5458 206463.5521 210550.3444 218154.6243 222349.0472 224259.1038 226462.4503 231145.4507 235741.1190 236219.0976 251495.4581 263646.3447 267909.9243 282795.8187 326397.5775 370072.6223 385509.7547 436959.0114 470769.1127 477828.9479 493690.7102 518565.8053 538174.3573 566466.9744 650656.6708 685240.1958 824641.4901 918626.4971 995398.1304 1222523.616 1424458.395 1681735.202 1831993.443 2347446.148 3123996.223 3548659.063 7407338.406 11347931.94
