    unsorted:	 197935.1528 198985.6359 200049.9670 196183.5275 201515.0110 202180.7350 193036.0465 190403.1288 189413.4320 187701.8935 182371.2610 177895.0456 175590.7124 171613.8373 170397.6703 213034.2110 221072.7523 221702.1737 219246.8355 225794.5843 160178.8265 232110.5105 156165.5771 150749.7535 239895.8808 243039.9285 251311.6846 134748.6514 123651.3376 115488.8479 268570.6159 269880.4371 101475.9685 97588.88187 83116.41185 77942.34835 65600.86928 58492.55924 42908.31427 48241.25507 38747.46321 35164.91044 31929.47576 22625.15461 21147.71438 13464.61545 12849.90076 6916.534791 292252.8167 420.4243261 330745.7568 370068.1238 388880.8820 449672.5383 475270.2996 484824.8815 498946.7822 526805.5955 537631.7172 581741.2987 671897.7797 700565.6195 830932.6515 919503.5197 995529.8818 1216403.740 1408128.338 1680026.630 1836808.747 2339455.425 3109950.993 3524358.773 7394807.581 11420022.33
      sorted:	 420.4243261 6916.534791 12849.90076 13464.61545 21147.71438 22625.15461 31929.47576 35164.91044 38747.46321 42908.31427 48241.25507 58492.55924 65600.86928 77942.34835 83116.41185 97588.88187 101475.9685 115488.8479 123651.3376 134748.6514 150749.7535 156165.5771 160178.8265 170397.6703 171613.8373 175590.7124 177895.0456 182371.2610 187701.8935 189413.4320 190403.1288 193036.0465 196183.5275 197935.1528 198985.6359 200049.9670 201515.0110 202180.7350 213034.2110 219246.8355 221072.7523 221702.1737 225794.5843 232110.5105 239895.8808 243039.9285 251311.6846 268570.6159 269880.4371 292252.8167 330745.7568 370068.1238 388880.8820 449672.5383 475270.2996 484824.8815 498946.7822 526805.5955 537631.7172 581741.2987 671897.7797 700565.6195 830932.6515 919503.5197 995529.8818 1216403.740 1408128.338 1680026.630 1836808.747 2339455.425 3109950.993 3524358.773 7394807.581 11420022.33
