    unsorted:	 184402.4501 183281.9704 195206.4234 193049.6590 199721.8344 197933.4152 206190.2471 210055.2903 175015.4274 173382.3744 169866.5595 166230.9427 213176.7727 219067.3395 221802.4015 226416.6815 224628.9272 229229.5063 157157.0662 154321.9999 235921.7522 146530.2218 136305.8031 125151.4131 120679.0659 119012.1776 111190.1790 104495.4777 253504.2605 87066.27846 85937.80091 74294.56566 267487.3716 61094.54081 50712.69085 42918.59795 34509.36080 22315.89558 16874.95915 9863.357972 6684.845123 370065.6834 368803.1793 576078.6905 5615000.913 5616161.998 5625417.292 5560216.104 5565232.154 5574900.800 5536318.599 5653849.434 5502206.995 5482956.039 5688287.628 5709704.282 5422941.893 5388271.752 5363682.553 5291733.723 5299078.108 5216869.457 5167033.904 5836140.434 5093356.871 5922271.978 6003411.271 4917228.685 6141814.517 4689160.461 6319113.009 6730148.329 10219830.24 2050897604.
      sorted:	 6684.845123 9863.357972 16874.95915 22315.89558 34509.36080 42918.59795 50712.69085 61094.54081 74294.56566 85937.80091 87066.27846 104495.4777 111190.1790 119012.1776 120679.0659 125151.4131 136305.8031 146530.2218 154321.9999 157157.0662 166230.9427 169866.5595 173382.3744 175015.4274 183281.9704 184402.4501 193049.6590 195206.4234 197933.4152 199721.8344 206190.2471 210055.2903 213176.7727 219067.3395 221802.4015 224628.9272 226416.6815 229229.5063 235921.7522 253504.2605 267487.3716 368803.1793 370065.6834 576078.6905 4689160.461 4917228.685 5093356.871 5167033.904 5216869.457 5291733.723 5299078.108 5363682.553 5388271.752 5422941.893 5482956.039 5502206.995 5536318.599 5560216.104 5565232.154 5574900.800 5615000.913 5616161.998 5625417.292 5653849.434 5688287.628 5709704.282 5836140.434 5922271.978 6003411.271 6141814.517 6319113.009 6730148.329 10219830.24 2050897604.
