    unsorted:	 187682.9217 187571.8062 188204.8051 188755.3577 195584.0477 195006.7921 196232.3868 199506.6262 201740.0079 204157.9460 207423.2077 178408.3359 211831.1629 175601.8171 218118.6596 224258.1275 223875.9223 221142.8994 171792.4972 228429.8854 163462.4849 160407.3449 235400.8392 153119.7459 150012.8569 245809.4496 253282.7727 134260.7902 128695.7546 117485.8246 268888.1943 270569.8388 101143.4775 98711.63514 80642.21086 75542.37058 68662.16545 59359.68768 52186.93040 44133.13087 40384.83984 35396.16874 33694.05630 22038.65174 20849.23818 13457.73581 12529.71201 7026.961787 298294.6536 395.5560020 330536.2775 370072.8923 381050.2304 434735.9842 457149.0447 463483.9535 477501.6536 508908.7230 537087.5428 548890.9088 630647.8773 674338.5313 802807.5259 875882.3146 971782.1064 1196846.305 1393369.753 1638735.975 1813675.708 2358106.729 3107910.900 3467465.674 7377285.843 11405066.66
      sorted:	 395.5560020 7026.961787 12529.71201 13457.73581 20849.23818 22038.65174 33694.05630 35396.16874 40384.83984 44133.13087 52186.93040 59359.68768 68662.16545 75542.37058 80642.21086 98711.63514 101143.4775 117485.8246 128695.7546 134260.7902 150012.8569 153119.7459 160407.3449 163462.4849 171792.4972 175601.8171 178408.3359 187571.8062 187682.9217 188204.8051 188755.3577 195006.7921 195584.0477 196232.3868 199506.6262 201740.0079 204157.9460 207423.2077 211831.1629 218118.6596 221142.8994 223875.9223 224258.1275 228429.8854 235400.8392 245809.4496 253282.7727 268888.1943 270569.8388 298294.6536 330536.2775 370072.8923 381050.2304 434735.9842 457149.0447 463483.9535 477501.6536 508908.7230 537087.5428 548890.9088 630647.8773 674338.5313 802807.5259 875882.3146 971782.1064 1196846.305 1393369.753 1638735.975 1813675.708 2358106.729 3107910.900 3467465.674 7377285.843 11405066.66
