    unsorted:	 207042.0655 207254.2551 205420.4057 203626.3109 209498.7667 210955.3018 201797.1600 196685.6190 189917.1621 189005.5972 187249.0842 218608.1662 219078.3775 222009.0458 181249.7996 175167.1506 171391.6153 234990.2212 238057.0441 237285.0262 159104.1093 155277.0619 151766.4406 246693.3081 249290.3850 145833.4369 257364.3943 136152.8540 127166.5490 117684.0745 270415.0077 103130.3462 96840.43700 88640.06857 280967.8795 78892.36611 71813.77337 59883.44581 53711.32886 40988.52458 44103.58270 35440.79144 31517.92809 23430.55972 22094.05277 13498.75764 13184.55079 296525.2976 7171.372788 492.7476061 335906.7611 370066.1564 390685.0562 437459.5983 456981.5752 468313.1429 481720.8209 511248.2426 537856.3998 553643.0051 636253.0469 674618.1773 804526.8009 880217.0658 971824.0853 1190333.651 1383767.571 1639249.348 1788724.699 2334913.383 3031849.298 3487941.456 7258724.992 11100207.43
      sorted:	 492.7476061 7171.372788 13184.55079 13498.75764 22094.05277 23430.55972 31517.92809 35440.79144 40988.52458 44103.58270 53711.32886 59883.44581 71813.77337 78892.36611 88640.06857 96840.43700 103130.3462 117684.0745 127166.5490 136152.8540 145833.4369 151766.4406 155277.0619 159104.1093 171391.6153 175167.1506 181249.7996 187249.0842 189005.5972 189917.1621 196685.6190 201797.1600 203626.3109 205420.4057 207042.0655 207254.2551 209498.7667 210955.3018 218608.1662 219078.3775 222009.0458 234990.2212 237285.0262 238057.0441 246693.3081 249290.3850 257364.3943 270415.0077 280967.8795 296525.2976 335906.7611 370066.1564 390685.0562 437459.5983 456981.5752 468313.1429 481720.8209 511248.2426 537856.3998 553643.0051 636253.0469 674618.1773 804526.8009 880217.0658 971824.0853 1190333.651 1383767.571 1639249.348 1788724.699 2334913.383 3031849.298 3487941.456 7258724.992 11100207.43
