    unsorted:	 189746.8506 189536.0847 191932.0908 193210.4536 187463.2750 195816.6923 185086.8495 201250.2419 200081.5321 201844.6944 205771.0934 176327.4819 170363.3589 167965.5103 212422.1168 163363.3230 162025.9165 218054.6132 219601.6642 224727.6937 152818.8260 231790.0320 233904.9261 234285.9394 240107.0116 147593.7362 250543.5505 133180.4408 126613.2036 116651.7795 105080.3436 271556.0787 273006.3147 97482.32798 86760.81668 76228.46188 65077.74632 58237.78253 55259.44888 44393.32285 40192.47925 34470.56612 29722.16077 22269.51006 20562.01063 13451.42537 12419.79803 6893.716833 294992.0264 448.7470926 330538.8543 370065.3187 390252.4632 438167.8378 452332.4398 466142.2549 479120.3004 506713.8156 537522.8285 545675.2396 626924.5959 672963.3291 809243.3173 863194.3453 978077.7177 1213967.324 1363924.623 1616127.517 1756888.799 2343174.922 3058883.078 3506882.966 7255008.169 11167574.01
      sorted:	 448.7470926 6893.716833 12419.79803 13451.42537 20562.01063 22269.51006 29722.16077 34470.56612 40192.47925 44393.32285 55259.44888 58237.78253 65077.74632 76228.46188 86760.81668 97482.32798 105080.3436 116651.7795 126613.2036 133180.4408 147593.7362 152818.8260 162025.9165 163363.3230 167965.5103 170363.3589 176327.4819 185086.8495 187463.2750 189536.0847 189746.8506 191932.0908 193210.4536 195816.6923 200081.5321 201250.2419 201844.6944 205771.0934 212422.1168 218054.6132 219601.6642 224727.6937 231790.0320 233904.9261 234285.9394 240107.0116 250543.5505 271556.0787 273006.3147 294992.0264 330538.8543 370065.3187 390252.4632 438167.8378 452332.4398 466142.2549 479120.3004 506713.8156 537522.8285 545675.2396 626924.5959 672963.3291 809243.3173 863194.3453 978077.7177 1213967.324 1363924.623 1616127.517 1756888.799 2343174.922 3058883.078 3506882.966 7255008.169 11167574.01
