    unsorted:	 201240.6376 202035.5295 199655.1856 203914.8069 206383.7549 208172.7504 194281.1878 192686.8326 190479.8408 212245.4885 213864.9561 185914.7688 182982.7691 179328.8222 221939.5476 223830.9309 170038.6274 167724.6599 161121.6429 161775.3474 229401.2718 155073.1974 237321.4699 238419.0676 244115.3265 147482.4909 137118.6747 131485.5205 253813.5972 120751.7819 108218.2728 101398.5210 88256.23514 273546.3476 276875.8878 79688.30197 66200.32652 58362.33475 50808.54126 44904.62021 40646.77505 35080.13635 32197.43177 22546.57513 21420.55121 13469.01261 12883.03641 7141.536550 302376.9761 427.7421416 332880.9587 370063.7064 392181.0028 439432.6520 470460.1321 474883.6945 487932.6752 515838.5425 537850.9451 563380.3658 645153.8056 680378.3150 815451.8428 894340.3713 988034.5392 1195072.979 1400788.441 1668660.657 1825099.676 2358261.473 3147347.289 3473868.371 7421511.418 11402980.28
      sorted:	 427.7421416 7141.536550 12883.03641 13469.01261 21420.55121 22546.57513 32197.43177 35080.13635 40646.77505 44904.62021 50808.54126 58362.33475 66200.32652 79688.30197 88256.23514 101398.5210 108218.2728 120751.7819 131485.5205 137118.6747 147482.4909 155073.1974 161121.6429 161775.3474 167724.6599 170038.6274 179328.8222 182982.7691 185914.7688 190479.8408 192686.8326 194281.1878 199655.1856 201240.6376 202035.5295 203914.8069 206383.7549 208172.7504 212245.4885 213864.9561 221939.5476 223830.9309 229401.2718 237321.4699 238419.0676 244115.3265 253813.5972 273546.3476 276875.8878 302376.9761 332880.9587 370063.7064 392181.0028 439432.6520 470460.1321 474883.6945 487932.6752 515838.5425 537850.9451 563380.3658 645153.8056 680378.3150 815451.8428 894340.3713 988034.5392 1195072.979 1400788.441 1668660.657 1825099.676 2358261.473 3147347.289 3473868.371 7421511.418 11402980.28
