    unsorted:	 198447.3690 199505.2958 196208.3891 195646.4916 192439.9043 202353.8123 203342.0872 190728.7665 188637.8539 207056.0483 211083.2729 184544.3263 217241.4177 217660.3519 178051.4909 222184.0144 227807.2538 169367.2062 164110.6279 158566.1106 159187.5181 234213.9572 238063.5717 150839.9777 241403.6792 249266.0677 140981.8509 133003.0413 126308.2016 117010.0378 261950.5877 103540.0104 98837.21885 270373.5157 81281.81273 76199.52368 67851.23517 58018.85372 54051.76712 285416.6666 42725.95842 39278.46919 34393.62859 30431.27885 21459.51816 20426.95070 13454.56462 12547.18404 6831.422908 408.6528943 328736.1878 370065.6004 386315.5504 429592.4775 461128.5755 466935.6696 481987.1838 508841.8011 537561.0426 556834.7169 640777.3610 678176.6993 813012.2161 896141.3347 982311.8650 1217738.836 1388685.736 1650642.541 1808086.316 2345994.524 3064339.878 3572567.773 7333119.462 11326019.68
      sorted:	 408.6528943 6831.422908 12547.18404 13454.56462 20426.95070 21459.51816 30431.27885 34393.62859 39278.46919 42725.95842 54051.76712 58018.85372 67851.23517 76199.52368 81281.81273 98837.21885 103540.0104 117010.0378 126308.2016 133003.0413 140981.8509 150839.9777 158566.1106 159187.5181 164110.6279 169367.2062 178051.4909 184544.3263 188637.8539 190728.7665 192439.9043 195646.4916 196208.3891 198447.3690 199505.2958 202353.8123 203342.0872 207056.0483 211083.2729 217241.4177 217660.3519 222184.0144 227807.2538 234213.9572 238063.5717 241403.6792 249266.0677 261950.5877 270373.5157 285416.6666 328736.1878 370065.6004 386315.5504 429592.4775 461128.5755 466935.6696 481987.1838 508841.8011 537561.0426 556834.7169 640777.3610 678176.6993 813012.2161 896141.3347 982311.8650 1217738.836 1388685.736 1650642.541 1808086.316 2345994.524 3064339.878 3572567.773 7333119.462 11326019.68
