    unsorted:	 25.00000000 25.00000000 25.00000000 25.00000000 25.00000000 198996.2793 201287.8336 204309.6324 193749.1967 192797.9835 191103.6067 206780.7347 210043.1872 210276.6988 184771.7405 179507.4842 221233.8842 222128.6261 173024.2146 173307.4829 227807.9985 165788.8397 161930.7009 236935.5796 234839.7075 239221.8144 156436.9989 250423.6872 143586.5339 139878.1843 130405.3068 116534.3078 268165.7992 270777.9156 102712.5224 86593.33478 83636.00110 71262.36130 61632.78005 55100.46059 51362.78391 44337.95854 38601.57286 31654.70428 260.1102982 179.1997150 496.3561527 652.1804996 1008.147059 24413.93049 22024.36260 16467.19410 13188.96594 7154.109816 295351.0232 310619.8732 324546.0071 359232.2551 395223.8364 475035.4170 522582.0346 546413.6645 562236.4365 588492.2156 628577.0015 669485.6924 766089.0590 833698.3221 1009883.901 1061662.727 1251601.941 1505055.102 1666691.003 1992367.815 2209875.992 2773986.057 3497844.416 4004238.913 4812108.638 10519458.34
      sorted:	 25.00000000 25.00000000 25.00000000 25.00000000 25.00000000 179.1997150 260.1102982 496.3561527 652.1804996 1008.147059 7154.109816 13188.96594 16467.19410 22024.36260 24413.93049 31654.70428 38601.57286 44337.95854 51362.78391 55100.46059 61632.78005 71262.36130 83636.00110 86593.33478 102712.5224 116534.3078 130405.3068 139878.1843 143586.5339 156436.9989 161930.7009 165788.8397 173024.2146 173307.4829 179507.4842 184771.7405 191103.6067 192797.9835 193749.1967 198996.2793 201287.8336 204309.6324 206780.7347 210043.1872 210276.6988 221233.8842 222128.6261 227807.9985 234839.7075 236935.5796 239221.8144 250423.6872 268165.7992 270777.9156 295351.0232 310619.8732 324546.0071 359232.2551 395223.8364 475035.4170 522582.0346 546413.6645 562236.4365 588492.2156 628577.0015 669485.6924 766089.0590 833698.3221 1009883.901 1061662.727 1251601.941 1505055.102 1666691.003 1992367.815 2209875.992 2773986.057 3497844.416 4004238.913 4812108.638 10519458.34
