    unsorted:	 190910.5627 191213.9348 193931.7256 195658.4712 200246.1468 203716.2223 206837.3082 209852.5415 215037.7740 217255.8926 221063.7418 222305.1651 182486.8266 226283.0875 227653.7029 172816.8993 170588.2575 164046.1649 158348.5747 154499.2118 149932.7495 238887.9953 242205.2846 139185.6985 136078.7886 121007.8992 123322.8034 111082.1055 104574.4477 259772.2747 86467.29766 80757.70023 74505.97405 59600.90594 48278.07207 38731.52008 36186.33792 26910.79671 15023.72325 9769.031172 7853.297606 370060.9794 368802.5079 575783.6810 5564302.080 5556613.338 5572815.023 5615446.784 5613445.883 5623700.135 5536576.938 5647868.586 5505946.054 5483620.366 5689248.988 5424940.764 5717610.238 5391739.295 5362426.894 5305134.401 5293021.144 5214988.894 5836551.587 5160767.462 5090510.823 5935256.011 6003540.552 4889212.810 6162581.888 4657588.473 6336274.322 6720870.894 10213867.93 2051035717.
      sorted:	 7853.297606 9769.031172 15023.72325 26910.79671 36186.33792 38731.52008 48278.07207 59600.90594 74505.97405 80757.70023 86467.29766 104574.4477 111082.1055 121007.8992 123322.8034 136078.7886 139185.6985 149932.7495 154499.2118 158348.5747 164046.1649 170588.2575 172816.8993 182486.8266 190910.5627 191213.9348 193931.7256 195658.4712 200246.1468 203716.2223 206837.3082 209852.5415 215037.7740 217255.8926 221063.7418 222305.1651 226283.0875 227653.7029 238887.9953 242205.2846 259772.2747 368802.5079 370060.9794 575783.6810 4657588.473 4889212.810 5090510.823 5160767.462 5214988.894 5293021.144 5305134.401 5362426.894 5391739.295 5424940.764 5483620.366 5505946.054 5536576.938 5556613.338 5564302.080 5572815.023 5613445.883 5615446.784 5623700.135 5647868.586 5689248.988 5717610.238 5836551.587 5935256.011 6003540.552 6162581.888 6336274.322 6720870.894 10213867.93 2051035717.
