    unsorted:	 214985.2693 215283.2384 213961.0361 211048.3362 218482.3062 226057.4851 224660.6848 222488.4648 203676.5857 199508.2716 197539.6282 194307.6215 191998.8056 185227.6273 181458.1955 174884.0035 169798.2371 167617.8494 238698.7893 240529.0348 159305.4698 152199.0934 147781.2166 138576.3972 249973.5589 127471.1941 124071.5619 120064.3848 113104.3112 106457.8446 91579.29271 87120.57585 67729.62424 57615.25313 48887.40914 44750.12321 40183.51849 33301.79802 15692.58346 9395.994461 6726.154638 370075.1640 368789.0214 575862.5088 5610284.326 5612006.940 5557138.982 5560928.856 5574869.081 5537121.989 5622217.660 5641971.322 5502063.985 5483159.649 5682970.533 5423762.350 5706357.558 5390558.160 5364205.352 5300758.673 5277155.594 5837522.074 5207214.429 5162637.945 5922640.425 5075489.549 6002969.297 4894698.717 6147947.799 4685498.094 6311214.809 6706582.585 10131000.87 2051525994.
      sorted:	 6726.154638 9395.994461 15692.58346 33301.79802 40183.51849 44750.12321 48887.40914 57615.25313 67729.62424 87120.57585 91579.29271 106457.8446 113104.3112 120064.3848 124071.5619 127471.1941 138576.3972 147781.2166 152199.0934 159305.4698 167617.8494 169798.2371 174884.0035 181458.1955 185227.6273 191998.8056 194307.6215 197539.6282 199508.2716 203676.5857 211048.3362 213961.0361 214985.2693 215283.2384 218482.3062 222488.4648 224660.6848 226057.4851 238698.7893 240529.0348 249973.5589 368789.0214 370075.1640 575862.5088 4685498.094 4894698.717 5075489.549 5162637.945 5207214.429 5277155.594 5300758.673 5364205.352 5390558.160 5423762.350 5483159.649 5502063.985 5537121.989 5557138.982 5560928.856 5574869.081 5610284.326 5612006.940 5622217.660 5641971.322 5682970.533 5706357.558 5837522.074 5922640.425 6002969.297 6147947.799 6311214.809 6706582.585 10131000.87 2051525994.
