    unsorted:	 25.00000000 25.00000000 25.00000000 25.00000000 25.00000000 197603.7919 198400.3030 200862.7333 202704.6640 204666.1163 205330.0307 192945.0816 190907.1223 185253.8988 210722.9817 211873.6752 183472.6829 176444.9265 173795.3328 168088.4393 163016.6152 229336.8595 232814.6237 235100.5681 237839.8517 154843.3610 146106.9016 141102.0593 250092.9450 255648.4581 129828.5569 118955.1795 109642.5098 95860.69088 85904.77182 74276.49893 278236.0100 64594.40873 56711.58276 46019.15302 42284.87216 39921.86593 29896.98408 24921.16766 22614.03081 16386.85385 13870.73351 262.6651193 197.6021404 493.0899990 646.9201299 1065.328853 7348.094377 287543.3811 299872.4754 320436.4244 329946.1771 359720.7907 399762.9669 479911.0328 535635.0539 576281.0507 585861.2032 605637.7622 647416.5943 692117.7797 796715.8853 851230.1951 1041332.362 1132557.875 1261838.374 1541361.437 1785109.208 2096626.061 2284882.143 2852632.201 3560233.705 4203813.496 4828866.963 11400340.68
      sorted:	 25.00000000 25.00000000 25.00000000 25.00000000 25.00000000 197.6021404 262.6651193 493.0899990 646.9201299 1065.328853 7348.094377 13870.73351 16386.85385 22614.03081 24921.16766 29896.98408 39921.86593 42284.87216 46019.15302 56711.58276 64594.40873 74276.49893 85904.77182 95860.69088 109642.5098 118955.1795 129828.5569 141102.0593 146106.9016 154843.3610 163016.6152 168088.4393 173795.3328 176444.9265 183472.6829 185253.8988 190907.1223 192945.0816 197603.7919 198400.3030 200862.7333 202704.6640 204666.1163 205330.0307 210722.9817 211873.6752 229336.8595 232814.6237 235100.5681 237839.8517 250092.9450 255648.4581 278236.0100 287543.3811 299872.4754 320436.4244 329946.1771 359720.7907 399762.9669 479911.0328 535635.0539 576281.0507 585861.2032 605637.7622 647416.5943 692117.7797 796715.8853 851230.1951 1041332.362 1132557.875 1261838.374 1541361.437 1785109.208 2096626.061 2284882.143 2852632.201 3560233.705 4203813.496 4828866.963 11400340.68
