    unsorted:	 202035.9883 199506.9972 197783.2583 194954.8416 205631.6390 209090.9033 186516.1843 186977.1097 215085.3417 217772.9662 218824.0204 222578.6972 225529.0409 178625.5862 174633.5195 173355.6022 166480.9634 158773.9793 154138.7304 233023.5498 145517.3040 241214.8613 134521.3758 128379.3001 124680.5506 118052.1009 113647.4180 255257.3158 254354.4663 105099.8735 87246.92109 85849.25940 72716.37113 58796.60972 48412.04297 43140.33162 32971.07246 21720.13917 15710.06866 10575.58607 7948.776209 370061.0472 368847.0680 576604.7200 5616824.504 5615447.414 5625869.147 5558203.673 5564118.631 5574877.062 5535205.501 5648660.141 5505377.527 5485641.878 5681583.199 5428866.654 5708527.042 5390473.422 5373099.868 5317180.984 5285153.443 5268645.198 5170012.669 5841780.307 5904287.692 5100920.093 6004593.197 4918576.879 6138045.854 4692620.397 6305395.588 6763758.477 10202077.97 2054903316.
      sorted:	 7948.776209 10575.58607 15710.06866 21720.13917 32971.07246 43140.33162 48412.04297 58796.60972 72716.37113 85849.25940 87246.92109 105099.8735 113647.4180 118052.1009 124680.5506 128379.3001 134521.3758 145517.3040 154138.7304 158773.9793 166480.9634 173355.6022 174633.5195 178625.5862 186516.1843 186977.1097 194954.8416 197783.2583 199506.9972 202035.9883 205631.6390 209090.9033 215085.3417 217772.9662 218824.0204 222578.6972 225529.0409 233023.5498 241214.8613 254354.4663 255257.3158 368847.0680 370061.0472 576604.7200 4692620.397 4918576.879 5100920.093 5170012.669 5268645.198 5285153.443 5317180.984 5373099.868 5390473.422 5428866.654 5485641.878 5505377.527 5535205.501 5558203.673 5564118.631 5574877.062 5615447.414 5616824.504 5625869.147 5648660.141 5681583.199 5708527.042 5841780.307 5904287.692 6004593.197 6138045.854 6305395.588 6763758.477 10202077.97 2054903316.
