    unsorted:	 25.00000000 25.00000000 25.00000000 25.00000000 25.00000000 195990.0422 196725.5915 194725.1778 192784.5091 200888.5519 202550.7108 203125.6018 207653.5277 186850.1821 220385.1520 220771.8714 225411.4903 224377.0518 227651.3786 232134.0716 176324.1427 236902.0076 169890.7425 166395.2597 165279.5213 160520.3002 153269.8679 244781.3272 145931.5717 140093.6938 129720.0185 261876.0289 262813.2402 118506.3017 107557.0433 93508.89199 79554.67463 74352.64647 64498.92557 57814.33765 49967.45853 44958.17365 39156.92042 30868.10179 25529.48727 22614.69495 17317.70542 263.2435840 160.2614702 501.9543882 656.9260608 969.1154446 13285.99568 7073.162059 292215.6757 307460.4284 322672.4013 353411.5782 393480.8462 479811.7429 530303.9817 563792.1235 572411.6477 598145.2914 638662.0759 681688.1557 777575.1735 842804.3195 1014444.348 1086268.527 1247343.091 1520994.682 1721952.813 2051078.187 2225954.039 2816194.504 3532491.267 4077231.663 4810026.890 10896149.39
      sorted:	 25.00000000 25.00000000 25.00000000 25.00000000 25.00000000 160.2614702 263.2435840 501.9543882 656.9260608 969.1154446 7073.162059 13285.99568 17317.70542 22614.69495 25529.48727 30868.10179 39156.92042 44958.17365 49967.45853 57814.33765 64498.92557 74352.64647 79554.67463 93508.89199 107557.0433 118506.3017 129720.0185 140093.6938 145931.5717 153269.8679 160520.3002 165279.5213 166395.2597 169890.7425 176324.1427 186850.1821 192784.5091 194725.1778 195990.0422 196725.5915 200888.5519 202550.7108 203125.6018 207653.5277 220385.1520 220771.8714 224377.0518 225411.4903 227651.3786 232134.0716 236902.0076 244781.3272 261876.0289 262813.2402 292215.6757 307460.4284 322672.4013 353411.5782 393480.8462 479811.7429 530303.9817 563792.1235 572411.6477 598145.2914 638662.0759 681688.1557 777575.1735 842804.3195 1014444.348 1086268.527 1247343.091 1520994.682 1721952.813 2051078.187 2225954.039 2816194.504 3532491.267 4077231.663 4810026.890 10896149.39
