    unsorted:	 25.00000000 25.00000000 25.00000000 25.00000000 25.00000000 194146.6963 195493.9352 196964.2371 198314.6980 200221.2847 189797.3409 202786.7742 205787.7668 208184.3711 210697.2832 181573.9924 222293.8699 177750.9846 173820.9789 227212.8886 227492.1244 235275.4666 236127.4183 236700.2106 164695.0582 162970.5286 157571.0490 248199.4969 146417.9248 139930.5893 133478.8765 120841.4849 107640.1522 270420.6866 92648.73928 81837.60262 71570.12875 62940.70869 53212.71793 46356.14163 44983.07126 40024.81976 35285.41361 25320.76455 22349.86846 17186.28221 262.6888719 179.7990537 482.9908384 657.4718917 1002.963828 13710.11735 7332.743936 279180.3360 302081.6153 318777.6156 328849.9082 359823.3632 398669.1238 476461.6639 540645.6647 571690.1826 582902.5930 606505.0725 645272.8252 694022.7326 797762.5003 855926.4807 1021665.528 1097341.538 1223057.758 1508377.851 1717401.565 2049496.654 2233373.184 2775617.434 3509174.006 4056561.096 4796875.536 10882589.59
      sorted:	 25.00000000 25.00000000 25.00000000 25.00000000 25.00000000 179.7990537 262.6888719 482.9908384 657.4718917 1002.963828 7332.743936 13710.11735 17186.28221 22349.86846 25320.76455 35285.41361 40024.81976 44983.07126 46356.14163 53212.71793 62940.70869 71570.12875 81837.60262 92648.73928 107640.1522 120841.4849 133478.8765 139930.5893 146417.9248 157571.0490 162970.5286 164695.0582 173820.9789 177750.9846 181573.9924 189797.3409 194146.6963 195493.9352 196964.2371 198314.6980 200221.2847 202786.7742 205787.7668 208184.3711 210697.2832 222293.8699 227212.8886 227492.1244 235275.4666 236127.4183 236700.2106 248199.4969 270420.6866 279180.3360 302081.6153 318777.6156 328849.9082 359823.3632 398669.1238 476461.6639 540645.6647 571690.1826 582902.5930 606505.0725 645272.8252 694022.7326 797762.5003 855926.4807 1021665.528 1097341.538 1223057.758 1508377.851 1717401.565 2049496.654 2233373.184 2775617.434 3509174.006 4056561.096 4796875.536 10882589.59
