    unsorted:	 25.00000000 25.00000000 25.00000000 25.00000000 25.00000000 196455.2171 193686.5634 192285.3393 198073.4455 188840.6242 208645.6186 207826.8307 209644.1407 205709.8894 211788.0349 220350.2254 176346.4848 177575.7443 173381.8173 225142.1456 165523.0539 230569.0812 232887.0283 160044.6626 155057.2556 239345.8163 148701.7876 140665.3387 247934.6969 129623.7273 254591.3725 118782.3997 108180.4745 93952.40836 82216.79750 71195.91549 62604.49614 56581.30442 53275.51494 44517.15222 37385.34285 31785.43813 25364.38620 21965.58089 260.6241676 187.8806836 474.6396057 657.8043249 1030.199714 16754.01046 13871.11887 7413.686169 279435.9081 287727.9545 303431.9812 324528.6559 329753.3505 365281.6164 400284.3203 474936.8034 532537.7809 567743.3887 572992.6908 597139.4017 638032.9085 682008.2067 782229.2602 838200.6765 1011003.944 1089751.677 1224603.771 1497444.621 1708593.793 2035100.222 2220521.683 2805101.969 3502394.622 4069187.750 4821173.937 10665631.50
      sorted:	 25.00000000 25.00000000 25.00000000 25.00000000 25.00000000 187.8806836 260.6241676 474.6396057 657.8043249 1030.199714 7413.686169 13871.11887 16754.01046 21965.58089 25364.38620 31785.43813 37385.34285 44517.15222 53275.51494 56581.30442 62604.49614 71195.91549 82216.79750 93952.40836 108180.4745 118782.3997 129623.7273 140665.3387 148701.7876 155057.2556 160044.6626 165523.0539 173381.8173 176346.4848 177575.7443 188840.6242 192285.3393 193686.5634 196455.2171 198073.4455 205709.8894 207826.8307 208645.6186 209644.1407 211788.0349 220350.2254 225142.1456 230569.0812 232887.0283 239345.8163 247934.6969 254591.3725 279435.9081 287727.9545 303431.9812 324528.6559 329753.3505 365281.6164 400284.3203 474936.8034 532537.7809 567743.3887 572992.6908 597139.4017 638032.9085 682008.2067 782229.2602 838200.6765 1011003.944 1089751.677 1224603.771 1497444.621 1708593.793 2035100.222 2220521.683 2805101.969 3502394.622 4069187.750 4821173.937 10665631.50
