    unsorted:	 25.00000000 25.00000000 25.00000000 25.00000000 25.00000000 202116.6566 201649.1231 200925.0534 200155.9242 206503.3526 206951.8582 193394.2563 192380.1826 210473.6450 183983.3886 181406.5059 220309.5852 222951.8480 166194.3375 167943.2103 173604.7057 162053.2141 159267.3818 229368.6653 234191.7647 232882.7933 151261.2514 247843.6339 249604.9691 139116.9387 128691.2685 118526.0459 111062.0666 272795.7589 96690.10463 84726.02050 72816.51305 63635.05417 55278.96685 53095.76134 44558.24895 38767.90198 32728.33339 25783.21271 22979.59704 261.7787855 193.9513195 470.4898251 656.4101967 1031.237225 16851.60141 13834.77900 7216.055808 285106.9574 296061.8068 317299.2411 326430.5012 357583.6210 398696.8323 483180.0888 539403.6738 578202.7056 584038.4174 609642.0175 645833.9532 699400.3851 802677.6073 854476.9545 1033720.882 1121071.901 1247062.075 1524175.699 1761032.968 2102121.999 2268615.123 2840137.707 3572374.503 4156643.097 4813578.467 11008566.78
      sorted:	 25.00000000 25.00000000 25.00000000 25.00000000 25.00000000 193.9513195 261.7787855 470.4898251 656.4101967 1031.237225 7216.055808 13834.77900 16851.60141 22979.59704 25783.21271 32728.33339 38767.90198 44558.24895 53095.76134 55278.96685 63635.05417 72816.51305 84726.02050 96690.10463 111062.0666 118526.0459 128691.2685 139116.9387 151261.2514 159267.3818 162053.2141 166194.3375 167943.2103 173604.7057 181406.5059 183983.3886 192380.1826 193394.2563 200155.9242 200925.0534 201649.1231 202116.6566 206503.3526 206951.8582 210473.6450 220309.5852 222951.8480 229368.6653 232882.7933 234191.7647 247843.6339 249604.9691 272795.7589 285106.9574 296061.8068 317299.2411 326430.5012 357583.6210 398696.8323 483180.0888 539403.6738 578202.7056 584038.4174 609642.0175 645833.9532 699400.3851 802677.6073 854476.9545 1033720.882 1121071.901 1247062.075 1524175.699 1761032.968 2102121.999 2268615.123 2840137.707 3572374.503 4156643.097 4813578.467 11008566.78
