    unsorted:	 25.00000000 25.00000000 25.00000000 25.00000000 25.00000000 213012.0316 210453.8947 208084.1319 205187.0801 203622.0050 215511.7842 201257.4698 198618.5505 192186.3184 190702.0076 184011.2873 180239.8453 174375.6165 169872.3194 227402.3012 165545.9504 162719.8048 158802.7879 232557.9372 239342.3844 241369.0623 143578.2739 137021.7993 128540.6872 119272.1310 112481.1352 266643.9039 271266.3121 97641.23113 85490.66257 72729.78447 61899.69238 56481.97905 47215.09054 44972.60864 40071.70631 33637.83805 26182.39355 22372.90008 261.5116927 204.6473162 480.1940385 666.3212309 1098.802950 17113.65086 14376.11214 7506.943362 294563.5854 303746.4921 306077.5326 328913.0269 335792.8265 364476.1908 399458.2336 477024.3529 537100.0785 559116.2292 579399.3540 604757.5897 638058.9821 688572.6196 786731.5675 842961.3539 1007460.488 1071315.998 1216019.554 1462991.350 1667109.694 2002879.054 2196282.772 2756990.531 3554043.298 4069880.199 4847047.303 10584527.23
      sorted:	 25.00000000 25.00000000 25.00000000 25.00000000 25.00000000 204.6473162 261.5116927 480.1940385 666.3212309 1098.802950 7506.943362 14376.11214 17113.65086 22372.90008 26182.39355 33637.83805 40071.70631 44972.60864 47215.09054 56481.97905 61899.69238 72729.78447 85490.66257 97641.23113 112481.1352 119272.1310 128540.6872 137021.7993 143578.2739 158802.7879 162719.8048 165545.9504 169872.3194 174375.6165 180239.8453 184011.2873 190702.0076 192186.3184 198618.5505 201257.4698 203622.0050 205187.0801 208084.1319 210453.8947 213012.0316 215511.7842 227402.3012 232557.9372 239342.3844 241369.0623 266643.9039 271266.3121 294563.5854 303746.4921 306077.5326 328913.0269 335792.8265 364476.1908 399458.2336 477024.3529 537100.0785 559116.2292 579399.3540 604757.5897 638058.9821 688572.6196 786731.5675 842961.3539 1007460.488 1071315.998 1216019.554 1462991.350 1667109.694 2002879.054 2196282.772 2756990.531 3554043.298 4069880.199 4847047.303 10584527.23
