    unsorted:	 178584.9898 181789.0366 182621.2009 173675.5615 172417.2252 167045.2096 164457.5196 189239.9927 193435.3287 192481.9850 200187.3047 201610.8539 159221.0802 155639.9368 209388.6653 211374.2663 219593.1281 220710.5152 222390.8150 224897.6826 146526.4536 229304.2992 136554.6771 239361.2014 123810.3906 119647.1227 246278.5065 107531.8434 102197.2577 257630.1292 87031.72884 84081.75644 70623.35125 57814.00847 46008.90072 43594.45113 29515.06528 22736.28313 18652.73049 9872.549780 7198.912571 370067.9336 368748.2286 575925.4748 5567245.623 5557824.587 5573561.635 5613755.079 5618424.691 5625765.635 5535661.096 5648263.523 5504078.380 5482592.161 5675849.147 5426640.478 5714233.021 5386065.529 5370936.305 5284232.318 5277667.825 5213247.306 5172503.919 5843718.241 5100262.451 5905059.801 4929410.793 6007284.929 6155391.173 4662993.510 6320352.274 6712958.696 10439180.15 2052203515.
      sorted:	 7198.912571 9872.549780 18652.73049 22736.28313 29515.06528 43594.45113 46008.90072 57814.00847 70623.35125 84081.75644 87031.72884 102197.2577 107531.8434 119647.1227 123810.3906 136554.6771 146526.4536 155639.9368 159221.0802 164457.5196 167045.2096 172417.2252 173675.5615 178584.9898 181789.0366 182621.2009 189239.9927 192481.9850 193435.3287 200187.3047 201610.8539 209388.6653 211374.2663 219593.1281 220710.5152 222390.8150 224897.6826 229304.2992 239361.2014 246278.5065 257630.1292 368748.2286 370067.9336 575925.4748 4662993.510 4929410.793 5100262.451 5172503.919 5213247.306 5277667.825 5284232.318 5370936.305 5386065.529 5426640.478 5482592.161 5504078.380 5535661.096 5557824.587 5567245.623 5573561.635 5613755.079 5618424.691 5625765.635 5648263.523 5675849.147 5714233.021 5843718.241 5905059.801 6007284.929 6155391.173 6320352.274 6712958.696 10439180.15 2052203515.
