    unsorted:	 197331.7889 196126.7754 197949.1878 195138.0183 194280.2987 192540.4117 201221.6005 187783.9787 207107.8751 208535.8291 211753.6582 182032.7775 179686.1510 178101.7591 175585.6213 214526.5006 218293.9857 221152.6186 168497.1603 165869.4986 159860.9980 230988.0636 152712.3473 237048.5835 236433.7810 146647.3544 247356.1817 128977.4024 118309.7160 110987.5602 101024.1465 262976.4558 96578.40818 272566.8589 82702.40637 75522.24176 68426.70987 62803.37792 57407.99906 46566.67109 42800.90338 34502.27583 30532.19013 22962.15041 20174.36743 13449.74844 12223.65587 286963.0040 6809.470079 347.0334372 324078.0491 370069.1965 383019.5475 430292.2900 458849.4639 462328.7096 477831.5479 506177.8499 536830.1889 550047.4919 632993.7533 678549.3576 813051.8742 887874.8099 989132.6882 1209692.855 1371413.875 1639476.252 1799499.976 2339702.703 3082528.114 3553709.678 7318516.164 11251968.21
      sorted:	 347.0334372 6809.470079 12223.65587 13449.74844 20174.36743 22962.15041 30532.19013 34502.27583 42800.90338 46566.67109 57407.99906 62803.37792 68426.70987 75522.24176 82702.40637 96578.40818 101024.1465 110987.5602 118309.7160 128977.4024 146647.3544 152712.3473 159860.9980 165869.4986 168497.1603 175585.6213 178101.7591 179686.1510 182032.7775 187783.9787 192540.4117 194280.2987 195138.0183 196126.7754 197331.7889 197949.1878 201221.6005 207107.8751 208535.8291 211753.6582 214526.5006 218293.9857 221152.6186 230988.0636 236433.7810 237048.5835 247356.1817 262976.4558 272566.8589 286963.0040 324078.0491 370069.1965 383019.5475 430292.2900 458849.4639 462328.7096 477831.5479 506177.8499 536830.1889 550047.4919 632993.7533 678549.3576 813051.8742 887874.8099 989132.6882 1209692.855 1371413.875 1639476.252 1799499.976 2339702.703 3082528.114 3553709.678 7318516.164 11251968.21
