    unsorted:	 201952.5941 201330.2404 202986.7139 203624.2018 197487.2368 196246.6186 195620.2515 207035.0260 210030.6163 211284.9268 191540.0031 215803.7903 219188.2019 182745.0741 181465.4382 171477.3667 170482.2485 228590.6090 229605.7505 162792.9349 160959.8822 155207.2963 235341.4128 243897.7230 246891.1333 140457.6372 136211.2600 253354.8958 129240.3672 119123.5247 105082.0772 101472.4850 90111.88871 272344.0599 276095.4878 80957.72216 68151.42357 60185.29598 54829.93563 44658.69276 41362.02967 36324.72893 31643.45976 22521.01111 21016.53358 13512.42992 13245.13417 7153.995003 301214.6421 490.4112855 336947.4058 370070.7976 390003.7609 454473.5854 477530.4220 480835.3049 496287.4072 525948.2578 538351.7666 576189.8430 662529.2842 690056.1261 819679.1139 905857.8227 990597.5542 1208485.215 1399860.192 1659714.464 1827750.861 2336511.903 3154624.366 3479028.179 7448180.326 11470136.50
      sorted:	 490.4112855 7153.995003 13245.13417 13512.42992 21016.53358 22521.01111 31643.45976 36324.72893 41362.02967 44658.69276 54829.93563 60185.29598 68151.42357 80957.72216 90111.88871 101472.4850 105082.0772 119123.5247 129240.3672 136211.2600 140457.6372 155207.2963 160959.8822 162792.9349 170482.2485 171477.3667 181465.4382 182745.0741 191540.0031 195620.2515 196246.6186 197487.2368 201330.2404 201952.5941 202986.7139 203624.2018 207035.0260 210030.6163 211284.9268 215803.7903 219188.2019 228590.6090 229605.7505 235341.4128 243897.7230 246891.1333 253354.8958 272344.0599 276095.4878 301214.6421 336947.4058 370070.7976 390003.7609 454473.5854 477530.4220 480835.3049 496287.4072 525948.2578 538351.7666 576189.8430 662529.2842 690056.1261 819679.1139 905857.8227 990597.5542 1208485.215 1399860.192 1659714.464 1827750.861 2336511.903 3154624.366 3479028.179 7448180.326 11470136.50
