    unsorted:	 202914.9162 201809.0545 200923.6130 200372.8999 196497.2392 195601.4575 207916.6374 210145.1230 211238.9556 211547.6591 191031.7999 189097.6261 188640.1132 180449.5042 177226.5376 222809.7519 170931.4921 230080.0911 231326.5382 164122.3405 161880.1465 239309.1058 238776.4873 243426.6067 153672.9321 139383.4126 135526.2122 255948.2904 128551.6748 118022.3520 266608.5707 105586.9448 273192.8113 98614.79873 82072.81784 78353.85408 70813.02066 60330.70153 56848.84452 292289.1663 42307.32628 38183.93382 35147.19668 30701.03765 22199.80256 21098.25541 13468.78358 12910.98670 6980.874896 525.6014719 330497.8881 370073.5570 390443.1398 429305.1905 462863.2031 474195.0287 487765.9930 516702.3503 538419.3939 562537.1008 645288.4735 684553.4098 817788.4981 897470.2266 988248.5132 1199892.023 1396139.163 1665082.534 1818179.885 2338911.590 3080907.342 3521365.429 7329366.543 11246609.10
      sorted:	 525.6014719 6980.874896 12910.98670 13468.78358 21098.25541 22199.80256 30701.03765 35147.19668 38183.93382 42307.32628 56848.84452 60330.70153 70813.02066 78353.85408 82072.81784 98614.79873 105586.9448 118022.3520 128551.6748 135526.2122 139383.4126 153672.9321 161880.1465 164122.3405 170931.4921 177226.5376 180449.5042 188640.1132 189097.6261 191031.7999 195601.4575 196497.2392 200372.8999 200923.6130 201809.0545 202914.9162 207916.6374 210145.1230 211238.9556 211547.6591 222809.7519 230080.0911 231326.5382 238776.4873 239309.1058 243426.6067 255948.2904 266608.5707 273192.8113 292289.1663 330497.8881 370073.5570 390443.1398 429305.1905 462863.2031 474195.0287 487765.9930 516702.3503 538419.3939 562537.1008 645288.4735 684553.4098 817788.4981 897470.2266 988248.5132 1199892.023 1396139.163 1665082.534 1818179.885 2338911.590 3080907.342 3521365.429 7329366.543 11246609.10
