    unsorted:	 200934.2829 194917.9352 198420.4178 191354.9115 187538.8194 186862.5859 181412.2637 205563.7978 209565.0327 211424.0824 214425.8140 172858.7197 170325.3666 166822.4741 162808.5878 221538.1702 221244.4620 222733.1377 160208.5711 152715.1396 232845.0358 238123.7094 241051.7255 144308.1622 136909.0714 253908.0076 124611.7365 118789.3250 110798.7199 104067.5197 84088.86317 85394.66415 78799.81216 60033.49950 49149.36229 43449.81114 39052.37673 23483.31665 19036.71341 10113.38597 6646.645755 370071.5109 368789.0300 575838.3596 5557179.606 5561014.970 5571982.980 5613297.991 5608024.111 5537858.537 5624217.001 5503110.936 5483011.378 5653798.535 5681246.330 5426171.743 5709351.403 5391592.984 5368911.713 5307362.935 5291901.771 5243334.399 5168071.954 5838187.632 5912310.221 5102436.128 6005950.180 4899460.779 6152609.372 4664609.251 6309950.269 6720687.366 10252364.51 2052603532.
      sorted:	 6646.645755 10113.38597 19036.71341 23483.31665 39052.37673 43449.81114 49149.36229 60033.49950 78799.81216 84088.86317 85394.66415 104067.5197 110798.7199 118789.3250 124611.7365 136909.0714 144308.1622 152715.1396 160208.5711 162808.5878 166822.4741 170325.3666 172858.7197 181412.2637 186862.5859 187538.8194 191354.9115 194917.9352 198420.4178 200934.2829 205563.7978 209565.0327 211424.0824 214425.8140 221244.4620 221538.1702 222733.1377 232845.0358 238123.7094 241051.7255 253908.0076 368789.0300 370071.5109 575838.3596 4664609.251 4899460.779 5102436.128 5168071.954 5243334.399 5291901.771 5307362.935 5368911.713 5391592.984 5426171.743 5483011.378 5503110.936 5537858.537 5557179.606 5561014.970 5571982.980 5608024.111 5613297.991 5624217.001 5653798.535 5681246.330 5709351.403 5838187.632 5912310.221 6005950.180 6152609.372 6309950.269 6720687.366 10252364.51 2052603532.
