    unsorted:	 203502.1920 204024.1759 201238.9081 200267.9784 195221.4933 194688.4346 192405.8674 190736.2383 186245.3083 186644.5282 209959.7458 212749.5583 177668.6186 173472.2679 219846.7981 222138.5726 224754.0670 227306.0264 170833.5821 231010.5225 164698.7437 163434.1832 237702.8007 155116.7330 244558.5982 148150.9574 135886.2673 253923.2938 127208.5195 126023.4084 114246.7223 269068.0919 101797.1645 281078.1058 85497.78438 79916.97850 64138.68407 58435.00569 51327.33748 44339.36401 41633.58500 35941.64904 32497.00321 22326.22106 21199.00412 13466.39202 12868.90384 7139.421972 307260.1661 433.3482475 334312.3475 370070.8458 386198.5851 450266.1849 474877.2159 478413.8516 490238.4086 520171.6972 538169.2222 568836.5807 657599.7821 687988.3175 821012.4517 911258.8660 985021.0728 1210805.439 1414156.196 1669718.761 1834866.067 2376085.331 3147081.340 3398837.922 7438173.075 11441682.14
      sorted:	 433.3482475 7139.421972 12868.90384 13466.39202 21199.00412 22326.22106 32497.00321 35941.64904 41633.58500 44339.36401 51327.33748 58435.00569 64138.68407 79916.97850 85497.78438 101797.1645 114246.7223 126023.4084 127208.5195 135886.2673 148150.9574 155116.7330 163434.1832 164698.7437 170833.5821 173472.2679 177668.6186 186245.3083 186644.5282 190736.2383 192405.8674 194688.4346 195221.4933 200267.9784 201238.9081 203502.1920 204024.1759 209959.7458 212749.5583 219846.7981 222138.5726 224754.0670 227306.0264 231010.5225 237702.8007 244558.5982 253923.2938 269068.0919 281078.1058 307260.1661 334312.3475 370070.8458 386198.5851 450266.1849 474877.2159 478413.8516 490238.4086 520171.6972 538169.2222 568836.5807 657599.7821 687988.3175 821012.4517 911258.8660 985021.0728 1210805.439 1414156.196 1669718.761 1834866.067 2376085.331 3147081.340 3398837.922 7438173.075 11441682.14
