    unsorted:	 189952.8375 187871.0007 196285.9874 193790.2433 182544.2407 178032.6888 206258.0285 206601.6545 210299.5771 211336.9097 213607.7274 218116.9088 219942.2377 222097.5627 169229.8235 171191.9541 166507.2131 159999.0725 158473.4656 150724.3944 232152.7214 233682.3858 143558.5866 136498.4578 125024.4571 119843.8166 112204.3553 252929.5409 254682.9489 104805.5836 86432.20012 79658.06320 75088.28988 62196.87839 52212.52670 44535.55086 43077.28203 23213.06842 12788.19955 10228.38976 9427.697174 370074.3695 368743.5872 575855.2377 5557363.284 5560754.251 5571384.385 5608525.269 5615101.418 5623076.099 5536211.401 5646148.374 5500857.089 5481492.659 5685700.747 5420992.048 5711575.792 5384828.559 5366831.789 5289783.258 5267889.335 5211310.720 5170332.223 5839537.642 5911816.491 5077706.561 6014140.660 4910762.120 6139932.587 4683530.812 6293297.318 6685503.622 10280393.72 2049770059.
      sorted:	 9427.697174 10228.38976 12788.19955 23213.06842 43077.28203 44535.55086 52212.52670 62196.87839 75088.28988 79658.06320 86432.20012 104805.5836 112204.3553 119843.8166 125024.4571 136498.4578 143558.5866 150724.3944 158473.4656 159999.0725 166507.2131 169229.8235 171191.9541 178032.6888 182544.2407 187871.0007 189952.8375 193790.2433 196285.9874 206258.0285 206601.6545 210299.5771 211336.9097 213607.7274 218116.9088 219942.2377 222097.5627 232152.7214 233682.3858 252929.5409 254682.9489 368743.5872 370074.3695 575855.2377 4683530.812 4910762.120 5077706.561 5170332.223 5211310.720 5267889.335 5289783.258 5366831.789 5384828.559 5420992.048 5481492.659 5500857.089 5536211.401 5557363.284 5560754.251 5571384.385 5608525.269 5615101.418 5623076.099 5646148.374 5685700.747 5711575.792 5839537.642 5911816.491 6014140.660 6139932.587 6293297.318 6685503.622 10280393.72 2049770059.
