    unsorted:	 198494.9994 198833.4713 197405.7104 201703.9989 203228.6894 203817.3539 205752.3929 193095.9507 189401.2101 188637.5908 187443.3579 213712.3285 216033.8630 220078.9889 179183.0048 224302.0212 226386.4499 227340.3758 170443.5847 167254.5599 164668.7519 163014.0682 237305.7374 241136.0198 247424.7593 152173.1279 141517.4078 131446.5774 126151.0075 264909.9219 116126.9179 269076.3752 107554.6935 97756.59449 86798.78023 77009.95008 69863.71544 57533.09088 52851.19433 286841.1867 41602.42027 36485.84786 33889.64189 31762.02488 21371.08140 20336.54470 13451.08310 12371.31453 6804.668316 456.6551797 325221.1364 370073.1144 392116.2985 431719.2417 454928.1032 467163.1664 487040.3766 514832.7147 537084.3443 554127.3438 633709.6787 672626.5737 803938.9696 860419.1503 978107.6104 1200626.050 1355850.964 1629670.093 1782127.982 2326193.303 3079628.067 3531938.888 7237933.064 11272519.86
      sorted:	 456.6551797 6804.668316 12371.31453 13451.08310 20336.54470 21371.08140 31762.02488 33889.64189 36485.84786 41602.42027 52851.19433 57533.09088 69863.71544 77009.95008 86798.78023 97756.59449 107554.6935 116126.9179 126151.0075 131446.5774 141517.4078 152173.1279 163014.0682 164668.7519 167254.5599 170443.5847 179183.0048 187443.3579 188637.5908 189401.2101 193095.9507 197405.7104 198494.9994 198833.4713 201703.9989 203228.6894 203817.3539 205752.3929 213712.3285 216033.8630 220078.9889 224302.0212 226386.4499 227340.3758 237305.7374 241136.0198 247424.7593 264909.9219 269076.3752 286841.1867 325221.1364 370073.1144 392116.2985 431719.2417 454928.1032 467163.1664 487040.3766 514832.7147 537084.3443 554127.3438 633709.6787 672626.5737 803938.9696 860419.1503 978107.6104 1200626.050 1355850.964 1629670.093 1782127.982 2326193.303 3079628.067 3531938.888 7237933.064 11272519.86
