    unsorted:	 25.00000000 25.00000000 25.00000000 25.00000000 25.00000000 195653.9398 196109.6612 193382.1748 199649.2295 201218.2011 189247.2592 188860.7870 205153.1100 207920.8312 215144.2051 177297.9778 173502.1622 172982.2813 223713.8763 226370.0634 230142.0920 232107.3452 165372.7754 156124.6985 152434.8002 249140.6792 137965.6935 132845.0076 128232.8144 252884.0763 257999.7207 118016.6425 107178.0516 93735.35886 84481.36808 73290.03396 63973.45544 278973.5038 52963.09342 50888.54878 43413.84326 37448.48314 31555.90569 25045.80091 22156.70125 260.4703815 188.8841149 478.7250581 651.9266769 1037.968864 16434.01210 13735.61457 7216.182090 286923.3158 295625.2883 316664.3359 323703.8378 356243.0410 394451.7907 474484.1759 525515.6109 559774.7189 567513.0999 592665.3943 631311.1905 675950.9995 776730.0677 845151.4632 1022907.037 1080627.458 1234191.595 1509144.740 1703875.101 2036898.189 2223908.200 2805626.583 3557722.251 4094797.046 4843076.489 10759837.37
      sorted:	 25.00000000 25.00000000 25.00000000 25.00000000 25.00000000 188.8841149 260.4703815 478.7250581 651.9266769 1037.968864 7216.182090 13735.61457 16434.01210 22156.70125 25045.80091 31555.90569 37448.48314 43413.84326 50888.54878 52963.09342 63973.45544 73290.03396 84481.36808 93735.35886 107178.0516 118016.6425 128232.8144 132845.0076 137965.6935 152434.8002 156124.6985 165372.7754 172982.2813 173502.1622 177297.9778 188860.7870 189247.2592 193382.1748 195653.9398 196109.6612 199649.2295 201218.2011 205153.1100 207920.8312 215144.2051 223713.8763 226370.0634 230142.0920 232107.3452 249140.6792 252884.0763 257999.7207 278973.5038 286923.3158 295625.2883 316664.3359 323703.8378 356243.0410 394451.7907 474484.1759 525515.6109 559774.7189 567513.0999 592665.3943 631311.1905 675950.9995 776730.0677 845151.4632 1022907.037 1080627.458 1234191.595 1509144.740 1703875.101 2036898.189 2223908.200 2805626.583 3557722.251 4094797.046 4843076.489 10759837.37
