    unsorted:	 204432.9128 204050.0777 206275.3046 196715.8299 198154.9037 190991.4769 191758.5421 189722.5620 212623.4197 184031.3974 181404.2527 174781.8818 216592.9419 223778.7248 224273.0655 222016.2174 226966.3387 229592.0460 172715.8522 167230.0680 165981.3834 163744.1421 233394.1973 153559.1380 149490.8542 241290.0545 134717.8082 251383.0559 128035.2927 117238.8438 269415.0587 101388.1481 274588.8053 93362.75419 84439.89674 78517.94046 66377.06951 58311.65974 48079.19288 43545.55259 40986.45043 35453.40582 32416.89425 22365.89109 21242.39511 13462.90727 12748.94654 7037.908585 296796.9072 452.6018291 327793.3656 370066.7388 385883.3673 435726.4675 468140.8713 475526.3095 488953.3038 518752.1042 538107.1955 566537.8587 649029.0159 683381.5880 817549.2725 898676.0366 996198.7297 1209822.154 1403866.097 1659285.505 1809988.412 2346651.977 3090901.745 3478304.765 7426980.964 11373420.15
      sorted:	 452.6018291 7037.908585 12748.94654 13462.90727 21242.39511 22365.89109 32416.89425 35453.40582 40986.45043 43545.55259 48079.19288 58311.65974 66377.06951 78517.94046 84439.89674 93362.75419 101388.1481 117238.8438 128035.2927 134717.8082 149490.8542 153559.1380 163744.1421 165981.3834 167230.0680 172715.8522 174781.8818 181404.2527 184031.3974 189722.5620 190991.4769 191758.5421 196715.8299 198154.9037 204050.0777 204432.9128 206275.3046 212623.4197 216592.9419 222016.2174 223778.7248 224273.0655 226966.3387 229592.0460 233394.1973 241290.0545 251383.0559 269415.0587 274588.8053 296796.9072 327793.3656 370066.7388 385883.3673 435726.4675 468140.8713 475526.3095 488953.3038 518752.1042 538107.1955 566537.8587 649029.0159 683381.5880 817549.2725 898676.0366 996198.7297 1209822.154 1403866.097 1659285.505 1809988.412 2346651.977 3090901.745 3478304.765 7426980.964 11373420.15
