    unsorted:	 25.00000000 25.00000000 25.00000000 25.00000000 25.00000000 199354.3755 196663.6469 201190.6599 195073.1724 193449.6041 205377.9145 190302.4079 207044.6573 182561.3698 180745.0306 211249.5607 213522.7977 215933.7784 175083.6872 172593.8224 165106.0844 167159.9562 159348.8544 230434.4875 241441.1903 239820.3250 147701.1164 140759.5049 250330.9726 253715.7029 131965.3813 120053.0338 108943.9974 95417.30768 276285.8828 84496.20111 74878.66892 65191.34070 52797.23625 50092.43120 44065.58168 39856.18851 32328.71206 25690.84604 23072.69065 263.5832330 189.9032925 481.1837242 651.2839977 1037.809061 16824.69909 13748.38284 7255.172074 284912.7588 295457.9210 317275.7506 318010.5210 353063.5693 393319.2620 477716.7382 522553.2349 567574.6333 584175.8749 603820.9394 644990.0488 694155.1249 791430.8395 851040.7892 1040630.997 1136313.275 1262932.332 1525691.154 1778422.928 2120853.405 2307683.216 2835126.273 3572803.365 4214303.098 4828434.325 11373294.12
      sorted:	 25.00000000 25.00000000 25.00000000 25.00000000 25.00000000 189.9032925 263.5832330 481.1837242 651.2839977 1037.809061 7255.172074 13748.38284 16824.69909 23072.69065 25690.84604 32328.71206 39856.18851 44065.58168 50092.43120 52797.23625 65191.34070 74878.66892 84496.20111 95417.30768 108943.9974 120053.0338 131965.3813 140759.5049 147701.1164 159348.8544 165106.0844 167159.9562 172593.8224 175083.6872 180745.0306 182561.3698 190302.4079 193449.6041 195073.1724 196663.6469 199354.3755 201190.6599 205377.9145 207044.6573 211249.5607 213522.7977 215933.7784 230434.4875 239820.3250 241441.1903 250330.9726 253715.7029 276285.8828 284912.7588 295457.9210 317275.7506 318010.5210 353063.5693 393319.2620 477716.7382 522553.2349 567574.6333 584175.8749 603820.9394 644990.0488 694155.1249 791430.8395 851040.7892 1040630.997 1136313.275 1262932.332 1525691.154 1778422.928 2120853.405 2307683.216 2835126.273 3572803.365 4214303.098 4828434.325 11373294.12
