    unsorted:	 25.00000000 25.00000000 25.00000000 25.00000000 25.00000000 189981.2231 189670.1656 190946.3932 192464.6478 196203.4745 201665.9382 202777.4590 208700.2660 213383.9129 215597.9968 220924.2726 173004.0038 174857.5077 170764.1817 228752.6330 229490.6135 230334.5554 236084.5383 161133.7474 159076.7071 152673.5262 144436.1347 247077.1727 251632.8866 136934.5842 124848.6655 114982.5619 106953.6162 94945.02190 272785.2746 85052.53498 74177.66848 63922.53219 53663.65792 49198.23486 45650.75864 40578.16941 28752.25503 24123.52068 22769.71934 16379.62547 262.0606795 179.6762421 495.8723209 645.9421002 1028.830781 13565.23196 7097.769794 281684.9040 292323.5992 324404.4217 317615.3692 350699.8937 392378.2739 476646.1228 526473.8261 560836.9086 565890.5904 590141.4066 632472.9046 673927.6069 771598.8619 838326.9451 1019346.191 1102144.109 1246547.054 1523499.892 1726230.227 2060222.186 2249970.505 2851281.561 3575389.086 4143240.134 4825195.686 11139090.57
      sorted:	 25.00000000 25.00000000 25.00000000 25.00000000 25.00000000 179.6762421 262.0606795 495.8723209 645.9421002 1028.830781 7097.769794 13565.23196 16379.62547 22769.71934 24123.52068 28752.25503 40578.16941 45650.75864 49198.23486 53663.65792 63922.53219 74177.66848 85052.53498 94945.02190 106953.6162 114982.5619 124848.6655 136934.5842 144436.1347 152673.5262 159076.7071 161133.7474 170764.1817 173004.0038 174857.5077 189670.1656 189981.2231 190946.3932 192464.6478 196203.4745 201665.9382 202777.4590 208700.2660 213383.9129 215597.9968 220924.2726 228752.6330 229490.6135 230334.5554 236084.5383 247077.1727 251632.8866 272785.2746 281684.9040 292323.5992 317615.3692 324404.4217 350699.8937 392378.2739 476646.1228 526473.8261 560836.9086 565890.5904 590141.4066 632472.9046 673927.6069 771598.8619 838326.9451 1019346.191 1102144.109 1246547.054 1523499.892 1726230.227 2060222.186 2249970.505 2851281.561 3575389.086 4143240.134 4825195.686 11139090.57
