    unsorted:	 199820.0387 198511.9478 198150.9789 195654.6804 202232.3527 206057.9822 191978.3526 187693.1271 185510.2924 183423.9425 209766.2465 211907.1490 176397.6032 171793.3348 169692.5158 223916.9564 223473.7291 226657.2834 230575.1139 231773.9606 161580.5142 159175.0517 240695.0411 240894.2450 151432.5211 145979.9002 250063.1431 132997.7081 120581.3340 112787.1945 104786.7503 98165.50856 267692.9834 271940.9837 84045.25568 77145.36557 70519.32580 60689.54658 56504.84784 43869.66571 40740.52575 34674.82020 30608.70803 22655.96359 20984.06895 13453.59025 12521.35520 6880.956927 291800.7521 446.4595056 326984.1561 370069.0386 385218.3140 426167.7188 455718.2208 460615.6475 478328.8178 509164.8319 537281.1751 548180.1109 629314.1186 670163.9197 804109.5680 868447.2125 973262.5943 1200140.743 1373630.558 1640073.611 1794628.556 2346868.131 3060978.246 3505051.635 7297731.628 11215756.53
      sorted:	 446.4595056 6880.956927 12521.35520 13453.59025 20984.06895 22655.96359 30608.70803 34674.82020 40740.52575 43869.66571 56504.84784 60689.54658 70519.32580 77145.36557 84045.25568 98165.50856 104786.7503 112787.1945 120581.3340 132997.7081 145979.9002 151432.5211 159175.0517 161580.5142 169692.5158 171793.3348 176397.6032 183423.9425 185510.2924 187693.1271 191978.3526 195654.6804 198150.9789 198511.9478 199820.0387 202232.3527 206057.9822 209766.2465 211907.1490 223473.7291 223916.9564 226657.2834 230575.1139 231773.9606 240695.0411 240894.2450 250063.1431 267692.9834 271940.9837 291800.7521 326984.1561 370069.0386 385218.3140 426167.7188 455718.2208 460615.6475 478328.8178 509164.8319 537281.1751 548180.1109 629314.1186 670163.9197 804109.5680 868447.2125 973262.5943 1200140.743 1373630.558 1640073.611 1794628.556 2346868.131 3060978.246 3505051.635 7297731.628 11215756.53
