    unsorted:	 197000.2062 199946.8063 201269.0542 204672.9158 191467.3751 189616.6481 187812.1461 212235.1751 214422.0873 216032.5379 220748.9773 222449.5337 225896.4127 226811.1808 177491.6845 169159.7879 163720.1824 160791.4728 159320.7947 151471.3774 148160.8514 142682.0180 136070.3157 241266.7269 125983.5622 118979.4077 113771.9371 252118.1626 257162.7613 103948.4519 85521.78172 83480.82754 72859.86765 58407.73556 45470.72408 42978.65074 35767.16650 24153.41517 15022.61677 10419.33218 6139.802883 370059.4645 368820.8639 576289.1645 5567410.493 5559583.943 5574963.824 5611834.660 5617286.804 5624975.413 5540109.064 5646480.854 5504744.442 5484381.562 5686792.187 5427038.450 5706729.446 5390896.276 5370621.994 5292568.965 5309487.964 5270562.861 5836163.595 5170448.651 5911982.817 5106409.663 5988144.657 4921059.336 6135569.954 4709004.053 6302264.959 6734425.814 10164930.09 2053517690.
      sorted:	 6139.802883 10419.33218 15022.61677 24153.41517 35767.16650 42978.65074 45470.72408 58407.73556 72859.86765 83480.82754 85521.78172 103948.4519 113771.9371 118979.4077 125983.5622 136070.3157 142682.0180 148160.8514 151471.3774 159320.7947 160791.4728 163720.1824 169159.7879 177491.6845 187812.1461 189616.6481 191467.3751 197000.2062 199946.8063 201269.0542 204672.9158 212235.1751 214422.0873 216032.5379 220748.9773 222449.5337 225896.4127 226811.1808 241266.7269 252118.1626 257162.7613 368820.8639 370059.4645 576289.1645 4709004.053 4921059.336 5106409.663 5170448.651 5270562.861 5292568.965 5309487.964 5370621.994 5390896.276 5427038.450 5484381.562 5504744.442 5540109.064 5559583.943 5567410.493 5574963.824 5611834.660 5617286.804 5624975.413 5646480.854 5686792.187 5706729.446 5836163.595 5911982.817 5988144.657 6135569.954 6302264.959 6734425.814 10164930.09 2053517690.
