    unsorted:	 198444.6833 199809.4992 196849.7867 202191.3191 204867.9912 190469.6885 191997.9396 188191.9534 209585.3843 179096.6043 179413.3761 180657.5679 214119.1582 216198.9445 218595.0066 219712.2306 168822.3180 168023.0808 228285.9922 162885.5301 230429.5284 158509.0196 153069.5875 237728.9742 145585.7231 242799.5921 136133.7049 250115.3642 127329.7957 119877.8267 107833.6871 100428.6928 268664.7058 92342.97575 275235.0819 78496.33383 69137.65390 58045.62975 52275.40130 43252.36308 39907.47127 34264.87290 29448.17435 21818.35963 20784.28300 13456.11760 12633.33466 6972.850891 300838.8864 377.0839210 330529.6177 370067.5524 388248.8183 445421.4882 467631.7905 474114.5788 489181.8240 518035.3669 537854.8230 562181.5030 645885.3592 680736.9399 815931.8705 898888.0034 983502.2784 1204359.412 1411861.345 1676184.043 1839122.504 2366255.096 3170259.327 3425212.789 7458301.252 11467688.62
      sorted:	 377.0839210 6972.850891 12633.33466 13456.11760 20784.28300 21818.35963 29448.17435 34264.87290 39907.47127 43252.36308 52275.40130 58045.62975 69137.65390 78496.33383 92342.97575 100428.6928 107833.6871 119877.8267 127329.7957 136133.7049 145585.7231 153069.5875 158509.0196 162885.5301 168023.0808 168822.3180 179096.6043 179413.3761 180657.5679 188191.9534 190469.6885 191997.9396 196849.7867 198444.6833 199809.4992 202191.3191 204867.9912 209585.3843 214119.1582 216198.9445 218595.0066 219712.2306 228285.9922 230429.5284 237728.9742 242799.5921 250115.3642 268664.7058 275235.0819 300838.8864 330529.6177 370067.5524 388248.8183 445421.4882 467631.7905 474114.5788 489181.8240 518035.3669 537854.8230 562181.5030 645885.3592 680736.9399 815931.8705 898888.0034 983502.2784 1204359.412 1411861.345 1676184.043 1839122.504 2366255.096 3170259.327 3425212.789 7458301.252 11467688.62
