    unsorted:	 25.00000000 25.00000000 25.00000000 25.00000000 25.00000000 192901.5606 193909.4779 195056.8517 197941.0587 200914.0387 204360.4926 206490.2906 207011.4467 208112.7217 214622.5225 182496.5636 219594.6003 223221.6647 174745.1493 173509.7864 227023.2606 164959.2804 161732.8466 232531.6246 236405.3533 156066.0262 147916.3107 245436.8030 139870.2693 252368.4982 129339.3379 117422.9536 106279.2608 92152.52771 84913.31707 273187.5176 72159.41584 62944.26643 51638.92353 46190.16448 42582.39542 35797.69174 30154.09122 24770.81304 22533.33786 258.9701894 182.8450561 492.7481537 648.1501871 1025.339388 16168.46189 13657.89065 7237.766686 282557.9816 294962.0603 318160.7327 327452.8437 355283.2866 395409.3119 475685.6810 532841.8840 557442.5900 572810.6995 594284.2752 632243.5674 677744.4112 775063.7250 837328.9987 1002034.175 1064853.885 1220934.975 1485215.032 1664907.561 2002682.164 2192102.564 2777870.465 3516354.649 4024575.978 4805040.085 10462528.00
      sorted:	 25.00000000 25.00000000 25.00000000 25.00000000 25.00000000 182.8450561 258.9701894 492.7481537 648.1501871 1025.339388 7237.766686 13657.89065 16168.46189 22533.33786 24770.81304 30154.09122 35797.69174 42582.39542 46190.16448 51638.92353 62944.26643 72159.41584 84913.31707 92152.52771 106279.2608 117422.9536 129339.3379 139870.2693 147916.3107 156066.0262 161732.8466 164959.2804 173509.7864 174745.1493 182496.5636 192901.5606 193909.4779 195056.8517 197941.0587 200914.0387 204360.4926 206490.2906 207011.4467 208112.7217 214622.5225 219594.6003 223221.6647 227023.2606 232531.6246 236405.3533 245436.8030 252368.4982 273187.5176 282557.9816 294962.0603 318160.7327 327452.8437 355283.2866 395409.3119 475685.6810 532841.8840 557442.5900 572810.6995 594284.2752 632243.5674 677744.4112 775063.7250 837328.9987 1002034.175 1064853.885 1220934.975 1485215.032 1664907.561 2002682.164 2192102.564 2777870.465 3516354.649 4024575.978 4805040.085 10462528.00
