    unsorted:	 201830.0979 201637.9900 203768.6765 195759.3792 194944.5493 193295.2938 192462.6147 189936.3215 208279.0072 184407.0870 213145.7822 179696.1461 216879.9543 219095.7051 174209.6545 168257.3902 167352.5087 224037.6525 226031.3203 162308.9126 159855.8135 233792.7354 236822.4973 240408.0485 150597.1855 146942.7392 248199.9381 134585.3433 126587.9419 117492.1789 266249.1144 268617.2127 103793.7606 97242.89169 80089.31326 76093.76063 75054.95952 61369.52665 55821.94792 44582.28848 40574.95060 34192.04986 30055.86839 24118.28273 20564.40819 13451.14607 12373.73145 293008.7027 6871.144878 382.4566157 329140.4023 370065.2772 388113.8665 438010.7344 466489.1475 470922.7222 486351.8032 514396.5737 537205.3834 559237.0794 641334.6048 678452.4277 809335.9896 889791.2638 986370.9318 1214292.709 1388995.162 1651386.614 1798615.646 2349827.429 3056523.682 3471855.944 7322641.989 11211313.52
      sorted:	 382.4566157 6871.144878 12373.73145 13451.14607 20564.40819 24118.28273 30055.86839 34192.04986 40574.95060 44582.28848 55821.94792 61369.52665 75054.95952 76093.76063 80089.31326 97242.89169 103793.7606 117492.1789 126587.9419 134585.3433 146942.7392 150597.1855 159855.8135 162308.9126 167352.5087 168257.3902 174209.6545 179696.1461 184407.0870 189936.3215 192462.6147 193295.2938 194944.5493 195759.3792 201637.9900 201830.0979 203768.6765 208279.0072 213145.7822 216879.9543 219095.7051 224037.6525 226031.3203 233792.7354 236822.4973 240408.0485 248199.9381 266249.1144 268617.2127 293008.7027 329140.4023 370065.2772 388113.8665 438010.7344 466489.1475 470922.7222 486351.8032 514396.5737 537205.3834 559237.0794 641334.6048 678452.4277 809335.9896 889791.2638 986370.9318 1214292.709 1388995.162 1651386.614 1798615.646 2349827.429 3056523.682 3471855.944 7322641.989 11211313.52
