    unsorted:	 25.00000000 25.00000000 25.00000000 25.00000000 25.00000000 199882.0921 201481.4980 202818.6087 194793.3165 194962.7622 191610.8274 204809.8967 205970.1544 188666.7989 178522.7137 213630.3297 177457.1499 218430.0898 225596.6839 223621.6624 173579.7855 228969.5536 167113.1113 236300.1202 236527.1551 162088.8667 157070.8527 151256.4256 246214.2050 140307.4286 127845.0887 115845.3595 264607.3892 263808.8951 106476.6808 91835.10968 78355.55510 70089.29563 61845.93298 51721.22621 48531.28151 41823.18718 38761.01443 32674.64186 261.6401812 161.5411493 496.9025515 648.8835515 972.6440647 24370.78934 21855.96041 16690.23750 13176.42595 7094.407417 294141.8191 309531.3648 318514.1332 351433.2315 393447.2864 474440.8886 518128.7345 558595.0061 562919.8529 587854.4029 632731.1488 672451.3096 769891.3163 838465.2404 1015693.293 1080584.654 1232059.425 1514112.022 1714340.605 2045673.747 2227340.696 2809326.270 3508159.499 4086658.315 4812261.854 10559154.65
      sorted:	 25.00000000 25.00000000 25.00000000 25.00000000 25.00000000 161.5411493 261.6401812 496.9025515 648.8835515 972.6440647 7094.407417 13176.42595 16690.23750 21855.96041 24370.78934 32674.64186 38761.01443 41823.18718 48531.28151 51721.22621 61845.93298 70089.29563 78355.55510 91835.10968 106476.6808 115845.3595 127845.0887 140307.4286 151256.4256 157070.8527 162088.8667 167113.1113 173579.7855 177457.1499 178522.7137 188666.7989 191610.8274 194793.3165 194962.7622 199882.0921 201481.4980 202818.6087 204809.8967 205970.1544 213630.3297 218430.0898 223621.6624 225596.6839 228969.5536 236300.1202 236527.1551 246214.2050 263808.8951 264607.3892 294141.8191 309531.3648 318514.1332 351433.2315 393447.2864 474440.8886 518128.7345 558595.0061 562919.8529 587854.4029 632731.1488 672451.3096 769891.3163 838465.2404 1015693.293 1080584.654 1232059.425 1514112.022 1714340.605 2045673.747 2227340.696 2809326.270 3508159.499 4086658.315 4812261.854 10559154.65
