    unsorted:	 25.00000000 25.00000000 25.00000000 25.00000000 25.00000000 203192.0969 202179.5367 191532.2762 190232.9284 193728.3088 197809.6330 183857.8249 206811.5334 211266.7416 218797.7922 222670.8086 225911.0301 228132.7153 232844.1113 231454.6000 174316.7790 175000.6829 168649.3650 163499.1588 165353.8944 157050.3198 236393.5569 148880.0368 138937.7011 252023.3056 130399.7838 118988.9166 105435.4061 270839.7295 274097.9072 89997.82236 83632.11316 70737.87743 61560.19130 51344.95238 49177.92995 42866.53439 40043.29385 33019.10351 25393.70339 22628.52061 262.3888004 182.0290107 494.3741247 649.2393745 1017.071230 16598.10400 13571.92547 7227.470746 297402.9528 315478.1545 323120.7626 357433.8516 392363.0131 474511.3147 526533.0870 567858.4701 573991.1516 599042.9750 642819.3065 688325.2384 787530.1598 845418.1116 1018742.899 1094829.381 1257110.637 1521944.342 1731750.741 2056258.182 2231972.705 2795643.503 3534363.170 4099808.528 4817064.614 11064520.05
      sorted:	 25.00000000 25.00000000 25.00000000 25.00000000 25.00000000 182.0290107 262.3888004 494.3741247 649.2393745 1017.071230 7227.470746 13571.92547 16598.10400 22628.52061 25393.70339 33019.10351 40043.29385 42866.53439 49177.92995 51344.95238 61560.19130 70737.87743 83632.11316 89997.82236 105435.4061 118988.9166 130399.7838 138937.7011 148880.0368 157050.3198 163499.1588 165353.8944 168649.3650 174316.7790 175000.6829 183857.8249 190232.9284 191532.2762 193728.3088 197809.6330 202179.5367 203192.0969 206811.5334 211266.7416 218797.7922 222670.8086 225911.0301 228132.7153 231454.6000 232844.1113 236393.5569 252023.3056 270839.7295 274097.9072 297402.9528 315478.1545 323120.7626 357433.8516 392363.0131 474511.3147 526533.0870 567858.4701 573991.1516 599042.9750 642819.3065 688325.2384 787530.1598 845418.1116 1018742.899 1094829.381 1257110.637 1521944.342 1731750.741 2056258.182 2231972.705 2795643.503 3534363.170 4099808.528 4817064.614 11064520.05
