    unsorted:	 202512.4262 203058.8632 201823.8942 204649.5228 199973.9140 195668.1463 192588.7970 189571.3006 188382.9178 185553.0455 183602.7910 210058.9889 179626.8695 214953.3228 172276.1460 168418.4241 165440.3386 163403.6818 222680.1369 225811.2840 228671.5066 232330.2336 153629.6517 237802.3806 238614.7366 148501.3534 251831.9320 136484.3315 127504.7255 119532.2560 263168.6281 109716.9563 271067.2982 100625.0411 88366.09944 78063.93662 68924.49586 286955.7824 57467.57714 50216.67044 40824.85735 37132.53704 34040.84544 31374.82700 21190.41420 20045.00506 13458.92725 12566.04219 6915.600260 447.5716576 327333.2872 370068.4717 386119.5601 425033.4786 461391.3234 470371.0946 486076.8162 514705.5766 538227.8247 557441.5218 639891.7239 679776.9320 819031.3356 901765.1986 990738.5882 1203483.127 1393803.718 1664198.284 1826678.701 2352045.483 3131762.057 3530177.779 7405198.027 11466940.32
      sorted:	 447.5716576 6915.600260 12566.04219 13458.92725 20045.00506 21190.41420 31374.82700 34040.84544 37132.53704 40824.85735 50216.67044 57467.57714 68924.49586 78063.93662 88366.09944 100625.0411 109716.9563 119532.2560 127504.7255 136484.3315 148501.3534 153629.6517 163403.6818 165440.3386 168418.4241 172276.1460 179626.8695 183602.7910 185553.0455 188382.9178 189571.3006 192588.7970 195668.1463 199973.9140 201823.8942 202512.4262 203058.8632 204649.5228 210058.9889 214953.3228 222680.1369 225811.2840 228671.5066 232330.2336 237802.3806 238614.7366 251831.9320 263168.6281 271067.2982 286955.7824 327333.2872 370068.4717 386119.5601 425033.4786 461391.3234 470371.0946 486076.8162 514705.5766 538227.8247 557441.5218 639891.7239 679776.9320 819031.3356 901765.1986 990738.5882 1203483.127 1393803.718 1664198.284 1826678.701 2352045.483 3131762.057 3530177.779 7405198.027 11466940.32
