    unsorted:	 199278.3914 194238.1149 194403.0069 197440.8938 202815.3477 206933.8668 209059.2463 210015.7395 210747.8054 187405.9096 185924.1146 181742.3111 176123.8748 172055.2866 170338.2420 220220.0959 228661.7389 228472.5639 162969.3130 161161.0629 233212.4343 236768.5805 237832.9819 154701.9218 243371.3386 149653.1743 137728.4611 253496.5671 132159.5153 120235.6398 274436.2988 276027.6048 103903.4155 97888.07866 89504.86373 80292.07987 75233.51738 59793.27985 49164.54482 42530.92655 39219.68353 35328.58113 30104.31774 23855.01742 21981.95896 13475.69988 13026.06224 7158.968440 302985.6604 447.1195775 333110.5369 370067.5280 389441.8431 445857.2010 473383.9379 477907.2216 492322.0963 521945.5546 538129.1752 569908.5232 655725.7934 684921.1607 819864.3732 912208.4187 985438.2096 1209699.511 1421477.476 1672248.878 1839294.262 2368256.702 3161590.655 3434338.298 7478367.997 11456163.79
      sorted:	 447.1195775 7158.968440 13026.06224 13475.69988 21981.95896 23855.01742 30104.31774 35328.58113 39219.68353 42530.92655 49164.54482 59793.27985 75233.51738 80292.07987 89504.86373 97888.07866 103903.4155 120235.6398 132159.5153 137728.4611 149653.1743 154701.9218 161161.0629 162969.3130 170338.2420 172055.2866 176123.8748 181742.3111 185924.1146 187405.9096 194238.1149 194403.0069 197440.8938 199278.3914 202815.3477 206933.8668 209059.2463 210015.7395 210747.8054 220220.0959 228472.5639 228661.7389 233212.4343 236768.5805 237832.9819 243371.3386 253496.5671 274436.2988 276027.6048 302985.6604 333110.5369 370067.5280 389441.8431 445857.2010 473383.9379 477907.2216 492322.0963 521945.5546 538129.1752 569908.5232 655725.7934 684921.1607 819864.3732 912208.4187 985438.2096 1209699.511 1421477.476 1672248.878 1839294.262 2368256.702 3161590.655 3434338.298 7478367.997 11456163.79
