    unsorted:	 210210.9698 212753.7463 198209.2909 199408.9108 201943.4291 193517.0825 183852.8029 184573.6767 215787.3350 218150.0596 221062.7342 225259.6262 176199.2076 170823.3069 169066.4203 162442.2938 230890.3593 231359.9180 157551.8765 153351.0529 150060.7844 140563.7065 243469.9009 245224.0459 134369.2689 122899.9628 120733.8449 253358.6411 107733.5629 102567.7031 90967.62227 86202.72075 73767.07609 60016.89701 49517.05764 40856.66591 38724.04487 22327.66946 19133.31345 9857.154219 7301.031068 370063.3874 368820.6649 575805.3548 5618245.335 5612495.590 5623908.150 5567538.031 5560138.920 5576865.761 5534323.729 5652415.405 5500949.271 5482183.305 5687317.331 5419314.474 5718498.270 5384399.047 5361117.965 5304801.656 5278356.699 5228028.851 5832914.959 5155854.290 5093756.227 5938086.124 6014796.197 4898105.559 6165889.125 4675424.478 6339385.834 6763838.766 10192366.77 2051227265.
      sorted:	 7301.031068 9857.154219 19133.31345 22327.66946 38724.04487 40856.66591 49517.05764 60016.89701 73767.07609 86202.72075 90967.62227 102567.7031 107733.5629 120733.8449 122899.9628 134369.2689 140563.7065 150060.7844 153351.0529 157551.8765 162442.2938 169066.4203 170823.3069 176199.2076 183852.8029 184573.6767 193517.0825 198209.2909 199408.9108 201943.4291 210210.9698 212753.7463 215787.3350 218150.0596 221062.7342 225259.6262 230890.3593 231359.9180 243469.9009 245224.0459 253358.6411 368820.6649 370063.3874 575805.3548 4675424.478 4898105.559 5093756.227 5155854.290 5228028.851 5278356.699 5304801.656 5361117.965 5384399.047 5419314.474 5482183.305 5500949.271 5534323.729 5560138.920 5567538.031 5576865.761 5612495.590 5618245.335 5623908.150 5652415.405 5687317.331 5718498.270 5832914.959 5938086.124 6014796.197 6165889.125 6339385.834 6763838.766 10192366.77 2051227265.
