    unsorted:	 186403.5302 187698.2196 190784.4069 193684.8214 195917.5817 178604.5465 203897.8399 205646.9249 210589.3072 213060.7929 218860.2681 219836.8306 172663.5560 166905.3049 226524.1594 161076.7089 158238.4502 156220.3719 149988.2578 231487.6437 232349.5201 140293.4983 238397.9860 135526.1788 125929.7155 118345.0255 114618.8602 249921.0667 105124.4263 89665.03863 86004.25360 264503.8851 72038.30565 57421.51119 42631.94285 41479.52543 26950.06691 24567.92326 18018.93195 10046.55716 6641.741906 370058.7741 368853.1764 576453.3709 5561273.137 5564045.474 5572497.436 5610667.115 5617719.143 5628669.203 5536744.943 5644919.348 5507041.039 5486533.361 5675426.434 5430889.519 5704695.752 5394076.911 5377007.075 5306900.277 5298392.202 5257594.333 5825257.410 5175987.426 5113039.698 5907329.788 5982227.296 4942583.541 6116140.991 4701887.201 6283696.280 6678600.656 10097488.72 2053203671.
      sorted:	 6641.741906 10046.55716 18018.93195 24567.92326 26950.06691 41479.52543 42631.94285 57421.51119 72038.30565 86004.25360 89665.03863 105124.4263 114618.8602 118345.0255 125929.7155 135526.1788 140293.4983 149988.2578 156220.3719 158238.4502 161076.7089 166905.3049 172663.5560 178604.5465 186403.5302 187698.2196 190784.4069 193684.8214 195917.5817 203897.8399 205646.9249 210589.3072 213060.7929 218860.2681 219836.8306 226524.1594 231487.6437 232349.5201 238397.9860 249921.0667 264503.8851 368853.1764 370058.7741 576453.3709 4701887.201 4942583.541 5113039.698 5175987.426 5257594.333 5298392.202 5306900.277 5377007.075 5394076.911 5430889.519 5486533.361 5507041.039 5536744.943 5561273.137 5564045.474 5572497.436 5610667.115 5617719.143 5628669.203 5644919.348 5675426.434 5704695.752 5825257.410 5907329.788 5982227.296 6116140.991 6283696.280 6678600.656 10097488.72 2053203671.
