    unsorted:	 25.00000000 25.00000000 25.00000000 25.00000000 25.00000000 196971.9413 197323.5525 192179.3660 187657.4983 189472.3822 201428.3907 206204.8400 206648.7240 205014.4689 211787.7569 180070.5983 175372.1907 174027.5662 218055.9918 222757.6444 228197.0525 165340.9916 162163.6423 155893.9914 231207.6255 234511.6024 236352.9005 149172.0142 139655.1096 254445.0902 129943.7996 118365.3300 105494.2425 269568.1801 273964.2597 90811.56060 78369.56991 69270.28723 62769.88798 55904.89200 52527.12544 43557.04672 38491.59051 34100.13267 261.1950328 169.0147976 480.7176962 644.1326790 984.6163085 24851.55037 22014.09359 16184.81108 13352.35404 7243.389601 297640.5434 315404.7033 322417.8064 359942.0600 396151.3326 469579.4825 524982.0867 549042.2110 562732.0184 584383.6229 625997.9295 666914.4163 760657.4458 833899.6366 999334.2764 1065505.900 1228542.722 1491992.715 1701137.754 2026457.648 2219790.460 2792528.757 3505877.625 4055748.505 4811579.974 10748468.24
      sorted:	 25.00000000 25.00000000 25.00000000 25.00000000 25.00000000 169.0147976 261.1950328 480.7176962 644.1326790 984.6163085 7243.389601 13352.35404 16184.81108 22014.09359 24851.55037 34100.13267 38491.59051 43557.04672 52527.12544 55904.89200 62769.88798 69270.28723 78369.56991 90811.56060 105494.2425 118365.3300 129943.7996 139655.1096 149172.0142 155893.9914 162163.6423 165340.9916 174027.5662 175372.1907 180070.5983 187657.4983 189472.3822 192179.3660 196971.9413 197323.5525 201428.3907 205014.4689 206204.8400 206648.7240 211787.7569 218055.9918 222757.6444 228197.0525 231207.6255 234511.6024 236352.9005 254445.0902 269568.1801 273964.2597 297640.5434 315404.7033 322417.8064 359942.0600 396151.3326 469579.4825 524982.0867 549042.2110 562732.0184 584383.6229 625997.9295 666914.4163 760657.4458 833899.6366 999334.2764 1065505.900 1228542.722 1491992.715 1701137.754 2026457.648 2219790.460 2792528.757 3505877.625 4055748.505 4811579.974 10748468.24
