    unsorted:	 191766.7664 189521.0670 185838.8553 182109.3878 179144.0944 198522.1163 200326.4977 206777.4903 207895.8710 211614.4248 218681.4773 219336.0808 223969.4644 167928.3425 170858.1660 166952.0848 226275.2913 159654.2949 157018.7939 229666.4173 152381.9753 232948.7611 144498.7241 238045.0964 137110.1140 125711.1503 120049.9765 113371.2516 105968.4069 89412.46835 86874.99371 267130.7884 70713.36690 59184.25744 51349.89576 44042.56477 41946.84813 22675.48280 18663.60729 9751.286701 7783.352151 370071.2895 368744.9734 575929.9598 5614657.586 5611265.197 5625537.633 5563159.339 5554910.770 5572189.363 5536016.705 5658432.755 5503520.814 5482119.504 5682343.418 5706995.097 5422377.809 5387808.625 5366502.562 5292441.901 5278149.624 5836907.936 5207734.420 5166941.300 5094812.174 5923317.282 6021687.310 4897085.575 6158163.491 4642008.649 6326190.132 6727025.586 10390965.17 2050090530.
      sorted:	 7783.352151 9751.286701 18663.60729 22675.48280 41946.84813 44042.56477 51349.89576 59184.25744 70713.36690 86874.99371 89412.46835 105968.4069 113371.2516 120049.9765 125711.1503 137110.1140 144498.7241 152381.9753 157018.7939 159654.2949 166952.0848 167928.3425 170858.1660 179144.0944 182109.3878 185838.8553 189521.0670 191766.7664 198522.1163 200326.4977 206777.4903 207895.8710 211614.4248 218681.4773 219336.0808 223969.4644 226275.2913 229666.4173 232948.7611 238045.0964 267130.7884 368744.9734 370071.2895 575929.9598 4642008.649 4897085.575 5094812.174 5166941.300 5207734.420 5278149.624 5292441.901 5366502.562 5387808.625 5422377.809 5482119.504 5503520.814 5536016.705 5554910.770 5563159.339 5572189.363 5611265.197 5614657.586 5625537.633 5658432.755 5682343.418 5706995.097 5836907.936 5923317.282 6021687.310 6158163.491 6326190.132 6727025.586 10390965.17 2050090530.
