    unsorted:	 191287.2016 192928.4522 195892.7539 199178.6878 200133.8990 183700.8984 179369.4446 209092.2420 215612.7443 213399.7696 217532.4535 217870.8940 219613.6498 174461.7331 170761.0463 160123.9018 161866.6432 158404.8337 228013.1666 230853.2622 234804.1788 237553.3478 151364.2949 144336.5815 137236.7255 122089.8805 124181.9654 252693.5677 108905.7974 104812.2991 96818.36015 88092.93141 74623.94301 60348.75223 49137.01205 38571.82178 24178.76177 22100.65261 19145.43195 9923.843698 5370.399044 370070.9093 368819.4012 576394.0051 5559671.043 5562582.106 5574367.912 5614443.241 5616036.537 5624974.664 5540407.395 5646655.354 5503706.507 5483472.395 5686034.495 5424637.871 5708236.615 5390166.240 5365014.760 5302419.564 5291616.281 5237644.609 5825151.217 5176660.003 5101574.470 5926011.635 5989647.779 4925119.897 6120755.940 4690172.170 6305486.053 6727427.450 10088241.62 2050845225.
      sorted:	 5370.399044 9923.843698 19145.43195 22100.65261 24178.76177 38571.82178 49137.01205 60348.75223 74623.94301 88092.93141 96818.36015 104812.2991 108905.7974 122089.8805 124181.9654 137236.7255 144336.5815 151364.2949 158404.8337 160123.9018 161866.6432 170761.0463 174461.7331 179369.4446 183700.8984 191287.2016 192928.4522 195892.7539 199178.6878 200133.8990 209092.2420 213399.7696 215612.7443 217532.4535 217870.8940 219613.6498 228013.1666 230853.2622 234804.1788 237553.3478 252693.5677 368819.4012 370070.9093 576394.0051 4690172.170 4925119.897 5101574.470 5176660.003 5237644.609 5291616.281 5302419.564 5365014.760 5390166.240 5424637.871 5483472.395 5503706.507 5540407.395 5559671.043 5562582.106 5574367.912 5614443.241 5616036.537 5624974.664 5646655.354 5686034.495 5708236.615 5825151.217 5926011.635 5989647.779 6120755.940 6305486.053 6727427.450 10088241.62 2050845225.
