    unsorted:	 25.00000000 25.00000000 25.00000000 25.00000000 25.00000000 201910.6675 202122.2050 202759.8583 203333.0128 198385.0656 205880.4515 208169.3004 191402.3407 189857.6182 187315.8289 181090.6923 217411.9717 223074.3569 168425.2537 170405.6893 166545.4779 225919.5394 158936.7471 154622.0469 233235.6486 235119.9728 141817.2499 138998.8624 129996.0669 120316.1158 109956.5403 257790.9793 260256.9864 99492.47881 87895.06774 74308.98150 53709.94793 64276.05252 49106.75441 45272.56475 40582.43902 29860.91677 24904.35876 22770.77407 262.0869394 206.1367602 475.5082413 653.6727697 1073.884659 16564.08176 13764.89294 7240.457637 282391.8024 297516.9506 295834.0177 320883.6330 323112.8702 353098.0168 397940.6898 484534.3071 527359.4855 565892.1092 570543.9608 596838.5805 642362.0082 680735.6928 776762.4518 848276.8018 1023190.157 1093854.100 1242588.417 1522351.778 1740969.913 2066640.869 2250555.510 2822681.649 3567098.031 4178366.675 4823390.493 11201653.47
      sorted:	 25.00000000 25.00000000 25.00000000 25.00000000 25.00000000 206.1367602 262.0869394 475.5082413 653.6727697 1073.884659 7240.457637 13764.89294 16564.08176 22770.77407 24904.35876 29860.91677 40582.43902 45272.56475 49106.75441 53709.94793 64276.05252 74308.98150 87895.06774 99492.47881 109956.5403 120316.1158 129996.0669 138998.8624 141817.2499 154622.0469 158936.7471 166545.4779 168425.2537 170405.6893 181090.6923 187315.8289 189857.6182 191402.3407 198385.0656 201910.6675 202122.2050 202759.8583 203333.0128 205880.4515 208169.3004 217411.9717 223074.3569 225919.5394 233235.6486 235119.9728 257790.9793 260256.9864 282391.8024 295834.0177 297516.9506 320883.6330 323112.8702 353098.0168 397940.6898 484534.3071 527359.4855 565892.1092 570543.9608 596838.5805 642362.0082 680735.6928 776762.4518 848276.8018 1023190.157 1093854.100 1242588.417 1522351.778 1740969.913 2066640.869 2250555.510 2822681.649 3567098.031 4178366.675 4823390.493 11201653.47
