    unsorted:	 25.00000000 25.00000000 25.00000000 25.00000000 25.00000000 194445.9737 195560.6732 191896.0264 190624.4940 201077.7536 200410.1566 187911.4157 202979.7070 209087.9064 213132.0465 177460.9851 216985.0681 168677.8196 170359.6337 165405.7622 160936.7512 155783.6204 232664.4206 232448.6492 233327.9308 228221.3582 236711.5935 147325.3034 138373.7255 127877.4413 251630.6944 117695.9325 107936.6964 95043.78659 268835.5957 271744.2641 83405.12507 70314.94288 59575.45652 55910.96460 48608.06862 45022.44713 39310.90839 30318.35496 24295.80944 22001.83716 16936.42810 261.8245202 181.6460023 503.8579526 656.9864686 1019.963703 13259.69913 7103.268987 291399.4213 312671.4757 326294.6316 355059.6055 394556.5977 480729.0842 528889.6450 544678.0279 563430.1659 587610.7421 628770.5140 664601.0418 757287.4478 831164.8413 1008531.678 1053115.400 1239062.050 1518395.951 1681466.870 1992769.776 2183665.511 2789389.138 3529906.394 4046206.516 4819530.107 10644742.73
      sorted:	 25.00000000 25.00000000 25.00000000 25.00000000 25.00000000 181.6460023 261.8245202 503.8579526 656.9864686 1019.963703 7103.268987 13259.69913 16936.42810 22001.83716 24295.80944 30318.35496 39310.90839 45022.44713 48608.06862 55910.96460 59575.45652 70314.94288 83405.12507 95043.78659 107936.6964 117695.9325 127877.4413 138373.7255 147325.3034 155783.6204 160936.7512 165405.7622 168677.8196 170359.6337 177460.9851 187911.4157 190624.4940 191896.0264 194445.9737 195560.6732 200410.1566 201077.7536 202979.7070 209087.9064 213132.0465 216985.0681 228221.3582 232448.6492 232664.4206 233327.9308 236711.5935 251630.6944 268835.5957 271744.2641 291399.4213 312671.4757 326294.6316 355059.6055 394556.5977 480729.0842 528889.6450 544678.0279 563430.1659 587610.7421 628770.5140 664601.0418 757287.4478 831164.8413 1008531.678 1053115.400 1239062.050 1518395.951 1681466.870 1992769.776 2183665.511 2789389.138 3529906.394 4046206.516 4819530.107 10644742.73
