    unsorted:	 25.00000000 25.00000000 25.00000000 25.00000000 25.00000000 195253.7303 196390.9032 199398.8256 201551.0999 202607.0412 210700.6508 212073.8689 207389.7075 217713.1021 187528.7497 184526.2315 180138.3326 175161.0156 174230.5847 224163.6652 167457.0046 227064.6538 164357.8065 231297.6264 159709.9496 234742.1447 242407.5528 149614.0559 139043.1818 251375.0423 126795.2915 108864.7882 112026.1533 266366.3120 271595.1942 95560.97384 83347.47818 71849.83913 62463.53458 54525.15936 51012.10358 45877.60306 40361.86925 31402.59021 24995.91438 21709.75002 260.8827779 162.5272459 500.4922514 651.2014831 986.5536259 16659.81272 13721.40686 7265.711550 299899.5177 313209.5315 329542.0708 362393.9853 396691.5945 476646.4284 533035.3743 577433.0962 583340.2636 606678.9687 643400.0127 697069.9207 803066.3838 854868.3854 1030705.780 1103526.900 1235553.006 1498036.734 1716321.155 2059411.877 2246478.456 2795925.274 3535133.037 4083993.973 4815268.140 10813487.63
      sorted:	 25.00000000 25.00000000 25.00000000 25.00000000 25.00000000 162.5272459 260.8827779 500.4922514 651.2014831 986.5536259 7265.711550 13721.40686 16659.81272 21709.75002 24995.91438 31402.59021 40361.86925 45877.60306 51012.10358 54525.15936 62463.53458 71849.83913 83347.47818 95560.97384 108864.7882 112026.1533 126795.2915 139043.1818 149614.0559 159709.9496 164357.8065 167457.0046 174230.5847 175161.0156 180138.3326 184526.2315 187528.7497 195253.7303 196390.9032 199398.8256 201551.0999 202607.0412 207389.7075 210700.6508 212073.8689 217713.1021 224163.6652 227064.6538 231297.6264 234742.1447 242407.5528 251375.0423 266366.3120 271595.1942 299899.5177 313209.5315 329542.0708 362393.9853 396691.5945 476646.4284 533035.3743 577433.0962 583340.2636 606678.9687 643400.0127 697069.9207 803066.3838 854868.3854 1030705.780 1103526.900 1235553.006 1498036.734 1716321.155 2059411.877 2246478.456 2795925.274 3535133.037 4083993.973 4815268.140 10813487.63
