    unsorted:	 201378.5025 202767.9623 206757.4337 210967.6537 212405.0693 193715.2485 195540.4777 219597.5644 218402.5129 220157.4809 185733.5099 180937.0802 176390.8604 174323.0458 171603.9757 161304.0613 159804.9717 154533.3524 150583.2809 229986.4492 232962.5197 142162.4781 139458.3409 241280.1648 242833.4200 248857.5915 129535.0047 122199.6789 119040.5938 108424.7253 89210.76569 85783.44367 70936.99218 58967.48730 49400.40240 40943.36230 27270.11264 22782.01952 17492.96764 9481.136504 6679.877127 370065.8198 368775.9292 575932.5758 5610213.664 5615088.165 5622724.209 5557223.284 5565207.803 5574404.383 5539031.115 5649947.891 5504635.600 5484041.649 5682614.031 5706473.316 5423699.588 5390189.415 5366674.179 5304905.632 5281977.010 5826085.893 5198454.064 5167818.256 5922555.370 5085904.516 5989741.195 4909189.713 6126583.927 4678417.391 6313495.829 6689778.680 10203759.99 2049287498.
      sorted:	 6679.877127 9481.136504 17492.96764 22782.01952 27270.11264 40943.36230 49400.40240 58967.48730 70936.99218 85783.44367 89210.76569 108424.7253 119040.5938 122199.6789 129535.0047 139458.3409 142162.4781 150583.2809 154533.3524 159804.9717 161304.0613 171603.9757 174323.0458 176390.8604 180937.0802 185733.5099 193715.2485 195540.4777 201378.5025 202767.9623 206757.4337 210967.6537 212405.0693 218402.5129 219597.5644 220157.4809 229986.4492 232962.5197 241280.1648 242833.4200 248857.5915 368775.9292 370065.8198 575932.5758 4678417.391 4909189.713 5085904.516 5167818.256 5198454.064 5281977.010 5304905.632 5366674.179 5390189.415 5423699.588 5484041.649 5504635.600 5539031.115 5557223.284 5565207.803 5574404.383 5610213.664 5615088.165 5622724.209 5649947.891 5682614.031 5706473.316 5826085.893 5922555.370 5989741.195 6126583.927 6313495.829 6689778.680 10203759.99 2049287498.
