    unsorted:	 25.00000000 25.00000000 25.00000000 25.00000000 25.00000000 207158.5364 206337.5376 208582.0217 208388.4459 201522.8294 200205.2623 197242.1102 195456.7732 193394.6345 187694.8013 184706.3081 216511.3874 175174.3038 170793.3424 224340.0991 159984.9478 161159.7309 229946.8649 233233.4899 153727.3000 241086.3328 244655.6045 140889.3746 135991.7366 129750.1641 251189.4040 122879.6034 113921.0270 96695.01327 272557.2914 80917.00648 72318.48043 64360.30514 56727.19821 51561.94346 45310.62723 40109.44465 30850.02582 24929.74292 21394.80923 16817.59894 260.4107522 182.4035828 494.0676482 659.4147034 1027.790711 13669.14562 7193.074062 281289.3924 296091.5771 316500.7124 324514.1202 356067.3812 397344.1567 472893.6268 531188.9775 559305.3587 568510.7309 592608.8808 627632.7217 677715.1887 777781.6385 845083.2620 1013899.814 1084695.626 1222252.420 1512899.754 1704548.531 2039836.641 2230947.069 2800495.527 3534284.217 4083176.524 4815853.637 10774101.76
      sorted:	 25.00000000 25.00000000 25.00000000 25.00000000 25.00000000 182.4035828 260.4107522 494.0676482 659.4147034 1027.790711 7193.074062 13669.14562 16817.59894 21394.80923 24929.74292 30850.02582 40109.44465 45310.62723 51561.94346 56727.19821 64360.30514 72318.48043 80917.00648 96695.01327 113921.0270 122879.6034 129750.1641 135991.7366 140889.3746 153727.3000 159984.9478 161159.7309 170793.3424 175174.3038 184706.3081 187694.8013 193394.6345 195456.7732 197242.1102 200205.2623 201522.8294 206337.5376 207158.5364 208388.4459 208582.0217 216511.3874 224340.0991 229946.8649 233233.4899 241086.3328 244655.6045 251189.4040 272557.2914 281289.3924 296091.5771 316500.7124 324514.1202 356067.3812 397344.1567 472893.6268 531188.9775 559305.3587 568510.7309 592608.8808 627632.7217 677715.1887 777781.6385 845083.2620 1013899.814 1084695.626 1222252.420 1512899.754 1704548.531 2039836.641 2230947.069 2800495.527 3534284.217 4083176.524 4815853.637 10774101.76
