    unsorted:	 191232.1350 191031.8283 196426.7226 201136.2757 202141.2576 206940.0552 210130.3509 212552.2687 216674.6671 217696.3762 184286.4861 179381.8256 224902.4891 223605.7256 171717.3458 168541.4008 163829.8222 159309.5699 157548.8954 233608.4952 230967.3830 235009.1921 151751.1036 143680.2204 135980.1253 123984.7801 120145.7705 109231.4211 103815.6594 263408.5296 77466.11345 86148.54737 81396.60696 60792.04941 49881.32552 39406.96919 38638.31628 30401.59143 16156.61852 10502.99419 9455.669444 370071.9100 368797.5070 576241.3598 5614626.368 5606398.978 5623456.329 5576220.084 5562836.373 5555280.863 5536402.045 5649299.123 5500559.811 5481314.121 5696656.438 5421130.656 5720789.619 5383673.625 5360568.975 5290699.598 5283047.152 5243024.045 5836163.464 5166786.056 5118012.658 5926646.632 6000752.631 4902468.304 6131851.592 4658906.530 6303292.553 6728351.497 10096178.13 2050319176.
      sorted:	 9455.669444 10502.99419 16156.61852 30401.59143 38638.31628 39406.96919 49881.32552 60792.04941 77466.11345 81396.60696 86148.54737 103815.6594 109231.4211 120145.7705 123984.7801 135980.1253 143680.2204 151751.1036 157548.8954 159309.5699 163829.8222 168541.4008 171717.3458 179381.8256 184286.4861 191031.8283 191232.1350 196426.7226 201136.2757 202141.2576 206940.0552 210130.3509 212552.2687 216674.6671 217696.3762 223605.7256 224902.4891 230967.3830 233608.4952 235009.1921 263408.5296 368797.5070 370071.9100 576241.3598 4658906.530 4902468.304 5118012.658 5166786.056 5243024.045 5283047.152 5290699.598 5360568.975 5383673.625 5421130.656 5481314.121 5500559.811 5536402.045 5555280.863 5562836.373 5576220.084 5606398.978 5614626.368 5623456.329 5649299.123 5696656.438 5720789.619 5836163.464 5926646.632 6000752.631 6131851.592 6303292.553 6728351.497 10096178.13 2050319176.
