    unsorted:	 25.00000000 25.00000000 25.00000000 25.00000000 25.00000000 203421.3841 201120.4320 201735.1646 204968.0010 209557.2624 208314.1864 194799.4072 191494.0153 191014.2062 186831.3026 216589.2052 218336.8092 176903.1376 172639.2820 171874.5467 166472.8706 164616.1825 157745.8727 228849.5171 234068.8996 149881.6940 240155.1843 248741.5158 138640.7891 253962.8262 129617.0196 118322.6294 105821.0599 90358.33321 85572.59471 74553.02750 272444.0828 64734.46070 58433.77557 52177.39082 44359.52307 38016.68828 30447.03361 25223.14454 23181.88109 16551.90613 261.7803436 177.8489946 486.9752132 649.2717409 1011.178012 13715.94935 7276.330942 279885.4277 297238.6995 320242.6945 318192.8861 355467.2376 393033.1382 472523.2766 522947.6136 564179.2402 576939.1695 594779.9533 640789.6279 683809.6535 785104.5093 850038.5392 1028898.772 1111304.593 1233632.550 1518040.392 1747483.195 2078758.125 2251794.392 2811551.537 3559804.107 4161895.517 4819967.896 11052949.41
      sorted:	 25.00000000 25.00000000 25.00000000 25.00000000 25.00000000 177.8489946 261.7803436 486.9752132 649.2717409 1011.178012 7276.330942 13715.94935 16551.90613 23181.88109 25223.14454 30447.03361 38016.68828 44359.52307 52177.39082 58433.77557 64734.46070 74553.02750 85572.59471 90358.33321 105821.0599 118322.6294 129617.0196 138640.7891 149881.6940 157745.8727 164616.1825 166472.8706 171874.5467 172639.2820 176903.1376 186831.3026 191014.2062 191494.0153 194799.4072 201120.4320 201735.1646 203421.3841 204968.0010 208314.1864 209557.2624 216589.2052 218336.8092 228849.5171 234068.8996 240155.1843 248741.5158 253962.8262 272444.0828 279885.4277 297238.6995 318192.8861 320242.6945 355467.2376 393033.1382 472523.2766 522947.6136 564179.2402 576939.1695 594779.9533 640789.6279 683809.6535 785104.5093 850038.5392 1028898.772 1111304.593 1233632.550 1518040.392 1747483.195 2078758.125 2251794.392 2811551.537 3559804.107 4161895.517 4819967.896 11052949.41
