    unsorted:	 188886.9957 187596.5412 185886.0060 190695.7636 180341.7157 198543.7490 204391.8023 206556.9061 213944.2980 215429.7992 216506.4072 218762.6578 220348.3818 223207.9110 174191.3334 170572.3221 166768.3473 226746.7070 161426.1847 159019.2327 154235.4332 144303.0056 239529.0815 135572.3863 246965.7212 123967.8211 119624.7525 107628.3267 258286.5872 96946.52270 91375.19317 87015.76568 72288.06196 59660.52603 48960.87001 42383.66871 38783.71252 31746.79026 15669.01335 9769.167533 4816.364089 370068.7729 368749.4883 575772.1699 5559517.703 5561842.808 5569588.550 5611839.852 5617455.274 5536623.809 5625447.904 5502601.937 5482058.024 5651063.258 5689238.491 5424376.679 5708337.492 5388447.591 5371162.571 5299016.588 5268179.735 5183747.042 5166063.923 5833422.004 5910332.100 5063284.296 5998425.257 4915816.258 6144084.928 4693835.574 6296336.367 6679094.842 10308877.62 2050052421.
      sorted:	 4816.364089 9769.167533 15669.01335 31746.79026 38783.71252 42383.66871 48960.87001 59660.52603 72288.06196 87015.76568 91375.19317 96946.52270 107628.3267 119624.7525 123967.8211 135572.3863 144303.0056 154235.4332 159019.2327 161426.1847 166768.3473 170572.3221 174191.3334 180341.7157 185886.0060 187596.5412 188886.9957 190695.7636 198543.7490 204391.8023 206556.9061 213944.2980 215429.7992 216506.4072 218762.6578 220348.3818 223207.9110 226746.7070 239529.0815 246965.7212 258286.5872 368749.4883 370068.7729 575772.1699 4693835.574 4915816.258 5063284.296 5166063.923 5183747.042 5268179.735 5299016.588 5371162.571 5388447.591 5424376.679 5482058.024 5502601.937 5536623.809 5559517.703 5561842.808 5569588.550 5611839.852 5617455.274 5625447.904 5651063.258 5689238.491 5708337.492 5833422.004 5910332.100 5998425.257 6144084.928 6296336.367 6679094.842 10308877.62 2050052421.
