    unsorted:	 212798.9112 213705.7443 211040.8161 214767.9900 208529.3920 205457.6150 199368.1369 199854.7935 224568.6634 224359.7531 223295.3139 192993.1758 187546.4103 186907.9006 178191.3492 173514.5525 169747.1894 160358.9199 165284.5529 151220.4890 149982.0895 141435.8074 243457.2130 247737.2031 133391.5157 123766.0377 120299.1009 108871.7053 259761.4836 101714.4922 87370.01088 80649.36031 72539.52750 57002.82258 46170.57344 43026.34515 40313.47866 27987.99888 18222.47668 9837.695544 6196.374936 370071.3640 368766.5902 575272.4391 5611861.712 5619589.497 5559122.578 5565564.374 5575531.964 5627619.972 5537075.356 5650943.995 5502976.754 5480710.257 5698791.851 5419009.621 5720908.105 5380021.314 5351969.006 5282896.271 5260009.498 5852829.245 5156802.837 5137735.955 5939030.069 5050929.771 6029001.894 4881981.239 6188884.827 4667837.001 6354449.365 6742488.063 10420638.40 2049490389.
      sorted:	 6196.374936 9837.695544 18222.47668 27987.99888 40313.47866 43026.34515 46170.57344 57002.82258 72539.52750 80649.36031 87370.01088 101714.4922 108871.7053 120299.1009 123766.0377 133391.5157 141435.8074 149982.0895 151220.4890 160358.9199 165284.5529 169747.1894 173514.5525 178191.3492 186907.9006 187546.4103 192993.1758 199368.1369 199854.7935 205457.6150 208529.3920 211040.8161 212798.9112 213705.7443 214767.9900 223295.3139 224359.7531 224568.6634 243457.2130 247737.2031 259761.4836 368766.5902 370071.3640 575272.4391 4667837.001 4881981.239 5050929.771 5137735.955 5156802.837 5260009.498 5282896.271 5351969.006 5380021.314 5419009.621 5480710.257 5502976.754 5537075.356 5559122.578 5565564.374 5575531.964 5611861.712 5619589.497 5627619.972 5650943.995 5698791.851 5720908.105 5852829.245 5939030.069 6029001.894 6188884.827 6354449.365 6742488.063 10420638.40 2049490389.
