    unsorted:	 25.00000000 25.00000000 25.00000000 25.00000000 25.00000000 196667.4998 198231.1500 195248.2524 201050.4432 202803.2979 205099.2094 206946.3987 190760.8743 188161.2692 215978.5009 214719.3787 180627.8328 177667.2721 223861.1660 226965.6417 166426.5333 162500.3399 159567.0022 153123.2702 232975.1841 238082.9832 142439.4206 135837.3190 246846.3422 125057.3244 257807.2560 113950.0443 105696.9158 93109.12696 84188.21507 73812.26273 63816.19540 56147.89188 51705.66468 43896.17144 38582.26568 29657.19773 24653.34581 22335.17812 16623.28511 261.4796213 188.1606246 486.7454655 651.1333384 1029.798277 13731.89201 7044.773220 275535.5373 282763.0304 287258.0488 318507.2194 317627.3324 346602.6626 392190.8447 477400.4236 522380.6199 563406.4594 569740.4941 598314.6365 636667.9732 684725.9719 780560.8119 846529.0999 1013552.784 1089599.875 1250888.522 1500087.202 1717002.635 2062552.856 2251067.955 2824419.458 3593643.411 4153477.051 4836686.644 10880772.17
      sorted:	 25.00000000 25.00000000 25.00000000 25.00000000 25.00000000 188.1606246 261.4796213 486.7454655 651.1333384 1029.798277 7044.773220 13731.89201 16623.28511 22335.17812 24653.34581 29657.19773 38582.26568 43896.17144 51705.66468 56147.89188 63816.19540 73812.26273 84188.21507 93109.12696 105696.9158 113950.0443 125057.3244 135837.3190 142439.4206 153123.2702 159567.0022 162500.3399 166426.5333 177667.2721 180627.8328 188161.2692 190760.8743 195248.2524 196667.4998 198231.1500 201050.4432 202803.2979 205099.2094 206946.3987 214719.3787 215978.5009 223861.1660 226965.6417 232975.1841 238082.9832 246846.3422 257807.2560 275535.5373 282763.0304 287258.0488 317627.3324 318507.2194 346602.6626 392190.8447 477400.4236 522380.6199 563406.4594 569740.4941 598314.6365 636667.9732 684725.9719 780560.8119 846529.0999 1013552.784 1089599.875 1250888.522 1500087.202 1717002.635 2062552.856 2251067.955 2824419.458 3593643.411 4153477.051 4836686.644 10880772.17
