    unsorted:	 198839.8058 199777.4049 198114.5125 203389.2551 205512.6074 205093.5385 207701.4253 209151.4815 210179.8346 194218.9820 193172.2833 190549.9553 188349.8650 178455.3154 222981.8709 174647.3693 225857.1676 170774.9712 165946.4304 230110.0056 234240.7852 238270.5482 159381.4670 153607.5603 242762.8451 149184.6408 252650.1777 134036.4784 123773.1978 116031.6584 104020.1058 267451.7461 96794.29504 274012.3593 84061.73195 76559.04418 68266.68394 58819.21212 53502.91628 43933.77411 38272.19316 35411.91931 31041.49444 22946.85142 21091.22846 13462.61180 12714.09283 7001.995196 290465.0780 460.4965239 329816.4307 370071.7998 385729.4771 428835.3820 458941.1447 462990.5843 479143.1855 508534.7536 537453.0570 550164.8900 630352.9885 669633.4744 807114.6629 876236.2504 979782.4620 1197183.236 1365656.629 1634403.829 1767736.251 2332448.292 3004334.026 3500417.882 7193333.910 11042580.28
      sorted:	 460.4965239 7001.995196 12714.09283 13462.61180 21091.22846 22946.85142 31041.49444 35411.91931 38272.19316 43933.77411 53502.91628 58819.21212 68266.68394 76559.04418 84061.73195 96794.29504 104020.1058 116031.6584 123773.1978 134036.4784 149184.6408 153607.5603 159381.4670 165946.4304 170774.9712 174647.3693 178455.3154 188349.8650 190549.9553 193172.2833 194218.9820 198114.5125 198839.8058 199777.4049 203389.2551 205093.5385 205512.6074 207701.4253 209151.4815 210179.8346 222981.8709 225857.1676 230110.0056 234240.7852 238270.5482 242762.8451 252650.1777 267451.7461 274012.3593 290465.0780 329816.4307 370071.7998 385729.4771 428835.3820 458941.1447 462990.5843 479143.1855 508534.7536 537453.0570 550164.8900 630352.9885 669633.4744 807114.6629 876236.2504 979782.4620 1197183.236 1365656.629 1634403.829 1767736.251 2332448.292 3004334.026 3500417.882 7193333.910 11042580.28
