    unsorted:	 25.00000000 25.00000000 25.00000000 25.00000000 25.00000000 193634.7545 194152.2985 198004.7280 199544.5420 189163.0308 188655.3089 202261.1385 205563.3328 211076.3625 209540.4461 177746.1778 220102.7637 172431.2626 169223.0016 167452.8687 161325.2591 157226.3355 225749.2938 226627.7687 150035.9533 234095.2664 239920.4259 139328.7100 130115.9044 119692.9090 254828.8774 257734.1464 110201.6996 95639.45485 83274.75893 70556.78964 60942.53826 50754.26673 47351.38547 42678.69740 37536.97280 29225.77543 25516.33527 23440.88789 17315.46888 261.4744653 192.4351346 495.8103127 664.9855418 1062.816175 13682.12628 7172.974936 280862.9757 288667.2114 295163.8882 321499.7356 320278.5953 353448.8357 394402.3449 474827.5557 518628.2173 555828.7427 560988.5846 584721.6879 629190.5478 667125.9378 762842.8047 830902.4831 1006852.214 1069107.205 1236414.961 1513763.894 1679256.534 1992251.823 2196519.783 2801914.270 3520479.047 4087254.094 4839005.441 10416648.53
      sorted:	 25.00000000 25.00000000 25.00000000 25.00000000 25.00000000 192.4351346 261.4744653 495.8103127 664.9855418 1062.816175 7172.974936 13682.12628 17315.46888 23440.88789 25516.33527 29225.77543 37536.97280 42678.69740 47351.38547 50754.26673 60942.53826 70556.78964 83274.75893 95639.45485 110201.6996 119692.9090 130115.9044 139328.7100 150035.9533 157226.3355 161325.2591 167452.8687 169223.0016 172431.2626 177746.1778 188655.3089 189163.0308 193634.7545 194152.2985 198004.7280 199544.5420 202261.1385 205563.3328 209540.4461 211076.3625 220102.7637 225749.2938 226627.7687 234095.2664 239920.4259 254828.8774 257734.1464 280862.9757 288667.2114 295163.8882 320278.5953 321499.7356 353448.8357 394402.3449 474827.5557 518628.2173 555828.7427 560988.5846 584721.6879 629190.5478 667125.9378 762842.8047 830902.4831 1006852.214 1069107.205 1236414.961 1513763.894 1679256.534 1992251.823 2196519.783 2801914.270 3520479.047 4087254.094 4839005.441 10416648.53
