    unsorted:	 194564.6308 193711.5063 196510.0703 185535.0308 184253.3812 180230.1734 203142.5749 208037.7352 209799.3660 211536.5635 217027.6746 218763.9076 221823.6599 170206.8724 169201.3117 164603.2049 225146.7443 225712.9151 160107.6698 156124.3179 151975.4966 143040.0425 238078.6338 136735.3599 243701.5072 125355.6474 123338.3607 113791.7228 106922.3235 258471.6803 95090.82772 85274.73310 76809.37788 61065.02304 47647.53044 41715.71704 36267.93724 21021.00819 11491.25870 9567.391284 4741.890398 370071.8194 368749.8646 576075.7681 5559329.842 5562324.068 5571616.455 5615800.062 5616321.606 5536288.619 5626199.455 5507862.319 5652162.675 5481481.856 5685750.539 5422700.770 5708027.731 5387366.185 5362701.320 5282287.588 5288279.196 5212775.261 5188289.395 5830865.858 5099196.851 5911033.751 4945041.333 6004621.990 4700174.014 6146572.502 6320445.337 6753216.640 10415563.28 2050081942.
      sorted:	 4741.890398 9567.391284 11491.25870 21021.00819 36267.93724 41715.71704 47647.53044 61065.02304 76809.37788 85274.73310 95090.82772 106922.3235 113791.7228 123338.3607 125355.6474 136735.3599 143040.0425 151975.4966 156124.3179 160107.6698 164603.2049 169201.3117 170206.8724 180230.1734 184253.3812 185535.0308 193711.5063 194564.6308 196510.0703 203142.5749 208037.7352 209799.3660 211536.5635 217027.6746 218763.9076 221823.6599 225146.7443 225712.9151 238078.6338 243701.5072 258471.6803 368749.8646 370071.8194 576075.7681 4700174.014 4945041.333 5099196.851 5188289.395 5212775.261 5282287.588 5288279.196 5362701.320 5387366.185 5422700.770 5481481.856 5507862.319 5536288.619 5559329.842 5562324.068 5571616.455 5615800.062 5616321.606 5626199.455 5652162.675 5685750.539 5708027.731 5830865.858 5911033.751 6004621.990 6146572.502 6320445.337 6753216.640 10415563.28 2050081942.
