    unsorted:	 25.00000000 25.00000000 25.00000000 25.00000000 25.00000000 207061.1942 207219.7477 205495.5282 205060.5407 204605.1770 208367.0017 200330.7255 194688.6436 189139.7131 186647.2186 183001.8802 176134.3610 220501.5983 222876.9967 173754.6157 236393.2327 233704.3327 238177.6061 161506.7111 155590.3868 153184.7547 144360.8884 140787.8005 129355.4954 119548.6901 259159.6241 262416.0601 108200.8222 94654.88185 87879.14306 75128.74936 65387.66806 54730.60940 47703.08505 45046.57331 40387.12487 32291.09279 25955.15382 23475.86039 264.3725929 200.5710067 477.3815088 668.5432534 1070.688435 17679.71220 14040.79726 7355.002020 286879.6322 299304.1330 301211.1670 324918.1264 330366.2547 357617.0093 401046.2211 479226.6147 529921.6529 553822.1826 569903.5422 592416.6013 631393.6004 675195.5474 772568.0481 835427.7833 1008711.125 1081380.078 1223832.699 1488948.732 1717920.802 2045236.273 2231773.164 2816803.160 3539461.359 4121272.947 4841220.731 10793037.10
      sorted:	 25.00000000 25.00000000 25.00000000 25.00000000 25.00000000 200.5710067 264.3725929 477.3815088 668.5432534 1070.688435 7355.002020 14040.79726 17679.71220 23475.86039 25955.15382 32291.09279 40387.12487 45046.57331 47703.08505 54730.60940 65387.66806 75128.74936 87879.14306 94654.88185 108200.8222 119548.6901 129355.4954 140787.8005 144360.8884 153184.7547 155590.3868 161506.7111 173754.6157 176134.3610 183001.8802 186647.2186 189139.7131 194688.6436 200330.7255 204605.1770 205060.5407 205495.5282 207061.1942 207219.7477 208367.0017 220501.5983 222876.9967 233704.3327 236393.2327 238177.6061 259159.6241 262416.0601 286879.6322 299304.1330 301211.1670 324918.1264 330366.2547 357617.0093 401046.2211 479226.6147 529921.6529 553822.1826 569903.5422 592416.6013 631393.6004 675195.5474 772568.0481 835427.7833 1008711.125 1081380.078 1223832.699 1488948.732 1717920.802 2045236.273 2231773.164 2816803.160 3539461.359 4121272.947 4841220.731 10793037.10
