    unsorted:	 194497.6897 196080.1132 202463.0293 203941.5505 206682.6710 186238.8251 185410.6657 182309.8386 180105.6084 210093.3614 213803.8992 219258.2369 218167.1261 220430.7492 169591.8446 165688.4301 165147.3520 160039.1447 156383.9970 224760.0408 151091.5828 143223.2240 136691.7872 124509.0021 120489.1119 111832.1502 105778.1968 250094.7386 252049.7620 260919.2040 86944.50427 87383.55447 70303.30606 59373.69803 50202.96617 44307.38500 39403.34326 32852.65984 13227.43839 9723.558102 4837.409449 370057.0859 368782.9934 575986.0195 5562092.576 5556939.520 5569564.606 5617477.514 5608613.918 5622439.338 5536020.353 5648305.558 5501483.582 5482681.634 5690622.301 5420726.293 5718357.090 5385061.387 5362330.343 5293370.975 5276720.236 5221094.168 5824448.657 5165320.189 5095250.620 5917409.377 6008552.156 4901171.249 4679050.424 6158992.521 6339010.577 6711810.811 10166111.50 2050082134.
      sorted:	 4837.409449 9723.558102 13227.43839 32852.65984 39403.34326 44307.38500 50202.96617 59373.69803 70303.30606 86944.50427 87383.55447 105778.1968 111832.1502 120489.1119 124509.0021 136691.7872 143223.2240 151091.5828 156383.9970 160039.1447 165147.3520 165688.4301 169591.8446 180105.6084 182309.8386 185410.6657 186238.8251 194497.6897 196080.1132 202463.0293 203941.5505 206682.6710 210093.3614 213803.8992 218167.1261 219258.2369 220430.7492 224760.0408 250094.7386 252049.7620 260919.2040 368782.9934 370057.0859 575986.0195 4679050.424 4901171.249 5095250.620 5165320.189 5221094.168 5276720.236 5293370.975 5362330.343 5385061.387 5420726.293 5482681.634 5501483.582 5536020.353 5556939.520 5562092.576 5569564.606 5608613.918 5617477.514 5622439.338 5648305.558 5690622.301 5718357.090 5824448.657 5917409.377 6008552.156 6158992.521 6339010.577 6711810.811 10166111.50 2050082134.
