    unsorted:	 25.00000000 25.00000000 25.00000000 25.00000000 25.00000000 201523.4328 203401.5082 203913.9965 205559.9463 206177.7716 195974.4698 196477.9524 193396.5486 188638.8599 216833.0744 182386.8786 222715.4860 227144.4057 229275.4020 235456.0124 236484.3613 236719.9272 171689.5698 169050.3919 166898.1362 161118.4101 152886.7821 142060.0443 140881.2717 253173.7594 128998.9944 117989.9863 104823.0896 272145.1358 274683.9359 90324.02563 84442.38832 71228.24983 61821.39549 52797.51533 45776.01677 43376.76842 38621.37044 30930.49177 24691.30602 22397.71511 261.3526214 178.5143304 491.4126460 653.9297696 1006.839137 16736.88914 13352.22300 7272.513906 298294.1291 316178.3886 324713.8901 357113.6517 396983.7353 483410.1731 549127.4878 530773.5845 569023.1998 594602.7507 637267.4584 674263.3335 766601.4205 838791.0574 1005810.944 1065504.285 1236397.495 1493198.675 1685462.443 2013862.104 2196677.508 2785554.665 3500544.501 4039819.373 4818293.492 10565767.30
      sorted:	 25.00000000 25.00000000 25.00000000 25.00000000 25.00000000 178.5143304 261.3526214 491.4126460 653.9297696 1006.839137 7272.513906 13352.22300 16736.88914 22397.71511 24691.30602 30930.49177 38621.37044 43376.76842 45776.01677 52797.51533 61821.39549 71228.24983 84442.38832 90324.02563 104823.0896 117989.9863 128998.9944 140881.2717 142060.0443 152886.7821 161118.4101 166898.1362 169050.3919 171689.5698 182386.8786 188638.8599 193396.5486 195974.4698 196477.9524 201523.4328 203401.5082 203913.9965 205559.9463 206177.7716 216833.0744 222715.4860 227144.4057 229275.4020 235456.0124 236484.3613 236719.9272 253173.7594 272145.1358 274683.9359 298294.1291 316178.3886 324713.8901 357113.6517 396983.7353 483410.1731 530773.5845 549127.4878 569023.1998 594602.7507 637267.4584 674263.3335 766601.4205 838791.0574 1005810.944 1065504.285 1236397.495 1493198.675 1685462.443 2013862.104 2196677.508 2785554.665 3500544.501 4039819.373 4818293.492 10565767.30
