    unsorted:	 197184.6073 197296.9547 199052.7791 193747.1896 192213.9955 185059.1235 184297.4700 177853.1898 169630.8551 167690.9584 166009.6400 161815.5673 157982.9114 211312.0177 215259.4426 218377.6466 219464.1620 222135.8178 227289.9973 229772.5859 150923.2114 144683.1036 138095.3280 242413.3233 243192.1749 126524.3868 121101.0507 115872.4678 106786.3228 256493.5227 88912.07636 82583.21210 74098.64580 59683.40520 46788.85752 41932.79734 36102.95214 23287.53216 12702.00457 9833.112419 8383.014977 370068.5757 368744.2036 575957.6806 5558034.586 5561325.205 5570998.953 5620995.875 5616707.109 5629268.906 5532108.183 5504146.444 5481533.824 5659211.971 5688228.593 5422643.779 5719958.946 5381602.118 5358283.417 5276436.613 5267497.419 5202405.685 5166261.664 5849412.051 5084193.214 5924216.728 6012631.190 4902286.252 6158637.173 4665098.156 6326864.955 6764000.996 10457433.39 2050273887.
      sorted:	 8383.014977 9833.112419 12702.00457 23287.53216 36102.95214 41932.79734 46788.85752 59683.40520 74098.64580 82583.21210 88912.07636 106786.3228 115872.4678 121101.0507 126524.3868 138095.3280 144683.1036 150923.2114 157982.9114 161815.5673 166009.6400 167690.9584 169630.8551 177853.1898 184297.4700 185059.1235 192213.9955 193747.1896 197184.6073 197296.9547 199052.7791 211312.0177 215259.4426 218377.6466 219464.1620 222135.8178 227289.9973 229772.5859 242413.3233 243192.1749 256493.5227 368744.2036 370068.5757 575957.6806 4665098.156 4902286.252 5084193.214 5166261.664 5202405.685 5267497.419 5276436.613 5358283.417 5381602.118 5422643.779 5481533.824 5504146.444 5532108.183 5558034.586 5561325.205 5570998.953 5616707.109 5620995.875 5629268.906 5659211.971 5688228.593 5719958.946 5849412.051 5924216.728 6012631.190 6158637.173 6326864.955 6764000.996 10457433.39 2050273887.
