    unsorted:	 25.00000000 25.00000000 25.00000000 25.00000000 25.00000000 197658.1226 198405.9143 194344.3656 201261.7086 202058.8379 203743.4940 192995.7629 206664.9500 209821.4795 189518.8485 183395.8037 217258.5163 218056.9890 178291.4563 170621.0985 163806.9591 165456.8355 158290.3571 229134.0734 232669.0081 237675.7411 150411.2346 247152.6930 249812.5247 139417.7251 129171.0091 118125.2520 106704.2231 94851.96329 271455.5025 87217.15724 72621.96362 62901.67263 55074.59622 52527.14612 43927.87314 36952.10507 33911.73307 25161.38395 22463.25764 17155.80204 262.5866611 195.8407755 472.6324683 660.0673242 1031.293038 13649.81750 7145.225106 283759.3264 293751.9589 316283.3281 321508.1995 351306.6490 394667.6487 484159.2924 532977.1294 569923.3209 576699.3981 605331.5863 644000.7242 692194.9030 793098.6131 853992.8821 1029525.860 1106931.250 1249921.508 1518368.002 1731908.510 2069844.871 2249590.511 2814194.275 3547402.745 4121468.016 4808262.421 10946618.31
      sorted:	 25.00000000 25.00000000 25.00000000 25.00000000 25.00000000 195.8407755 262.5866611 472.6324683 660.0673242 1031.293038 7145.225106 13649.81750 17155.80204 22463.25764 25161.38395 33911.73307 36952.10507 43927.87314 52527.14612 55074.59622 62901.67263 72621.96362 87217.15724 94851.96329 106704.2231 118125.2520 129171.0091 139417.7251 150411.2346 158290.3571 163806.9591 165456.8355 170621.0985 178291.4563 183395.8037 189518.8485 192995.7629 194344.3656 197658.1226 198405.9143 201261.7086 202058.8379 203743.4940 206664.9500 209821.4795 217258.5163 218056.9890 229134.0734 232669.0081 237675.7411 247152.6930 249812.5247 271455.5025 283759.3264 293751.9589 316283.3281 321508.1995 351306.6490 394667.6487 484159.2924 532977.1294 569923.3209 576699.3981 605331.5863 644000.7242 692194.9030 793098.6131 853992.8821 1029525.860 1106931.250 1249921.508 1518368.002 1731908.510 2069844.871 2249590.511 2814194.275 3547402.745 4121468.016 4808262.421 10946618.31
