    unsorted:	 198495.9409 196669.9638 196074.0582 200717.3549 202788.8795 206141.7566 205920.4568 193050.0769 191953.4375 190057.9538 211007.5935 213631.3229 215017.7855 178342.4759 223700.3997 174133.0861 232379.6291 232610.2301 230616.2292 168269.9909 165774.7704 161293.6529 154592.4152 240517.4996 149148.8744 245831.9296 257285.7948 134896.2252 125916.1107 117060.9369 268042.1106 101712.2482 96234.07650 90698.94914 278369.2537 79584.60631 69616.90996 59436.65436 54039.86567 44677.64208 40528.28913 34976.67638 31087.29216 23490.44389 21705.67107 13475.53629 12974.01558 293810.1934 7092.262153 485.3112669 333415.2598 370072.0480 390944.8187 427452.9072 459067.8089 462481.7923 479358.9320 507594.0106 537577.5816 547323.3981 628839.9251 673186.9225 807722.2740 890945.8121 985715.7447 1199759.517 1398861.292 1656518.172 1831453.851 2363490.384 3124144.687 3500793.409 7456866.570 11450777.74
      sorted:	 485.3112669 7092.262153 12974.01558 13475.53629 21705.67107 23490.44389 31087.29216 34976.67638 40528.28913 44677.64208 54039.86567 59436.65436 69616.90996 79584.60631 90698.94914 96234.07650 101712.2482 117060.9369 125916.1107 134896.2252 149148.8744 154592.4152 161293.6529 165774.7704 168269.9909 174133.0861 178342.4759 190057.9538 191953.4375 193050.0769 196074.0582 196669.9638 198495.9409 200717.3549 202788.8795 205920.4568 206141.7566 211007.5935 213631.3229 215017.7855 223700.3997 230616.2292 232379.6291 232610.2301 240517.4996 245831.9296 257285.7948 268042.1106 278369.2537 293810.1934 333415.2598 370072.0480 390944.8187 427452.9072 459067.8089 462481.7923 479358.9320 507594.0106 537577.5816 547323.3981 628839.9251 673186.9225 807722.2740 890945.8121 985715.7447 1199759.517 1398861.292 1656518.172 1831453.851 2363490.384 3124144.687 3500793.409 7456866.570 11450777.74
