    unsorted:	 196509.4503 197494.2791 198200.1179 192967.4174 187065.3436 180132.3550 173653.8443 168067.2375 168915.3085 162204.8239 205570.3755 210735.7740 158246.2578 155473.5540 148708.2228 224656.3273 223668.8951 221610.6242 219902.8044 231909.6815 234116.3173 236229.2784 140139.2952 239849.2923 132825.4227 122670.5994 119116.4388 258349.8744 106733.5072 102067.8269 87709.47104 85070.80373 74548.77098 60707.20375 51093.32100 41455.00188 35723.62838 32264.30065 10819.09687 9561.464484 7970.187003 370068.0434 368750.3614 575856.9589 5611802.733 5610593.357 5565810.026 5556052.855 5576606.122 5533124.272 5628293.254 5500997.152 5480366.162 5659281.693 5684580.804 5420179.944 5707364.506 5390267.097 5367983.152 5305280.677 5289213.556 5202959.973 5164027.934 5848328.609 5926651.270 5068808.657 6009899.003 4892438.862 6146690.585 4671055.537 6296458.988 6735390.834 10305539.19 2049643970.
      sorted:	 7970.187003 9561.464484 10819.09687 32264.30065 35723.62838 41455.00188 51093.32100 60707.20375 74548.77098 85070.80373 87709.47104 102067.8269 106733.5072 119116.4388 122670.5994 132825.4227 140139.2952 148708.2228 155473.5540 158246.2578 162204.8239 168067.2375 168915.3085 173653.8443 180132.3550 187065.3436 192967.4174 196509.4503 197494.2791 198200.1179 205570.3755 210735.7740 219902.8044 221610.6242 223668.8951 224656.3273 231909.6815 234116.3173 236229.2784 239849.2923 258349.8744 368750.3614 370068.0434 575856.9589 4671055.537 4892438.862 5068808.657 5164027.934 5202959.973 5289213.556 5305280.677 5367983.152 5390267.097 5420179.944 5480366.162 5500997.152 5533124.272 5556052.855 5565810.026 5576606.122 5610593.357 5611802.733 5628293.254 5659281.693 5684580.804 5707364.506 5848328.609 5926651.270 6009899.003 6146690.585 6296458.988 6735390.834 10305539.19 2049643970.
