    unsorted:	 189182.5828 188844.3250 186808.2349 193650.9576 194778.1978 179946.1584 208118.8849 210070.1685 210582.7244 204943.9110 221435.1099 221914.4030 220219.7116 169539.5085 171349.7966 165583.0232 229373.1047 227571.7323 158041.8406 154397.9924 150190.5726 237011.4320 141625.7913 134877.7668 244059.1806 125633.3045 120834.6353 114082.7112 106035.8468 267187.9673 87204.09297 80582.72781 75671.34692 60428.53323 49508.70399 42339.36160 41186.11152 23057.67819 19151.51738 9970.244910 5402.920250 370068.8553 368854.4261 576311.5343 5614806.452 5613869.104 5622038.619 5570097.179 5561907.822 5578032.245 5537113.299 5646100.841 5504068.540 5483096.009 5688501.301 5421982.919 5712795.977 5386697.443 5360173.769 5293886.330 5296509.786 5229096.510 5819677.865 5159038.402 5099241.017 5936682.261 6003941.855 4908132.031 6137681.644 4684046.622 6329343.171 6707281.703 10031675.05 2051416530.
      sorted:	 5402.920250 9970.244910 19151.51738 23057.67819 41186.11152 42339.36160 49508.70399 60428.53323 75671.34692 80582.72781 87204.09297 106035.8468 114082.7112 120834.6353 125633.3045 134877.7668 141625.7913 150190.5726 154397.9924 158041.8406 165583.0232 169539.5085 171349.7966 179946.1584 186808.2349 188844.3250 189182.5828 193650.9576 194778.1978 204943.9110 208118.8849 210070.1685 210582.7244 220219.7116 221435.1099 221914.4030 227571.7323 229373.1047 237011.4320 244059.1806 267187.9673 368854.4261 370068.8553 576311.5343 4684046.622 4908132.031 5099241.017 5159038.402 5229096.510 5293886.330 5296509.786 5360173.769 5386697.443 5421982.919 5483096.009 5504068.540 5537113.299 5561907.822 5570097.179 5578032.245 5613869.104 5614806.452 5622038.619 5646100.841 5688501.301 5712795.977 5819677.865 5936682.261 6003941.855 6137681.644 6329343.171 6707281.703 10031675.05 2051416530.
