    unsorted:	 190114.1753 189777.3904 190911.8948 193394.3022 195792.5352 182249.3017 207141.5539 208090.1900 214375.4741 213770.3377 215314.7839 177477.0997 221540.7875 223976.8361 226261.9331 228251.9030 171391.4617 167200.6623 159967.2874 157186.6779 149039.1190 236793.5156 139481.8677 136713.5355 247939.6309 124750.8331 119622.9354 113668.7563 104439.1579 265026.9551 86540.93940 77912.69139 69854.03728 58093.14278 49842.22796 44575.46183 33496.47438 21851.22808 18403.22479 10414.17636 9407.102602 370062.3897 368836.7337 576086.3861 5613649.049 5614776.634 5559202.765 5564173.105 5573891.633 5540611.627 5624438.250 5648734.788 5504104.510 5486171.754 5676844.905 5430303.145 5708953.679 5390340.302 5362527.311 5301045.785 5284269.483 5213744.413 5827319.950 5155947.881 5090453.773 5929274.041 6001743.182 4890799.825 6141046.706 4675358.152 6319453.617 6651696.271 10121152.67 2051399477.
      sorted:	 9407.102602 10414.17636 18403.22479 21851.22808 33496.47438 44575.46183 49842.22796 58093.14278 69854.03728 77912.69139 86540.93940 104439.1579 113668.7563 119622.9354 124750.8331 136713.5355 139481.8677 149039.1190 157186.6779 159967.2874 167200.6623 171391.4617 177477.0997 182249.3017 189777.3904 190114.1753 190911.8948 193394.3022 195792.5352 207141.5539 208090.1900 213770.3377 214375.4741 215314.7839 221540.7875 223976.8361 226261.9331 228251.9030 236793.5156 247939.6309 265026.9551 368836.7337 370062.3897 576086.3861 4675358.152 4890799.825 5090453.773 5155947.881 5213744.413 5284269.483 5301045.785 5362527.311 5390340.302 5430303.145 5486171.754 5504104.510 5540611.627 5559202.765 5564173.105 5573891.633 5613649.049 5614776.634 5624438.250 5648734.788 5676844.905 5708953.679 5827319.950 5929274.041 6001743.182 6141046.706 6319453.617 6651696.271 10121152.67 2051399477.
