    unsorted:	 25.00000000 25.00000000 25.00000000 25.00000000 25.00000000 199893.0660 201085.7950 202904.8500 204713.9597 206193.6172 209622.9333 210736.5605 189158.7222 190830.2266 186075.9624 181720.7707 177941.5132 220497.4941 171436.7037 231456.0288 231708.9532 228428.1336 164775.2705 161852.8371 154083.2706 243293.8348 143546.2841 247090.6974 250382.2375 137696.3672 127531.2777 117727.1462 107961.7307 93866.60509 273711.3494 82396.82509 70132.76371 60336.72526 53234.86502 49740.45978 43968.71256 39150.89459 31138.26773 25001.54975 21791.53100 260.4248746 193.5879767 491.6351385 657.3163374 1049.259970 16747.75501 13698.05887 7186.191248 283569.0548 295534.0351 319133.8609 322683.7472 355588.4484 395177.7983 479127.9181 535007.5198 563684.2747 577010.9211 598391.6116 637452.9523 684388.1907 785213.8159 840579.9748 1017168.575 1080717.771 1220925.942 1504204.125 1688972.433 2026002.842 2226610.862 2793736.930 3543350.644 4056738.007 4822392.565 10615883.14
      sorted:	 25.00000000 25.00000000 25.00000000 25.00000000 25.00000000 193.5879767 260.4248746 491.6351385 657.3163374 1049.259970 7186.191248 13698.05887 16747.75501 21791.53100 25001.54975 31138.26773 39150.89459 43968.71256 49740.45978 53234.86502 60336.72526 70132.76371 82396.82509 93866.60509 107961.7307 117727.1462 127531.2777 137696.3672 143546.2841 154083.2706 161852.8371 164775.2705 171436.7037 177941.5132 181720.7707 186075.9624 189158.7222 190830.2266 199893.0660 201085.7950 202904.8500 204713.9597 206193.6172 209622.9333 210736.5605 220497.4941 228428.1336 231456.0288 231708.9532 243293.8348 247090.6974 250382.2375 273711.3494 283569.0548 295534.0351 319133.8609 322683.7472 355588.4484 395177.7983 479127.9181 535007.5198 563684.2747 577010.9211 598391.6116 637452.9523 684388.1907 785213.8159 840579.9748 1017168.575 1080717.771 1220925.942 1504204.125 1688972.433 2026002.842 2226610.862 2793736.930 3543350.644 4056738.007 4822392.565 10615883.14
