    unsorted:	 182093.9931 166822.0569 169041.5191 171182.6608 178364.3375 184222.9980 188320.0835 189509.9899 163285.9922 196541.7066 155033.1084 203574.1690 206089.1603 211629.7440 216690.4107 217660.8039 220357.4373 222444.2479 225404.8120 227484.3692 152493.3552 142347.0046 239550.5127 135213.7718 244571.0736 123884.4689 119119.0101 106762.8376 103159.7580 92063.88868 84726.91747 263854.4432 73001.61320 67154.22674 54672.33081 44317.64799 36071.85240 23444.18882 15777.61415 10448.48534 5442.843979 370061.3457 368832.6912 576534.0815 5611541.051 5610372.848 5560047.769 5564808.878 5574430.904 5623904.504 5536874.700 5649787.329 5505450.530 5483905.045 5680607.509 5424664.915 5706058.671 5388567.319 5365921.961 5290127.261 5292632.219 5262438.706 5831183.465 5167436.375 5109249.550 5920690.484 5999739.091 4913607.029 6143224.366 4694368.636 6301273.938 6741375.133 10057745.20 2051204503.
      sorted:	 5442.843979 10448.48534 15777.61415 23444.18882 36071.85240 44317.64799 54672.33081 67154.22674 73001.61320 84726.91747 92063.88868 103159.7580 106762.8376 119119.0101 123884.4689 135213.7718 142347.0046 152493.3552 155033.1084 163285.9922 166822.0569 169041.5191 171182.6608 178364.3375 182093.9931 184222.9980 188320.0835 189509.9899 196541.7066 203574.1690 206089.1603 211629.7440 216690.4107 217660.8039 220357.4373 222444.2479 225404.8120 227484.3692 239550.5127 244571.0736 263854.4432 368832.6912 370061.3457 576534.0815 4694368.636 4913607.029 5109249.550 5167436.375 5262438.706 5290127.261 5292632.219 5365921.961 5388567.319 5424664.915 5483905.045 5505450.530 5536874.700 5560047.769 5564808.878 5574430.904 5610372.848 5611541.051 5623904.504 5649787.329 5680607.509 5706058.671 5831183.465 5920690.484 5999739.091 6143224.366 6301273.938 6741375.133 10057745.20 2051204503.
