    unsorted:	 187388.6307 190052.6254 193274.6970 186528.5211 199219.2202 202753.1749 178913.5105 216082.5285 214436.1209 211880.6283 219853.0068 220145.0069 222465.6774 170548.0795 164090.7141 159258.1356 157643.6935 154564.1256 149009.4458 228734.7131 230317.6523 139676.2693 238949.9571 132792.6289 242605.5555 125913.9356 120013.5984 115252.8086 252920.7564 105717.9580 91269.51388 85630.96225 62657.67840 56727.23139 49753.51974 45841.95215 33566.48242 29854.18450 14653.60612 10570.42798 9748.563089 370070.0658 368830.5923 576251.3264 5558650.980 5566375.581 5574764.205 5615171.668 5604719.146 5621629.348 5536572.213 5650787.963 5503567.352 5484725.592 5682743.580 5426072.506 5708748.613 5393042.044 5366958.825 5312882.357 5304391.040 5247285.849 5825507.221 5165648.662 5096340.432 5925979.587 5982976.654 4896562.235 6100915.135 4681559.459 6282395.645 6700561.909 9931565.064 2052295112.
      sorted:	 9748.563089 10570.42798 14653.60612 29854.18450 33566.48242 45841.95215 49753.51974 56727.23139 62657.67840 85630.96225 91269.51388 105717.9580 115252.8086 120013.5984 125913.9356 132792.6289 139676.2693 149009.4458 154564.1256 157643.6935 159258.1356 164090.7141 170548.0795 178913.5105 186528.5211 187388.6307 190052.6254 193274.6970 199219.2202 202753.1749 211880.6283 214436.1209 216082.5285 219853.0068 220145.0069 222465.6774 228734.7131 230317.6523 238949.9571 242605.5555 252920.7564 368830.5923 370070.0658 576251.3264 4681559.459 4896562.235 5096340.432 5165648.662 5247285.849 5304391.040 5312882.357 5366958.825 5393042.044 5426072.506 5484725.592 5503567.352 5536572.213 5558650.980 5566375.581 5574764.205 5604719.146 5615171.668 5621629.348 5650787.963 5682743.580 5708748.613 5825507.221 5925979.587 5982976.654 6100915.135 6282395.645 6700561.909 9931565.064 2052295112.
