    unsorted:	 25.00000000 25.00000000 25.00000000 25.00000000 25.00000000 207771.8694 208064.5586 206707.0961 204430.1356 203337.3781 210926.9015 201639.4052 197604.9046 193696.6317 193424.1017 187022.5903 183289.7332 220887.1237 177404.5884 173858.0020 227985.1061 231591.6714 233377.7599 167317.3024 161968.2167 158582.8679 239243.0458 144874.1024 140762.3910 132443.1936 249742.2474 121319.1746 110853.2890 95918.27503 268426.7379 273564.4995 83919.80388 71729.38689 62146.19531 53267.44225 48091.46333 43294.89631 37587.47365 32558.50087 25102.21907 22610.54937 261.8503134 171.2590178 492.2507538 641.7250236 998.0059229 16139.33710 13247.05767 7325.422114 302491.8603 316472.6370 323303.3112 360255.1950 397366.1700 475304.9440 523149.3613 555067.2626 562145.9401 589011.4417 633520.1185 667483.0577 760675.1815 836561.9514 1007251.523 1081309.482 1219652.957 1503166.780 1707255.021 2046517.418 2237625.357 2791522.748 3478995.344 4100551.276 4788693.051 11048749.58
      sorted:	 25.00000000 25.00000000 25.00000000 25.00000000 25.00000000 171.2590178 261.8503134 492.2507538 641.7250236 998.0059229 7325.422114 13247.05767 16139.33710 22610.54937 25102.21907 32558.50087 37587.47365 43294.89631 48091.46333 53267.44225 62146.19531 71729.38689 83919.80388 95918.27503 110853.2890 121319.1746 132443.1936 140762.3910 144874.1024 158582.8679 161968.2167 167317.3024 173858.0020 177404.5884 183289.7332 187022.5903 193424.1017 193696.6317 197604.9046 201639.4052 203337.3781 204430.1356 206707.0961 207771.8694 208064.5586 210926.9015 220887.1237 227985.1061 231591.6714 233377.7599 239243.0458 249742.2474 268426.7379 273564.4995 302491.8603 316472.6370 323303.3112 360255.1950 397366.1700 475304.9440 523149.3613 555067.2626 562145.9401 589011.4417 633520.1185 667483.0577 760675.1815 836561.9514 1007251.523 1081309.482 1219652.957 1503166.780 1707255.021 2046517.418 2237625.357 2791522.748 3478995.344 4100551.276 4788693.051 11048749.58
