    unsorted:	 199675.1424 196123.9569 201511.5248 203948.5232 206436.4151 207414.1529 209547.8858 210023.4184 191717.2961 188709.8473 184905.7181 180969.0623 178712.0656 174682.1517 172716.3947 168267.6985 219872.2112 228443.9763 229518.6983 230902.7738 233252.2026 237381.8336 158845.8054 153423.3338 242001.0766 150667.2374 135484.2047 258324.4421 127646.8307 118750.3711 269171.8908 106364.0628 275482.2508 100744.3381 92735.70584 79208.01656 71701.61738 60265.76368 53406.63939 294271.9754 43844.25633 38550.15645 35930.11394 30550.57766 22404.57062 21305.39864 13485.53345 13133.10889 7014.694514 485.4567261 329622.5882 370069.0970 387184.8435 443164.6921 469758.8439 476989.3379 489563.4751 519746.3301 537849.2855 567899.1309 652153.0960 683820.9742 823409.4551 910942.6726 990076.1842 1203815.387 1406790.582 1669846.825 1817143.648 2344998.746 3128368.009 3542215.308 7409744.421 11344042.39
      sorted:	 485.4567261 7014.694514 13133.10889 13485.53345 21305.39864 22404.57062 30550.57766 35930.11394 38550.15645 43844.25633 53406.63939 60265.76368 71701.61738 79208.01656 92735.70584 100744.3381 106364.0628 118750.3711 127646.8307 135484.2047 150667.2374 153423.3338 158845.8054 168267.6985 172716.3947 174682.1517 178712.0656 180969.0623 184905.7181 188709.8473 191717.2961 196123.9569 199675.1424 201511.5248 203948.5232 206436.4151 207414.1529 209547.8858 210023.4184 219872.2112 228443.9763 229518.6983 230902.7738 233252.2026 237381.8336 242001.0766 258324.4421 269171.8908 275482.2508 294271.9754 329622.5882 370069.0970 387184.8435 443164.6921 469758.8439 476989.3379 489563.4751 519746.3301 537849.2855 567899.1309 652153.0960 683820.9742 823409.4551 910942.6726 990076.1842 1203815.387 1406790.582 1669846.825 1817143.648 2344998.746 3128368.009 3542215.308 7409744.421 11344042.39
