    unsorted:	 192225.2009 193531.6927 193738.8767 198680.7463 200510.8374 187250.2221 205248.1355 212202.2780 214352.1704 215541.2108 217789.4902 221607.0644 224463.5880 223596.7667 180471.8697 175475.1169 169408.5375 167361.5757 161662.7153 159241.1169 232893.0962 151820.2044 142164.7768 244403.9978 129483.9638 122689.2921 119291.4883 255003.1118 109512.9303 103043.8648 90285.00467 86780.50256 71882.03777 60749.85726 51346.84644 40166.19609 33739.02928 26321.57251 18656.18648 10310.95001 5376.578761 370072.0627 368764.0330 575930.3508 5560497.551 5557152.931 5568334.174 5612553.973 5617968.993 5624391.798 5534623.877 5647866.008 5500711.305 5481586.846 5688401.930 5422234.070 5717165.975 5387459.134 5367800.958 5301702.790 5286767.985 5235147.702 5831157.397 5169712.014 5104188.626 5914904.650 6000432.716 4901918.657 6147393.004 4668914.509 6304942.075 6721153.506 10280473.38 2051806281.
      sorted:	 5376.578761 10310.95001 18656.18648 26321.57251 33739.02928 40166.19609 51346.84644 60749.85726 71882.03777 86780.50256 90285.00467 103043.8648 109512.9303 119291.4883 122689.2921 129483.9638 142164.7768 151820.2044 159241.1169 161662.7153 167361.5757 169408.5375 175475.1169 180471.8697 187250.2221 192225.2009 193531.6927 193738.8767 198680.7463 200510.8374 205248.1355 212202.2780 214352.1704 215541.2108 217789.4902 221607.0644 223596.7667 224463.5880 232893.0962 244403.9978 255003.1118 368764.0330 370072.0627 575930.3508 4668914.509 4901918.657 5104188.626 5169712.014 5235147.702 5286767.985 5301702.790 5367800.958 5387459.134 5422234.070 5481586.846 5500711.305 5534623.877 5557152.931 5560497.551 5568334.174 5612553.973 5617968.993 5624391.798 5647866.008 5688401.930 5717165.975 5831157.397 5914904.650 6000432.716 6147393.004 6304942.075 6721153.506 10280473.38 2051806281.
