    unsorted:	 202271.4616 202975.3619 200974.7287 198363.5607 198986.1499 196633.0963 206568.8468 209085.3541 208317.8287 192328.1491 190441.3825 184444.9504 217896.0558 221354.5077 179424.0776 167795.2346 168790.6442 169592.6258 226054.7020 232702.0151 232897.9207 235480.4152 160880.7600 156509.7740 242665.5472 150835.3101 249258.6468 134630.1279 125651.8814 118596.6989 107983.1204 270615.0574 272289.7524 100512.0528 87474.99085 79946.18159 69844.33225 60309.01427 54628.42904 44495.72539 40002.70193 35919.19048 32191.81409 23172.09043 21818.60079 13475.48534 13031.71443 7027.740425 296731.0849 466.8794542 333772.0807 370073.2827 391927.8102 446897.3332 474158.3556 483053.0172 496359.3484 525126.4085 538039.2002 576629.8852 662281.1674 691447.1996 827194.0085 922022.7953 992063.0171 1220078.358 1428336.033 1697291.345 1851114.051 2360900.340 3152737.244 3484230.463 7428781.123 11403717.55
      sorted:	 466.8794542 7027.740425 13031.71443 13475.48534 21818.60079 23172.09043 32191.81409 35919.19048 40002.70193 44495.72539 54628.42904 60309.01427 69844.33225 79946.18159 87474.99085 100512.0528 107983.1204 118596.6989 125651.8814 134630.1279 150835.3101 156509.7740 160880.7600 167795.2346 168790.6442 169592.6258 179424.0776 184444.9504 190441.3825 192328.1491 196633.0963 198363.5607 198986.1499 200974.7287 202271.4616 202975.3619 206568.8468 208317.8287 209085.3541 217896.0558 221354.5077 226054.7020 232702.0151 232897.9207 235480.4152 242665.5472 249258.6468 270615.0574 272289.7524 296731.0849 333772.0807 370073.2827 391927.8102 446897.3332 474158.3556 483053.0172 496359.3484 525126.4085 538039.2002 576629.8852 662281.1674 691447.1996 827194.0085 922022.7953 992063.0171 1220078.358 1428336.033 1697291.345 1851114.051 2360900.340 3152737.244 3484230.463 7428781.123 11403717.55
