    unsorted:	 25.00000000 25.00000000 25.00000000 25.00000000 25.00000000 195376.2920 197266.8898 199150.2534 193649.8875 201295.4110 203653.0265 205147.3379 205647.2401 190753.6012 216527.3650 217601.9927 182660.1560 221682.7981 173778.9136 172552.7502 166487.7289 230588.1139 159672.5552 240199.9630 241388.2666 244438.2360 151075.4449 139987.5976 136532.0449 252609.6598 125347.6445 113512.1380 106494.1183 93973.41441 82826.27500 73610.03958 65398.81151 57375.55817 52171.52895 44477.27156 37511.08770 31928.81311 25700.01511 23023.45785 260.9909231 185.3676874 475.7917303 643.3427255 1020.090397 16141.17305 13825.67582 7482.457835 274573.9462 278829.6672 307780.1061 319706.6542 331904.6035 371187.6586 406210.8371 485139.7421 545817.1570 580485.0753 589952.7109 619777.1535 654017.6671 708687.5454 807670.8496 863016.9555 1030254.595 1114733.281 1240838.493 1511460.320 1750058.591 2086388.882 2263785.151 2795605.254 3536582.420 4096348.001 4816797.498 11141963.89
      sorted:	 25.00000000 25.00000000 25.00000000 25.00000000 25.00000000 185.3676874 260.9909231 475.7917303 643.3427255 1020.090397 7482.457835 13825.67582 16141.17305 23023.45785 25700.01511 31928.81311 37511.08770 44477.27156 52171.52895 57375.55817 65398.81151 73610.03958 82826.27500 93973.41441 106494.1183 113512.1380 125347.6445 136532.0449 139987.5976 151075.4449 159672.5552 166487.7289 172552.7502 173778.9136 182660.1560 190753.6012 193649.8875 195376.2920 197266.8898 199150.2534 201295.4110 203653.0265 205147.3379 205647.2401 216527.3650 217601.9927 221682.7981 230588.1139 240199.9630 241388.2666 244438.2360 252609.6598 274573.9462 278829.6672 307780.1061 319706.6542 331904.6035 371187.6586 406210.8371 485139.7421 545817.1570 580485.0753 589952.7109 619777.1535 654017.6671 708687.5454 807670.8496 863016.9555 1030254.595 1114733.281 1240838.493 1511460.320 1750058.591 2086388.882 2263785.151 2795605.254 3536582.420 4096348.001 4816797.498 11141963.89
