    unsorted:	 212736.3943 211906.3563 211016.5924 214521.0360 205224.3032 204278.5797 202721.3693 198641.2122 194272.0758 190638.3149 190113.0875 188375.6277 219797.3591 224665.7948 178671.7921 173309.4241 232159.9062 237600.2260 167736.8503 241892.6049 245531.0140 246287.5725 159602.8072 158522.8178 152794.4931 253039.1929 140823.0976 132580.7336 123063.2348 113066.3416 271807.2083 276389.8910 97990.31388 95089.74465 91393.79354 78537.49842 70483.63672 59519.68677 55477.62637 44112.12698 40918.25025 35584.08815 30020.14322 22924.99800 21733.30076 13467.93371 12968.15644 299512.9005 7088.104572 515.9916911 332981.9072 370070.6475 387735.0324 432146.9885 457074.0549 464150.6618 483839.9169 510093.6453 538045.8566 555405.2956 632922.8693 672900.6166 800299.8072 861462.2947 963719.2827 1186122.913 1348724.800 1615027.161 1770663.209 2327489.327 3004767.991 3488319.811 7198288.842 11075299.64
      sorted:	 515.9916911 7088.104572 12968.15644 13467.93371 21733.30076 22924.99800 30020.14322 35584.08815 40918.25025 44112.12698 55477.62637 59519.68677 70483.63672 78537.49842 91393.79354 95089.74465 97990.31388 113066.3416 123063.2348 132580.7336 140823.0976 152794.4931 158522.8178 159602.8072 167736.8503 173309.4241 178671.7921 188375.6277 190113.0875 190638.3149 194272.0758 198641.2122 202721.3693 204278.5797 205224.3032 211016.5924 211906.3563 212736.3943 214521.0360 219797.3591 224665.7948 232159.9062 237600.2260 241892.6049 245531.0140 246287.5725 253039.1929 271807.2083 276389.8910 299512.9005 332981.9072 370070.6475 387735.0324 432146.9885 457074.0549 464150.6618 483839.9169 510093.6453 538045.8566 555405.2956 632922.8693 672900.6166 800299.8072 861462.2947 963719.2827 1186122.913 1348724.800 1615027.161 1770663.209 2327489.327 3004767.991 3488319.811 7198288.842 11075299.64
