    unsorted:	 25.00000000 25.00000000 25.00000000 25.00000000 25.00000000 191910.7150 191837.5164 189336.1169 196713.6383 201614.3037 201127.9593 203813.5079 208661.3076 209597.4036 211677.9394 216091.7164 180214.4065 176192.7948 173325.2227 225770.9587 163092.7851 157921.3227 153774.0714 151413.9747 239373.7540 236774.7559 234175.5426 240465.7398 144222.9922 135975.2401 253278.8635 123332.2369 108389.6573 92971.02202 275581.1182 82221.60136 282598.6348 71166.55296 63201.46763 50214.90104 47969.47710 41624.84357 37768.93697 31974.13091 25131.10753 22096.28739 259.9269337 173.2124933 477.6342929 645.4125885 998.2004590 16173.46220 13815.31598 7406.633675 301962.6091 321414.3378 328267.1327 360839.4058 398911.9287 470483.1174 531184.8554 561010.2875 572208.3019 598522.5160 636515.0693 681240.1238 782750.3059 837886.6271 1015039.723 1089601.654 1225248.854 1492778.973 1718370.438 2039515.072 2210314.692 2804845.232 3525444.718 4108446.575 4830056.071 10783571.46
      sorted:	 25.00000000 25.00000000 25.00000000 25.00000000 25.00000000 173.2124933 259.9269337 477.6342929 645.4125885 998.2004590 7406.633675 13815.31598 16173.46220 22096.28739 25131.10753 31974.13091 37768.93697 41624.84357 47969.47710 50214.90104 63201.46763 71166.55296 82221.60136 92971.02202 108389.6573 123332.2369 135975.2401 144222.9922 151413.9747 153774.0714 157921.3227 163092.7851 173325.2227 176192.7948 180214.4065 189336.1169 191837.5164 191910.7150 196713.6383 201127.9593 201614.3037 203813.5079 208661.3076 209597.4036 211677.9394 216091.7164 225770.9587 234175.5426 236774.7559 239373.7540 240465.7398 253278.8635 275581.1182 282598.6348 301962.6091 321414.3378 328267.1327 360839.4058 398911.9287 470483.1174 531184.8554 561010.2875 572208.3019 598522.5160 636515.0693 681240.1238 782750.3059 837886.6271 1015039.723 1089601.654 1225248.854 1492778.973 1718370.438 2039515.072 2210314.692 2804845.232 3525444.718 4108446.575 4830056.071 10783571.46
