    unsorted:	 25.00000000 25.00000000 25.00000000 25.00000000 25.00000000 199842.7988 199563.0852 197732.0019 203355.2830 204761.8851 192488.1255 207605.6948 209059.0044 190914.7132 185384.8259 178468.9380 175407.5568 175096.9057 215805.6900 221486.4011 168042.6156 164225.2460 158324.5758 237027.8344 237465.9870 234023.5934 150453.3302 244321.4533 139703.4060 130113.2597 259176.0956 118376.8917 108048.9120 93593.20209 274719.1727 80275.33316 70637.93397 63729.20121 54873.42516 50017.87818 42721.82364 39664.12473 28362.06880 23976.91171 22766.03008 16618.79686 260.7825484 175.8425919 487.4008203 650.7386717 1017.248382 13859.69929 7233.347970 283248.2085 294842.0421 320521.0052 318090.7314 350843.6742 393380.8818 468476.0871 526814.4916 561903.9369 569468.0788 593012.5446 633593.4546 682635.2599 781602.9566 838241.1388 1019028.262 1097029.188 1236128.240 1493491.703 1715236.472 2051064.133 2225878.824 2804421.012 3532607.945 4135533.307 4835366.113 10826281.44
      sorted:	 25.00000000 25.00000000 25.00000000 25.00000000 25.00000000 175.8425919 260.7825484 487.4008203 650.7386717 1017.248382 7233.347970 13859.69929 16618.79686 22766.03008 23976.91171 28362.06880 39664.12473 42721.82364 50017.87818 54873.42516 63729.20121 70637.93397 80275.33316 93593.20209 108048.9120 118376.8917 130113.2597 139703.4060 150453.3302 158324.5758 164225.2460 168042.6156 175096.9057 175407.5568 178468.9380 185384.8259 190914.7132 192488.1255 197732.0019 199563.0852 199842.7988 203355.2830 204761.8851 207605.6948 209059.0044 215805.6900 221486.4011 234023.5934 237027.8344 237465.9870 244321.4533 259176.0956 274719.1727 283248.2085 294842.0421 318090.7314 320521.0052 350843.6742 393380.8818 468476.0871 526814.4916 561903.9369 569468.0788 593012.5446 633593.4546 682635.2599 781602.9566 838241.1388 1019028.262 1097029.188 1236128.240 1493491.703 1715236.472 2051064.133 2225878.824 2804421.012 3532607.945 4135533.307 4835366.113 10826281.44
