    unsorted:	 200231.6986 200025.3338 200365.3622 198826.9584 197778.3112 194828.2598 204099.3271 209057.8823 210018.6830 212708.1767 189834.6148 186397.6929 182717.3680 179794.5839 216830.4602 173939.8041 172594.1151 165816.3705 165068.4617 225774.1609 155154.1645 233590.4232 239749.1041 242636.1773 243980.6336 148457.7585 253069.5429 136758.0545 130256.5122 264762.6621 118129.3135 272460.8724 104095.9045 98831.91364 85064.26625 79353.58894 72848.62453 59668.65465 50210.40402 43408.97215 40725.50798 35859.79648 31184.35453 22964.89303 21794.84172 13470.60048 12908.17658 292515.0812 7033.703160 462.3306377 329691.2719 370072.9849 388832.9584 431339.1086 464575.6330 482794.6536 490500.3184 522012.1797 538656.2641 571184.4323 650437.8056 688546.9152 832537.9149 930569.3368 998800.1448 1210533.898 1435067.710 1702825.447 1875816.243 2364676.416 3155544.895 3515789.247 7534285.301 11512123.54
      sorted:	 462.3306377 7033.703160 12908.17658 13470.60048 21794.84172 22964.89303 31184.35453 35859.79648 40725.50798 43408.97215 50210.40402 59668.65465 72848.62453 79353.58894 85064.26625 98831.91364 104095.9045 118129.3135 130256.5122 136758.0545 148457.7585 155154.1645 165068.4617 165816.3705 172594.1151 173939.8041 179794.5839 182717.3680 186397.6929 189834.6148 194828.2598 197778.3112 198826.9584 200025.3338 200231.6986 200365.3622 204099.3271 209057.8823 210018.6830 212708.1767 216830.4602 225774.1609 233590.4232 239749.1041 242636.1773 243980.6336 253069.5429 264762.6621 272460.8724 292515.0812 329691.2719 370072.9849 388832.9584 431339.1086 464575.6330 482794.6536 490500.3184 522012.1797 538656.2641 571184.4323 650437.8056 688546.9152 832537.9149 930569.3368 998800.1448 1210533.898 1435067.710 1702825.447 1875816.243 2364676.416 3155544.895 3515789.247 7534285.301 11512123.54
