    unsorted:	 203208.1086 201866.2832 204253.4280 200781.5384 205668.6368 206330.9972 198160.8448 196542.0056 191568.9181 191299.5983 189333.4790 185141.7058 180028.4010 177796.3181 172385.0379 215472.5593 170743.2041 222775.3224 228148.2280 227308.1071 233644.4297 236445.5051 161952.0945 154906.4352 246528.7517 143679.7468 253337.0697 136099.5582 129628.4816 118176.6836 269798.4279 274202.5651 102312.7349 94577.56526 86837.16082 79609.17370 71435.86774 61459.28799 58181.05974 45491.43158 39554.71274 35956.10191 31046.54390 22222.01157 20864.12568 13478.30340 13010.61710 7120.217584 298221.3298 407.9934975 331469.0916 370073.9981 384936.3025 446026.9089 471467.1684 477409.9054 493966.9082 523837.4514 538331.7179 572525.0894 661541.2390 687933.4257 821976.3793 911497.3612 982732.3333 1206615.733 1414995.213 1659640.672 1827066.102 2337583.634 3140879.216 3448111.201 7439800.673 11379054.45
      sorted:	 407.9934975 7120.217584 13010.61710 13478.30340 20864.12568 22222.01157 31046.54390 35956.10191 39554.71274 45491.43158 58181.05974 61459.28799 71435.86774 79609.17370 86837.16082 94577.56526 102312.7349 118176.6836 129628.4816 136099.5582 143679.7468 154906.4352 161952.0945 170743.2041 172385.0379 177796.3181 180028.4010 185141.7058 189333.4790 191299.5983 191568.9181 196542.0056 198160.8448 200781.5384 201866.2832 203208.1086 204253.4280 205668.6368 206330.9972 215472.5593 222775.3224 227308.1071 228148.2280 233644.4297 236445.5051 246528.7517 253337.0697 269798.4279 274202.5651 298221.3298 331469.0916 370073.9981 384936.3025 446026.9089 471467.1684 477409.9054 493966.9082 523837.4514 538331.7179 572525.0894 661541.2390 687933.4257 821976.3793 911497.3612 982732.3333 1206615.733 1414995.213 1659640.672 1827066.102 2337583.634 3140879.216 3448111.201 7439800.673 11379054.45
