    unsorted:	 25.00000000 25.00000000 25.00000000 25.00000000 25.00000000 201275.1460 201406.4692 199907.8212 204387.0451 195358.0827 193796.8123 192208.1195 211307.2596 212142.6484 187244.8785 218733.7960 222352.9769 178496.5322 174521.0555 169975.8992 165740.1736 162523.8958 158725.1705 232913.3192 232826.9364 228323.3551 236576.5694 149951.8175 137552.7045 252097.6604 127539.8125 117959.6207 111435.4401 95099.69403 269997.7301 273503.3163 79906.22230 71404.83225 63219.05055 56351.59844 53212.13145 43753.50001 38134.94442 30886.14399 25152.04149 22976.45341 17225.54798 263.5275856 182.1146245 483.7531237 656.8532310 1004.799841 13434.27562 7130.060907 294006.3859 313066.9521 325486.1718 355777.3138 393216.7839 478012.9682 523756.2419 560981.1151 565741.6377 591419.2977 631135.5032 672554.0464 770765.9851 841449.4862 1018075.699 1086862.566 1248133.067 1504181.309 1702138.387 2040089.990 2228296.409 2821880.053 3535024.317 4108654.001 4816195.767 10842422.60
      sorted:	 25.00000000 25.00000000 25.00000000 25.00000000 25.00000000 182.1146245 263.5275856 483.7531237 656.8532310 1004.799841 7130.060907 13434.27562 17225.54798 22976.45341 25152.04149 30886.14399 38134.94442 43753.50001 53212.13145 56351.59844 63219.05055 71404.83225 79906.22230 95099.69403 111435.4401 117959.6207 127539.8125 137552.7045 149951.8175 158725.1705 162523.8958 165740.1736 169975.8992 174521.0555 178496.5322 187244.8785 192208.1195 193796.8123 195358.0827 199907.8212 201275.1460 201406.4692 204387.0451 211307.2596 212142.6484 218733.7960 222352.9769 228323.3551 232826.9364 232913.3192 236576.5694 252097.6604 269997.7301 273503.3163 294006.3859 313066.9521 325486.1718 355777.3138 393216.7839 478012.9682 523756.2419 560981.1151 565741.6377 591419.2977 631135.5032 672554.0464 770765.9851 841449.4862 1018075.699 1086862.566 1248133.067 1504181.309 1702138.387 2040089.990 2228296.409 2821880.053 3535024.317 4108654.001 4816195.767 10842422.60
