    unsorted:	 193603.9568 192539.1116 198145.0729 203186.1729 204560.2636 186680.0890 185547.5779 180020.5135 210445.6868 211663.3356 213580.8452 176771.5354 218777.0270 220251.3259 169342.5151 167183.1711 227135.2992 226730.4118 161085.8204 160178.9809 234728.6327 151779.1252 140489.7899 243354.0464 127517.3692 122962.4902 118435.7435 111892.5234 105028.7115 261545.2287 89500.22508 85481.78923 68052.32760 59004.19487 50948.50961 44114.21970 40746.51021 22254.17620 16362.33244 10705.62059 6805.011485 370073.4279 368813.0583 575973.5728 5610734.139 5612624.025 5558948.485 5562495.215 5574461.111 5621645.270 5539761.559 5501349.970 5483156.218 5653554.016 5684332.084 5424633.023 5709214.056 5390346.686 5366357.060 5311211.309 5282961.165 5262099.422 5827659.387 5167160.195 5105926.386 5907548.946 6005242.121 4907423.815 6138828.350 4684537.544 6298870.720 6727443.364 10158470.64 2052806956.
      sorted:	 6805.011485 10705.62059 16362.33244 22254.17620 40746.51021 44114.21970 50948.50961 59004.19487 68052.32760 85481.78923 89500.22508 105028.7115 111892.5234 118435.7435 122962.4902 127517.3692 140489.7899 151779.1252 160178.9809 161085.8204 167183.1711 169342.5151 176771.5354 180020.5135 185547.5779 186680.0890 192539.1116 193603.9568 198145.0729 203186.1729 204560.2636 210445.6868 211663.3356 213580.8452 218777.0270 220251.3259 226730.4118 227135.2992 234728.6327 243354.0464 261545.2287 368813.0583 370073.4279 575973.5728 4684537.544 4907423.815 5105926.386 5167160.195 5262099.422 5282961.165 5311211.309 5366357.060 5390346.686 5424633.023 5483156.218 5501349.970 5539761.559 5558948.485 5562495.215 5574461.111 5610734.139 5612624.025 5621645.270 5653554.016 5684332.084 5709214.056 5827659.387 5907548.946 6005242.121 6138828.350 6298870.720 6727443.364 10158470.64 2052806956.
