    unsorted:	 189730.7272 190220.8099 192463.4891 185223.6651 182095.1678 199292.5403 202548.1895 204912.9817 209256.2906 212809.3230 215283.2980 175496.6629 219287.2516 222959.9149 225695.8282 226079.6615 230215.8132 170052.4856 166628.4422 157964.2566 155808.5149 150832.3087 238925.9537 140162.9963 131934.5814 123658.1868 119494.6816 110273.7797 104147.0831 85401.81444 86448.08801 265725.8347 69719.55370 60846.36220 51540.37330 43640.39040 35737.37472 33736.54732 15673.49279 9775.781198 8419.023586 370070.8729 368796.3144 576157.4568 5560375.018 5556914.989 5567983.937 5612261.374 5611923.815 5619952.164 5535816.781 5503437.849 5482525.215 5652539.344 5676243.884 5423320.929 5703919.863 5391199.230 5365390.332 5299053.062 5291736.841 5251669.649 5820087.528 5171057.910 5120621.306 5912246.805 6007463.555 4920282.087 6141124.727 4679397.483 6306979.103 6678363.940 10149466.68 2052780529.
      sorted:	 8419.023586 9775.781198 15673.49279 33736.54732 35737.37472 43640.39040 51540.37330 60846.36220 69719.55370 85401.81444 86448.08801 104147.0831 110273.7797 119494.6816 123658.1868 131934.5814 140162.9963 150832.3087 155808.5149 157964.2566 166628.4422 170052.4856 175496.6629 182095.1678 185223.6651 189730.7272 190220.8099 192463.4891 199292.5403 202548.1895 204912.9817 209256.2906 212809.3230 215283.2980 219287.2516 222959.9149 225695.8282 226079.6615 230215.8132 238925.9537 265725.8347 368796.3144 370070.8729 576157.4568 4679397.483 4920282.087 5120621.306 5171057.910 5251669.649 5291736.841 5299053.062 5365390.332 5391199.230 5423320.929 5482525.215 5503437.849 5535816.781 5556914.989 5560375.018 5567983.937 5611923.815 5612261.374 5619952.164 5652539.344 5676243.884 5703919.863 5820087.528 5912246.805 6007463.555 6141124.727 6306979.103 6678363.940 10149466.68 2052780529.
