    unsorted:	 25.00000000 25.00000000 25.00000000 25.00000000 25.00000000 202113.8179 202897.9530 205169.8814 204103.8540 198786.9358 196593.2571 195167.1922 212915.7118 190259.1405 182125.1234 179151.8348 219654.6146 221689.5241 172177.1328 228040.4041 226583.1894 163995.9504 165714.1186 167323.2706 158094.5061 235389.5864 240537.4203 148887.6086 247756.4081 139409.2351 131733.5353 118616.5755 266091.4538 271303.5131 105214.2033 90973.56140 80744.44999 70166.79880 55824.09381 60956.54736 50965.84901 46048.72292 39376.67433 30641.37123 24584.95088 22173.08049 17110.46492 261.8567862 170.6144683 494.1589757 656.8501463 994.1634102 13464.39007 7041.705500 290004.7061 312455.5350 323184.8382 354127.0858 395104.9822 478977.9307 533198.6452 560612.3268 574729.0856 601538.3909 638094.5498 683715.3499 783133.6359 845797.1027 1014653.425 1077950.263 1242131.424 1497970.672 1701467.749 2038387.419 2238083.306 2804601.826 3546817.005 4084736.672 4818211.092 10663891.25
      sorted:	 25.00000000 25.00000000 25.00000000 25.00000000 25.00000000 170.6144683 261.8567862 494.1589757 656.8501463 994.1634102 7041.705500 13464.39007 17110.46492 22173.08049 24584.95088 30641.37123 39376.67433 46048.72292 50965.84901 55824.09381 60956.54736 70166.79880 80744.44999 90973.56140 105214.2033 118616.5755 131733.5353 139409.2351 148887.6086 158094.5061 163995.9504 165714.1186 167323.2706 172177.1328 179151.8348 182125.1234 190259.1405 195167.1922 196593.2571 198786.9358 202113.8179 202897.9530 204103.8540 205169.8814 212915.7118 219654.6146 221689.5241 226583.1894 228040.4041 235389.5864 240537.4203 247756.4081 266091.4538 271303.5131 290004.7061 312455.5350 323184.8382 354127.0858 395104.9822 478977.9307 533198.6452 560612.3268 574729.0856 601538.3909 638094.5498 683715.3499 783133.6359 845797.1027 1014653.425 1077950.263 1242131.424 1497970.672 1701467.749 2038387.419 2238083.306 2804601.826 3546817.005 4084736.672 4818211.092 10663891.25
