    unsorted:	 25.00000000 25.00000000 25.00000000 25.00000000 25.00000000 201774.5646 200962.1285 203614.1302 204904.9964 207205.0590 196775.6187 194633.8095 189717.8650 187085.9758 213143.0598 177776.0678 171843.6785 167179.8683 166802.3551 222271.8903 227125.3163 227519.3764 159029.5557 236526.7327 237962.4747 152633.0963 249997.9764 246674.6607 144047.5341 138863.7846 126392.1027 115728.8933 108649.9881 269637.6022 95007.87381 276165.5650 83493.29878 72002.75259 61854.30663 55199.66662 45961.49050 42980.38625 37093.92039 32919.47061 24896.63405 22333.40227 17028.26687 261.8936068 181.5540806 493.6032140 659.4223623 1012.727188 13156.89172 7144.547583 295923.4081 315332.7020 316284.7793 351547.0668 395252.2253 478025.6718 513909.0603 549182.4681 554353.8086 582398.0713 630842.2983 665322.8409 758442.4678 832005.0686 1005335.159 1057616.806 1226656.919 1506241.612 1669081.790 1996091.382 2227574.255 2777728.723 3490098.994 4026899.655 4818469.514 10447256.69
      sorted:	 25.00000000 25.00000000 25.00000000 25.00000000 25.00000000 181.5540806 261.8936068 493.6032140 659.4223623 1012.727188 7144.547583 13156.89172 17028.26687 22333.40227 24896.63405 32919.47061 37093.92039 42980.38625 45961.49050 55199.66662 61854.30663 72002.75259 83493.29878 95007.87381 108649.9881 115728.8933 126392.1027 138863.7846 144047.5341 152633.0963 159029.5557 166802.3551 167179.8683 171843.6785 177776.0678 187085.9758 189717.8650 194633.8095 196775.6187 200962.1285 201774.5646 203614.1302 204904.9964 207205.0590 213143.0598 222271.8903 227125.3163 227519.3764 236526.7327 237962.4747 246674.6607 249997.9764 269637.6022 276165.5650 295923.4081 315332.7020 316284.7793 351547.0668 395252.2253 478025.6718 513909.0603 549182.4681 554353.8086 582398.0713 630842.2983 665322.8409 758442.4678 832005.0686 1005335.159 1057616.806 1226656.919 1506241.612 1669081.790 1996091.382 2227574.255 2777728.723 3490098.994 4026899.655 4818469.514 10447256.69
