    unsorted:	 199378.7258 199069.2212 200441.7214 204711.0018 206806.7309 212463.1763 211402.8577 216456.0624 221974.7666 219607.6408 224356.9714 230221.9052 229571.4925 182405.4596 184030.9250 179801.1892 173996.8905 166711.3430 161518.3844 158345.1845 157985.5460 150096.7981 239474.3963 141726.7876 131523.5611 125189.1302 119308.5425 113000.3209 105625.3532 264815.1655 87347.14308 82847.67516 77193.23924 61809.70199 52365.08680 43345.81751 42257.81996 27665.73423 13880.16748 9836.107232 4786.629104 370071.4957 368816.8282 576017.2315 5614587.605 5609744.243 5622509.022 5578632.401 5570597.361 5555590.894 5533842.611 5648467.234 5501783.512 5483264.474 5686448.915 5421058.350 5712603.853 5385738.075 5364306.381 5288887.999 5281252.927 5233578.907 5162936.648 5839190.019 5109792.640 5924031.910 6007108.575 4909124.609 6142076.505 4665194.953 6311612.521 6688929.670 10186088.80 2051605188.
      sorted:	 4786.629104 9836.107232 13880.16748 27665.73423 42257.81996 43345.81751 52365.08680 61809.70199 77193.23924 82847.67516 87347.14308 105625.3532 113000.3209 119308.5425 125189.1302 131523.5611 141726.7876 150096.7981 157985.5460 158345.1845 161518.3844 166711.3430 173996.8905 179801.1892 182405.4596 184030.9250 199069.2212 199378.7258 200441.7214 204711.0018 206806.7309 211402.8577 212463.1763 216456.0624 219607.6408 221974.7666 224356.9714 229571.4925 230221.9052 239474.3963 264815.1655 368816.8282 370071.4957 576017.2315 4665194.953 4909124.609 5109792.640 5162936.648 5233578.907 5281252.927 5288887.999 5364306.381 5385738.075 5421058.350 5483264.474 5501783.512 5533842.611 5555590.894 5570597.361 5578632.401 5609744.243 5614587.605 5622509.022 5648467.234 5686448.915 5712603.853 5839190.019 5924031.910 6007108.575 6142076.505 6311612.521 6688929.670 10186088.80 2051605188.
