    unsorted:	 25.00000000 25.00000000 25.00000000 25.00000000 25.00000000 196207.8963 195439.4978 199462.6702 200386.9421 202690.5683 203156.3366 192023.6251 190028.9913 188230.6691 207009.3536 179640.2701 214477.3877 216996.7038 171127.1817 167945.7055 165328.3571 162204.7025 155895.8318 147837.2605 232598.1074 236382.6155 241102.9738 245689.1437 143250.5658 130940.1815 256512.4765 119750.2030 108357.6382 94168.35904 273896.9158 276325.2940 82403.66918 72670.42194 63185.01227 58112.92424 47566.97903 46201.78962 39892.94242 30077.68742 24528.98305 21684.92664 16876.42373 261.7260266 179.5400096 484.9848969 655.1680707 1004.712825 13554.31955 7337.087382 302753.8447 319838.5325 322929.1790 360652.0350 399049.2434 482478.7302 520498.4336 560027.9833 568449.4320 598776.7359 640773.2706 681417.7774 780071.3750 843558.8493 1027139.773 1092265.118 1245439.310 1495901.747 1713489.992 2051455.523 2240868.088 2788101.523 3529018.138 4125549.523 4838210.799 10923835.76
      sorted:	 25.00000000 25.00000000 25.00000000 25.00000000 25.00000000 179.5400096 261.7260266 484.9848969 655.1680707 1004.712825 7337.087382 13554.31955 16876.42373 21684.92664 24528.98305 30077.68742 39892.94242 46201.78962 47566.97903 58112.92424 63185.01227 72670.42194 82403.66918 94168.35904 108357.6382 119750.2030 130940.1815 143250.5658 147837.2605 155895.8318 162204.7025 165328.3571 167945.7055 171127.1817 179640.2701 188230.6691 190028.9913 192023.6251 195439.4978 196207.8963 199462.6702 200386.9421 202690.5683 203156.3366 207009.3536 214477.3877 216996.7038 232598.1074 236382.6155 241102.9738 245689.1437 256512.4765 273896.9158 276325.2940 302753.8447 319838.5325 322929.1790 360652.0350 399049.2434 482478.7302 520498.4336 560027.9833 568449.4320 598776.7359 640773.2706 681417.7774 780071.3750 843558.8493 1027139.773 1092265.118 1245439.310 1495901.747 1713489.992 2051455.523 2240868.088 2788101.523 3529018.138 4125549.523 4838210.799 10923835.76
