    unsorted:	 204779.4796 203660.6559 205560.2146 202188.1794 200392.2192 199085.7401 209785.9492 195648.8633 194401.3853 191418.6127 211438.0831 185724.0792 181474.9282 178966.9616 219954.7437 173271.8359 225444.9770 229127.8870 230288.9251 234192.3303 167303.3408 164066.2181 238421.8784 155875.6099 148364.8651 249112.2062 134923.5906 122518.4961 258441.3817 114869.1788 104525.4971 98594.36042 272803.4133 88461.68089 278798.5463 79132.45719 67180.27485 59943.55659 55864.60782 42045.75811 46212.10345 36101.88587 31514.33152 25872.51685 22232.15586 13480.05791 13075.93572 7273.022904 305772.7425 481.6916981 337217.3765 370076.9704 388214.8489 454634.1748 467790.3662 481411.5719 491707.2949 521323.1986 538723.2447 565317.8195 651217.1365 687928.3020 813371.2367 895466.8933 980628.5486 1208196.063 1383028.026 1645879.962 1793799.460 2335890.077 3076346.063 3381524.314 7309286.831 11133242.60
      sorted:	 481.6916981 7273.022904 13075.93572 13480.05791 22232.15586 25872.51685 31514.33152 36101.88587 42045.75811 46212.10345 55864.60782 59943.55659 67180.27485 79132.45719 88461.68089 98594.36042 104525.4971 114869.1788 122518.4961 134923.5906 148364.8651 155875.6099 164066.2181 167303.3408 173271.8359 178966.9616 181474.9282 185724.0792 191418.6127 194401.3853 195648.8633 199085.7401 200392.2192 202188.1794 203660.6559 204779.4796 205560.2146 209785.9492 211438.0831 219954.7437 225444.9770 229127.8870 230288.9251 234192.3303 238421.8784 249112.2062 258441.3817 272803.4133 278798.5463 305772.7425 337217.3765 370076.9704 388214.8489 454634.1748 467790.3662 481411.5719 491707.2949 521323.1986 538723.2447 565317.8195 651217.1365 687928.3020 813371.2367 895466.8933 980628.5486 1208196.063 1383028.026 1645879.962 1793799.460 2335890.077 3076346.063 3381524.314 7309286.831 11133242.60
