    unsorted:	 201193.5201 200128.1366 199237.9682 197535.7238 205543.7043 194009.9717 190308.4051 189582.8720 209908.9737 210884.1339 211769.5283 184246.4206 176402.4160 218160.0651 173037.8855 170219.4545 231892.6364 232059.6036 235609.7782 237580.9073 160457.2824 159501.3634 154615.4139 240833.9672 147232.1470 247280.4132 137126.7676 129829.6743 255221.6482 120774.7374 108972.0081 100046.3620 274579.7328 275747.7746 79991.82143 75569.40463 68869.74810 59812.31628 53003.10557 44220.93560 41026.30440 35227.04988 27931.57113 23389.72500 22200.27429 13492.50292 13150.98972 7236.962317 303798.3151 483.1775452 335808.6745 370065.1659 390072.2875 446674.3424 473041.9758 482903.4366 491845.8667 521647.8065 538699.9735 569025.0943 658607.0411 691286.4628 828991.3074 918200.4522 984647.2638 1219706.764 1428704.991 1691212.567 1855232.970 2376095.898 3123718.193 3424752.311 7442251.091 11356970.18
      sorted:	 483.1775452 7236.962317 13150.98972 13492.50292 22200.27429 23389.72500 27931.57113 35227.04988 41026.30440 44220.93560 53003.10557 59812.31628 68869.74810 75569.40463 79991.82143 100046.3620 108972.0081 120774.7374 129829.6743 137126.7676 147232.1470 154615.4139 159501.3634 160457.2824 170219.4545 173037.8855 176402.4160 184246.4206 189582.8720 190308.4051 194009.9717 197535.7238 199237.9682 200128.1366 201193.5201 205543.7043 209908.9737 210884.1339 211769.5283 218160.0651 231892.6364 232059.6036 235609.7782 237580.9073 240833.9672 247280.4132 255221.6482 274579.7328 275747.7746 303798.3151 335808.6745 370065.1659 390072.2875 446674.3424 473041.9758 482903.4366 491845.8667 521647.8065 538699.9735 569025.0943 658607.0411 691286.4628 828991.3074 918200.4522 984647.2638 1219706.764 1428704.991 1691212.567 1855232.970 2376095.898 3123718.193 3424752.311 7442251.091 11356970.18
