    unsorted:	 204021.7983 203500.4504 201729.1559 200825.2863 206306.2737 195890.0992 192960.2635 191596.2108 208819.9050 187823.7500 184577.3764 181570.7071 179507.8005 220288.1949 218622.7938 221467.5420 222672.6382 171535.0029 169986.1442 227634.2618 164283.2399 157726.6608 153073.2561 236023.2282 147293.2085 242940.6647 135834.9284 251863.9989 124279.5490 117061.3579 267278.3442 268685.5499 104729.5560 98744.27138 87071.96301 77407.21266 70865.62645 58336.61215 51357.56158 46009.25057 42105.50645 32080.52611 34632.44346 294555.9518 21801.25989 20714.74806 13455.55971 12546.51927 6945.939918 377.3249525 329083.3249 370072.8285 382798.1787 434542.1096 463399.8631 467891.4154 484963.2028 511068.2496 537861.6417 557329.9643 638452.3128 676768.6173 801619.7436 883615.2960 975113.1054 1194121.702 1397387.557 1652266.939 1821692.461 2349503.855 3122028.670 3467507.926 7418719.611 11360361.60
      sorted:	 377.3249525 6945.939918 12546.51927 13455.55971 20714.74806 21801.25989 32080.52611 34632.44346 42105.50645 46009.25057 51357.56158 58336.61215 70865.62645 77407.21266 87071.96301 98744.27138 104729.5560 117061.3579 124279.5490 135834.9284 147293.2085 153073.2561 157726.6608 164283.2399 169986.1442 171535.0029 179507.8005 181570.7071 184577.3764 187823.7500 191596.2108 192960.2635 195890.0992 200825.2863 201729.1559 203500.4504 204021.7983 206306.2737 208819.9050 218622.7938 220288.1949 221467.5420 222672.6382 227634.2618 236023.2282 242940.6647 251863.9989 267278.3442 268685.5499 294555.9518 329083.3249 370072.8285 382798.1787 434542.1096 463399.8631 467891.4154 484963.2028 511068.2496 537861.6417 557329.9643 638452.3128 676768.6173 801619.7436 883615.2960 975113.1054 1194121.702 1397387.557 1652266.939 1821692.461 2349503.855 3122028.670 3467507.926 7418719.611 11360361.60
