    unsorted:	 201909.3031 202601.7618 200695.7833 197195.2563 196207.7219 195478.3619 191584.7521 189789.4297 188954.9458 207313.1726 210551.3967 211890.3910 214510.8069 179096.5683 172408.3307 170971.5419 226717.5303 228013.0369 232340.3607 233488.5250 165118.7222 160870.3498 154029.8293 241392.3470 149140.5852 248559.8664 136237.6552 257129.0466 130027.9106 118472.3551 273729.2825 102669.6909 95087.71875 88779.66519 79692.95862 278876.5612 69983.82387 60283.22438 56289.79700 43538.64844 38964.61177 35793.11765 32917.10010 22466.53838 21305.78244 13479.48691 13009.04666 7223.428502 302131.2137 453.3819484 335184.5419 370068.4105 387569.0231 437389.2761 457231.7884 466610.4589 478982.2190 507038.4095 537640.6316 552601.2502 635370.8010 672737.7210 806242.5918 872713.4710 970285.9976 1192370.057 1353056.728 1624823.106 1777954.463 2324007.714 3045560.681 3478782.355 7257957.604 11180936.33
      sorted:	 453.3819484 7223.428502 13009.04666 13479.48691 21305.78244 22466.53838 32917.10010 35793.11765 38964.61177 43538.64844 56289.79700 60283.22438 69983.82387 79692.95862 88779.66519 95087.71875 102669.6909 118472.3551 130027.9106 136237.6552 149140.5852 154029.8293 160870.3498 165118.7222 170971.5419 172408.3307 179096.5683 188954.9458 189789.4297 191584.7521 195478.3619 196207.7219 197195.2563 200695.7833 201909.3031 202601.7618 207313.1726 210551.3967 211890.3910 214510.8069 226717.5303 228013.0369 232340.3607 233488.5250 241392.3470 248559.8664 257129.0466 273729.2825 278876.5612 302131.2137 335184.5419 370068.4105 387569.0231 437389.2761 457231.7884 466610.4589 478982.2190 507038.4095 537640.6316 552601.2502 635370.8010 672737.7210 806242.5918 872713.4710 970285.9976 1192370.057 1353056.728 1624823.106 1777954.463 2324007.714 3045560.681 3478782.355 7257957.604 11180936.33
