    unsorted:	 25.00000000 25.00000000 25.00000000 25.00000000 25.00000000 185856.6018 179107.3206 180286.9781 189490.1812 197094.1530 194835.3071 200184.7772 202107.4470 171562.6046 169819.4359 207746.1308 209340.1952 162045.1919 161662.0204 158093.0385 218864.1358 221267.2763 226247.2152 234271.2428 234413.5716 230168.3447 148763.7591 140145.0293 131164.8087 255289.9550 252340.4216 119470.2368 109006.1072 96233.59556 87661.87730 76719.64289 65654.12327 56389.37109 47604.34998 44689.13218 39256.10160 32586.56819 25730.03099 23266.54947 263.0243656 199.6109006 478.8153472 665.6194747 1052.281516 17377.77627 13918.30448 7229.561342 280114.9210 296308.8179 291978.5118 323043.8325 322060.4954 355397.8561 396932.4711 481751.5925 534643.0740 564874.1068 575506.4281 602293.6598 641410.6630 689765.9794 786730.9170 842288.1229 1011493.857 1095388.595 1246718.185 1502968.788 1716675.825 2055238.530 2242670.342 2804836.516 3564885.698 4117879.726 4833222.311 10962247.03
      sorted:	 25.00000000 25.00000000 25.00000000 25.00000000 25.00000000 199.6109006 263.0243656 478.8153472 665.6194747 1052.281516 7229.561342 13918.30448 17377.77627 23266.54947 25730.03099 32586.56819 39256.10160 44689.13218 47604.34998 56389.37109 65654.12327 76719.64289 87661.87730 96233.59556 109006.1072 119470.2368 131164.8087 140145.0293 148763.7591 158093.0385 161662.0204 162045.1919 169819.4359 171562.6046 179107.3206 180286.9781 185856.6018 189490.1812 194835.3071 197094.1530 200184.7772 202107.4470 207746.1308 209340.1952 218864.1358 221267.2763 226247.2152 230168.3447 234271.2428 234413.5716 252340.4216 255289.9550 280114.9210 291978.5118 296308.8179 322060.4954 323043.8325 355397.8561 396932.4711 481751.5925 534643.0740 564874.1068 575506.4281 602293.6598 641410.6630 689765.9794 786730.9170 842288.1229 1011493.857 1095388.595 1246718.185 1502968.788 1716675.825 2055238.530 2242670.342 2804836.516 3564885.698 4117879.726 4833222.311 10962247.03
