    unsorted:	 200220.7353 204361.7718 207104.2081 194535.7318 189884.2881 186294.3535 184578.2486 181362.6198 213688.7822 214571.9726 216306.1914 221080.8686 223480.1130 171910.3180 168223.5350 165801.4366 159190.4612 156466.4262 234854.6728 236764.6876 237001.5859 147653.6107 247033.5175 247624.9340 139405.0848 135408.8246 123668.1176 119228.7509 110519.8002 104198.4554 88196.97113 85718.36966 70041.29895 57258.99563 44613.74745 41729.21747 37298.11630 27057.23736 15726.75337 10424.02046 5469.634333 370068.2234 368818.3912 576197.0380 5616911.409 5617811.843 5625246.479 5565075.983 5557760.202 5573311.386 5535449.225 5653762.297 5504255.862 5483407.352 5683479.130 5421977.614 5713666.044 5389572.292 5368471.430 5307527.946 5297354.088 5230955.726 5837729.822 5162984.284 5088563.667 5929614.368 6006689.992 4905543.596 6139925.232 4674121.964 6319780.626 6726982.181 10209570.69 2051590965.
      sorted:	 5469.634333 10424.02046 15726.75337 27057.23736 37298.11630 41729.21747 44613.74745 57258.99563 70041.29895 85718.36966 88196.97113 104198.4554 110519.8002 119228.7509 123668.1176 135408.8246 139405.0848 147653.6107 156466.4262 159190.4612 165801.4366 168223.5350 171910.3180 181362.6198 184578.2486 186294.3535 189884.2881 194535.7318 200220.7353 204361.7718 207104.2081 213688.7822 214571.9726 216306.1914 221080.8686 223480.1130 234854.6728 236764.6876 237001.5859 247033.5175 247624.9340 368818.3912 370068.2234 576197.0380 4674121.964 4905543.596 5088563.667 5162984.284 5230955.726 5297354.088 5307527.946 5368471.430 5389572.292 5421977.614 5483407.352 5504255.862 5535449.225 5557760.202 5565075.983 5573311.386 5616911.409 5617811.843 5625246.479 5653762.297 5683479.130 5713666.044 5837729.822 5929614.368 6006689.992 6139925.232 6319780.626 6726982.181 10209570.69 2051590965.
