    unsorted:	 213989.2907 214768.5840 213378.0414 211227.1639 208068.5847 205377.7578 202127.2817 199892.6907 218236.9506 194734.6687 221365.5436 188029.7460 186802.9325 225246.7187 175317.7135 173079.4643 167437.5953 166125.2095 158774.5284 155270.5473 150360.4859 141452.4786 134523.5942 244016.1774 243536.3489 124157.7388 119808.2562 107917.4312 259605.3487 97947.06840 90105.91718 87033.48054 77301.55551 59363.27215 48056.89719 40059.08808 37188.89430 24705.80388 13953.21282 9752.436301 7395.575533 370068.3545 368782.6015 575835.9800 5614517.614 5558850.684 5563032.854 5577721.814 5610727.042 5538919.593 5627646.831 5501497.608 5483191.349 5659259.954 5674043.707 5706149.466 5422118.074 5385821.995 5361609.887 5290985.778 5280441.656 5208452.488 5162995.762 5840962.963 5083424.323 5922237.812 6004141.127 4906399.173 6143109.858 4684343.231 6313509.784 6716312.949 10252257.82 2049900090.
      sorted:	 7395.575533 9752.436301 13953.21282 24705.80388 37188.89430 40059.08808 48056.89719 59363.27215 77301.55551 87033.48054 90105.91718 97947.06840 107917.4312 119808.2562 124157.7388 134523.5942 141452.4786 150360.4859 155270.5473 158774.5284 166125.2095 167437.5953 173079.4643 175317.7135 186802.9325 188029.7460 194734.6687 199892.6907 202127.2817 205377.7578 208068.5847 211227.1639 213378.0414 213989.2907 214768.5840 218236.9506 221365.5436 225246.7187 243536.3489 244016.1774 259605.3487 368782.6015 370068.3545 575835.9800 4684343.231 4906399.173 5083424.323 5162995.762 5208452.488 5280441.656 5290985.778 5361609.887 5385821.995 5422118.074 5483191.349 5501497.608 5538919.593 5558850.684 5563032.854 5577721.814 5610727.042 5614517.614 5627646.831 5659259.954 5674043.707 5706149.466 5840962.963 5922237.812 6004141.127 6143109.858 6313509.784 6716312.949 10252257.82 2049900090.
