    unsorted:	 25.00000000 25.00000000 25.00000000 25.00000000 25.00000000 190894.7386 189632.3855 187770.4314 195153.6795 198103.7823 197479.6517 202819.2071 210407.3907 212386.7437 207786.1524 179808.3109 175821.5145 173246.1984 220391.5590 226162.2053 224033.1382 229178.2441 230456.8238 233128.6355 165863.4301 162851.3167 158360.9715 151558.0305 247800.7728 140862.2947 131489.6954 118904.8445 264368.3428 268236.0949 107454.6417 92693.66466 77855.23469 68427.56779 61044.83520 54005.06075 51186.08045 43338.92672 38487.17091 29968.89351 24174.31838 21618.26257 16721.37571 261.1582142 166.9680003 503.6489052 649.9722888 990.5172299 13318.37707 7042.830997 291932.7607 311312.9766 319787.4074 349957.7102 392600.3967 478827.3605 519374.7797 563665.8496 570962.4182 593447.4842 635797.3418 679524.0087 778732.6717 845711.2305 1019588.011 1099052.738 1253275.734 1516453.385 1739214.791 2058517.039 2227774.006 2829310.460 3532383.190 4133972.354 4814066.165 10888882.12
      sorted:	 25.00000000 25.00000000 25.00000000 25.00000000 25.00000000 166.9680003 261.1582142 503.6489052 649.9722888 990.5172299 7042.830997 13318.37707 16721.37571 21618.26257 24174.31838 29968.89351 38487.17091 43338.92672 51186.08045 54005.06075 61044.83520 68427.56779 77855.23469 92693.66466 107454.6417 118904.8445 131489.6954 140862.2947 151558.0305 158360.9715 162851.3167 165863.4301 173246.1984 175821.5145 179808.3109 187770.4314 189632.3855 190894.7386 195153.6795 197479.6517 198103.7823 202819.2071 207786.1524 210407.3907 212386.7437 220391.5590 224033.1382 226162.2053 229178.2441 230456.8238 233128.6355 247800.7728 264368.3428 268236.0949 291932.7607 311312.9766 319787.4074 349957.7102 392600.3967 478827.3605 519374.7797 563665.8496 570962.4182 593447.4842 635797.3418 679524.0087 778732.6717 845711.2305 1019588.011 1099052.738 1253275.734 1516453.385 1739214.791 2058517.039 2227774.006 2829310.460 3532383.190 4133972.354 4814066.165 10888882.12
