    unsorted:	 25.00000000 25.00000000 25.00000000 25.00000000 25.00000000 192323.4557 191169.4613 188369.8649 197687.4136 200818.5573 204827.4642 204009.3858 213307.2319 212123.8471 218306.4379 218652.8067 179696.0852 175680.4549 224726.0286 167806.8527 232381.5464 157407.6862 160881.7204 156076.5120 236740.8766 244188.2609 142020.5473 135578.8261 253306.1224 124506.6484 113169.6780 103341.6466 92602.86621 87592.53126 266797.6941 73895.49820 63989.26525 55811.97343 49039.59107 45370.41933 40067.27301 30859.94839 25700.20233 22885.96005 17162.29698 261.9105751 204.5013981 494.8453118 666.4802512 1102.814661 13783.62514 7270.668432 282545.2435 297755.8138 301688.2388 325758.5999 326528.8039 361610.6740 398467.6188 476714.7468 522773.9313 551112.4570 563689.9426 593577.1947 630930.5170 674483.6677 767237.2501 833194.1423 997328.6367 1049353.839 1213561.353 1482163.500 1659970.963 1988275.213 2231406.881 2778148.894 3516095.021 4022074.501 4829355.709 10545148.01
      sorted:	 25.00000000 25.00000000 25.00000000 25.00000000 25.00000000 204.5013981 261.9105751 494.8453118 666.4802512 1102.814661 7270.668432 13783.62514 17162.29698 22885.96005 25700.20233 30859.94839 40067.27301 45370.41933 49039.59107 55811.97343 63989.26525 73895.49820 87592.53126 92602.86621 103341.6466 113169.6780 124506.6484 135578.8261 142020.5473 156076.5120 157407.6862 160881.7204 167806.8527 175680.4549 179696.0852 188369.8649 191169.4613 192323.4557 197687.4136 200818.5573 204009.3858 204827.4642 212123.8471 213307.2319 218306.4379 218652.8067 224726.0286 232381.5464 236740.8766 244188.2609 253306.1224 266797.6941 282545.2435 297755.8138 301688.2388 325758.5999 326528.8039 361610.6740 398467.6188 476714.7468 522773.9313 551112.4570 563689.9426 593577.1947 630930.5170 674483.6677 767237.2501 833194.1423 997328.6367 1049353.839 1213561.353 1482163.500 1659970.963 1988275.213 2231406.881 2778148.894 3516095.021 4022074.501 4829355.709 10545148.01
