    unsorted:	 202458.5854 194016.0734 196221.4762 197535.8175 192671.7181 200573.0148 190794.2826 204861.4797 206484.7886 207428.6032 186700.2802 183450.0244 175680.8175 167157.9790 167824.4215 166254.7211 161867.8714 217660.8554 224052.8021 226367.9842 228822.4715 154878.7251 150504.3869 242192.3084 244587.6149 247178.3355 137826.8901 132441.1945 257260.0308 121001.0514 110253.2230 272401.6418 272257.5976 101624.7626 86349.77394 80550.64632 68536.12929 59926.56548 49009.63029 42647.18772 37475.16290 35442.07320 30696.83924 20506.29595 22429.62282 13483.71287 13017.07468 7234.265044 302219.7847 437.2183457 337464.4508 370063.6284 388929.7281 441337.3325 473258.0678 481858.3390 494175.9054 524146.0854 538959.1467 574681.9764 661421.2227 696028.0279 827580.2574 918616.3641 989095.7813 1210593.917 1433158.870 1687306.004 1848029.601 2367997.660 3160334.737 3456299.494 7524956.786 11586943.85
      sorted:	 437.2183457 7234.265044 13017.07468 13483.71287 20506.29595 22429.62282 30696.83924 35442.07320 37475.16290 42647.18772 49009.63029 59926.56548 68536.12929 80550.64632 86349.77394 101624.7626 110253.2230 121001.0514 132441.1945 137826.8901 150504.3869 154878.7251 161867.8714 166254.7211 167157.9790 167824.4215 175680.8175 183450.0244 186700.2802 190794.2826 192671.7181 194016.0734 196221.4762 197535.8175 200573.0148 202458.5854 204861.4797 206484.7886 207428.6032 217660.8554 224052.8021 226367.9842 228822.4715 242192.3084 244587.6149 247178.3355 257260.0308 272257.5976 272401.6418 302219.7847 337464.4508 370063.6284 388929.7281 441337.3325 473258.0678 481858.3390 494175.9054 524146.0854 538959.1467 574681.9764 661421.2227 696028.0279 827580.2574 918616.3641 989095.7813 1210593.917 1433158.870 1687306.004 1848029.601 2367997.660 3160334.737 3456299.494 7524956.786 11586943.85
