    unsorted:	 25.00000000 25.00000000 25.00000000 25.00000000 25.00000000 204849.9352 203009.1975 201743.3546 199175.5789 196966.0856 208423.5120 190261.1851 188711.9633 187587.1401 213551.7762 214669.7330 180732.8719 223948.2685 226717.3620 229041.1196 230770.8262 171910.6492 168521.0563 236631.6809 164781.3454 160440.0279 154966.3320 246838.9857 145125.2985 141769.7843 131083.6749 120523.2957 111162.0973 264836.3232 268216.9998 98716.12180 87533.16947 72906.75591 62605.29559 53513.34464 47609.14516 44306.31705 39194.92713 30766.20926 24615.17282 22195.66929 261.8504230 160.9271505 493.4811692 643.4600179 972.8743773 16424.77545 13510.78635 7217.429608 297381.5442 312865.4465 330943.9266 363449.2412 396297.1859 479034.1869 538925.7049 564532.7725 576887.7960 600760.1720 642427.0413 684786.7875 783450.2600 843429.8252 1020465.351 1099227.399 1235436.475 1506744.255 1739221.258 2077556.180 2253136.125 2829101.568 3540479.420 4144325.650 4805090.174 11136946.64
      sorted:	 25.00000000 25.00000000 25.00000000 25.00000000 25.00000000 160.9271505 261.8504230 493.4811692 643.4600179 972.8743773 7217.429608 13510.78635 16424.77545 22195.66929 24615.17282 30766.20926 39194.92713 44306.31705 47609.14516 53513.34464 62605.29559 72906.75591 87533.16947 98716.12180 111162.0973 120523.2957 131083.6749 141769.7843 145125.2985 154966.3320 160440.0279 164781.3454 168521.0563 171910.6492 180732.8719 187587.1401 188711.9633 190261.1851 196966.0856 199175.5789 201743.3546 203009.1975 204849.9352 208423.5120 213551.7762 214669.7330 223948.2685 226717.3620 229041.1196 230770.8262 236631.6809 246838.9857 264836.3232 268216.9998 297381.5442 312865.4465 330943.9266 363449.2412 396297.1859 479034.1869 538925.7049 564532.7725 576887.7960 600760.1720 642427.0413 684786.7875 783450.2600 843429.8252 1020465.351 1099227.399 1235436.475 1506744.255 1739221.258 2077556.180 2253136.125 2829101.568 3540479.420 4144325.650 4805090.174 11136946.64
