    unsorted:	 25.00000000 25.00000000 25.00000000 25.00000000 25.00000000 203522.5146 202631.8593 201191.2085 205397.2385 199281.0951 209067.1849 193535.9782 192635.5471 213395.2805 188662.8370 223156.9353 230527.8866 228934.8466 232307.3117 234698.9245 178257.0603 166436.6355 165655.8069 168250.2296 158481.3965 155486.9699 247532.6436 143372.9913 254032.2503 138456.6627 129875.9829 119826.2296 109830.6083 96230.22681 275336.6653 85213.82644 283345.1525 73642.31311 64002.35021 52895.42510 48307.60781 44180.21991 39615.87464 32512.28319 25304.77675 22598.85869 261.5367260 190.6413827 481.1892075 653.2198602 1034.091883 16610.64308 13556.24968 7328.183871 301430.3727 319528.5584 328286.6538 365792.8305 399897.1964 480877.6665 529864.1859 558135.7983 565923.0614 589200.5873 633138.5788 671870.7231 769615.4624 839180.2108 1014508.227 1086652.783 1232952.207 1505550.900 1713175.263 2049735.516 2226202.756 2830833.673 3529430.107 4108291.618 4819937.514 10991159.64
      sorted:	 25.00000000 25.00000000 25.00000000 25.00000000 25.00000000 190.6413827 261.5367260 481.1892075 653.2198602 1034.091883 7328.183871 13556.24968 16610.64308 22598.85869 25304.77675 32512.28319 39615.87464 44180.21991 48307.60781 52895.42510 64002.35021 73642.31311 85213.82644 96230.22681 109830.6083 119826.2296 129875.9829 138456.6627 143372.9913 155486.9699 158481.3965 165655.8069 166436.6355 168250.2296 178257.0603 188662.8370 192635.5471 193535.9782 199281.0951 201191.2085 202631.8593 203522.5146 205397.2385 209067.1849 213395.2805 223156.9353 228934.8466 230527.8866 232307.3117 234698.9245 247532.6436 254032.2503 275336.6653 283345.1525 301430.3727 319528.5584 328286.6538 365792.8305 399897.1964 480877.6665 529864.1859 558135.7983 565923.0614 589200.5873 633138.5788 671870.7231 769615.4624 839180.2108 1014508.227 1086652.783 1232952.207 1505550.900 1713175.263 2049735.516 2226202.756 2830833.673 3529430.107 4108291.618 4819937.514 10991159.64
