    unsorted:	 202910.6934 202023.2470 204517.2188 199798.9292 198257.1261 194480.0263 193797.9939 192882.3964 189321.9599 209593.7198 210168.7467 212946.5832 214887.1109 220244.2165 179665.9651 175991.8970 226484.7671 228467.6934 168557.9792 162937.3409 162366.4130 232385.6037 154703.2182 238824.7265 241432.6037 149834.4157 252388.5863 135910.0224 130013.7311 117651.6537 269680.5076 102805.1551 98875.72320 85187.11694 79109.53043 279078.8901 64421.76801 58412.63971 43672.78118 48434.10593 42034.43119 35976.69634 31820.27205 20413.28914 21812.67294 13473.07420 12920.67961 7072.298007 294167.3326 452.2250980 330678.9390 370069.4508 390603.4997 438352.1985 463756.1243 469863.5926 487346.3036 514403.3726 537981.3697 560805.2349 643566.1344 678519.1686 810623.4137 892193.1499 989617.8816 1194239.421 1371416.881 1632365.603 1791306.832 2327895.962 3065970.093 3509880.766 7274782.595 11238711.82
      sorted:	 452.2250980 7072.298007 12920.67961 13473.07420 20413.28914 21812.67294 31820.27205 35976.69634 42034.43119 43672.78118 48434.10593 58412.63971 64421.76801 79109.53043 85187.11694 98875.72320 102805.1551 117651.6537 130013.7311 135910.0224 149834.4157 154703.2182 162366.4130 162937.3409 168557.9792 175991.8970 179665.9651 189321.9599 192882.3964 193797.9939 194480.0263 198257.1261 199798.9292 202023.2470 202910.6934 204517.2188 209593.7198 210168.7467 212946.5832 214887.1109 220244.2165 226484.7671 228467.6934 232385.6037 238824.7265 241432.6037 252388.5863 269680.5076 279078.8901 294167.3326 330678.9390 370069.4508 390603.4997 438352.1985 463756.1243 469863.5926 487346.3036 514403.3726 537981.3697 560805.2349 643566.1344 678519.1686 810623.4137 892193.1499 989617.8816 1194239.421 1371416.881 1632365.603 1791306.832 2327895.962 3065970.093 3509880.766 7274782.595 11238711.82
