    unsorted:	 194833.5512 192937.2350 190736.6842 198561.9808 205990.1620 207434.1019 214657.1184 215298.0438 212895.2308 220582.4062 221216.6158 179453.2474 177380.2124 167907.4086 170295.6867 166798.7521 159683.6041 157733.6239 151970.0725 227051.8802 230715.3754 143064.4260 135134.2040 241170.1054 245112.3910 124700.1920 120630.7203 110975.3079 255948.1681 104301.4739 86387.38310 81159.81821 68483.65584 59933.88802 51657.06906 42718.91791 40842.44283 25013.40047 13111.96782 9650.226736 7870.983415 370069.7786 368815.4362 576101.8475 5557516.980 5561861.896 5572651.131 5615340.623 5616368.387 5624394.804 5538860.951 5648983.711 5504447.531 5483413.965 5690409.226 5425090.147 5714681.404 5389208.458 5367239.391 5301160.111 5288454.413 5214028.352 5831515.653 5163111.260 5918040.755 5082623.540 6003934.211 4905420.034 6143826.630 4689351.049 6322651.949 6747482.979 10223507.40 2051104317.
      sorted:	 7870.983415 9650.226736 13111.96782 25013.40047 40842.44283 42718.91791 51657.06906 59933.88802 68483.65584 81159.81821 86387.38310 104301.4739 110975.3079 120630.7203 124700.1920 135134.2040 143064.4260 151970.0725 157733.6239 159683.6041 166798.7521 167907.4086 170295.6867 177380.2124 179453.2474 190736.6842 192937.2350 194833.5512 198561.9808 205990.1620 207434.1019 212895.2308 214657.1184 215298.0438 220582.4062 221216.6158 227051.8802 230715.3754 241170.1054 245112.3910 255948.1681 368815.4362 370069.7786 576101.8475 4689351.049 4905420.034 5082623.540 5163111.260 5214028.352 5288454.413 5301160.111 5367239.391 5389208.458 5425090.147 5483413.965 5504447.531 5538860.951 5557516.980 5561861.896 5572651.131 5615340.623 5616368.387 5624394.804 5648983.711 5690409.226 5714681.404 5831515.653 5918040.755 6003934.211 6143826.630 6322651.949 6747482.979 10223507.40 2051104317.
