    unsorted:	 203564.9159 202228.2128 206454.1162 205589.3236 210415.8552 198471.6797 196340.8074 215462.5100 215712.0222 190042.0159 190311.9572 183884.9603 220630.0718 179367.1479 172564.7975 170091.1378 164596.9169 163239.4727 228045.1140 233274.0566 240890.3666 239418.3800 155369.2157 247208.7063 251566.6179 141097.3770 135659.8902 126521.5435 262550.4602 119333.7679 108989.5328 274144.1298 100963.8856 85639.55895 282840.4369 81197.11498 66147.63756 59825.58653 56701.89827 40598.88096 44032.66670 35633.74511 33322.12799 21497.98132 23005.60071 13377.45315 13658.81323 7292.574343 302062.7841 498.0538826 332772.6799 370069.3161 389248.6489 444287.2884 464592.5480 475961.6092 492921.5394 518605.7223 537596.3924 567313.6250 650563.3654 681827.9579 809686.7721 879039.2142 966077.4365 1174530.286 1357713.499 1626038.369 1773032.951 2298476.835 3057468.537 3499428.453 7243877.293 11157688.22
      sorted:	 498.0538826 7292.574343 13377.45315 13658.81323 21497.98132 23005.60071 33322.12799 35633.74511 40598.88096 44032.66670 56701.89827 59825.58653 66147.63756 81197.11498 85639.55895 100963.8856 108989.5328 119333.7679 126521.5435 135659.8902 141097.3770 155369.2157 163239.4727 164596.9169 170091.1378 172564.7975 179367.1479 183884.9603 190042.0159 190311.9572 196340.8074 198471.6797 202228.2128 203564.9159 205589.3236 206454.1162 210415.8552 215462.5100 215712.0222 220630.0718 228045.1140 233274.0566 239418.3800 240890.3666 247208.7063 251566.6179 262550.4602 274144.1298 282840.4369 302062.7841 332772.6799 370069.3161 389248.6489 444287.2884 464592.5480 475961.6092 492921.5394 518605.7223 537596.3924 567313.6250 650563.3654 681827.9579 809686.7721 879039.2142 966077.4365 1174530.286 1357713.499 1626038.369 1773032.951 2298476.835 3057468.537 3499428.453 7243877.293 11157688.22
