    unsorted:	 189023.1539 189386.1566 188155.2229 190426.7533 193238.8609 194208.4818 198517.1813 200958.9801 182539.3577 208021.0594 208372.0886 211124.3300 176058.2245 175141.3583 220641.8242 220784.6831 220222.7840 218278.8564 162433.7938 162148.9947 165064.1699 155266.5944 235419.9958 236178.7865 239612.7531 150587.2957 135607.3086 252146.3983 131389.5278 117953.9350 264811.3992 268987.1165 100383.8109 96245.96008 87130.28458 77167.35580 66640.57830 57390.12720 52094.19265 42223.50004 38740.21153 34263.58353 28826.05845 23043.03096 20653.08253 13452.94915 12389.77374 6851.992307 291561.1044 403.9857434 327110.9948 370068.5063 385304.8376 426820.9021 460284.9984 467731.3155 480823.5340 510926.0847 536807.8052 554872.3475 636733.7915 679299.6444 811474.9132 896424.3017 984129.8196 1198617.654 1394534.752 1675061.444 1818467.589 2372082.657 3093105.231 3514231.117 7379464.270 11418269.45
      sorted:	 403.9857434 6851.992307 12389.77374 13452.94915 20653.08253 23043.03096 28826.05845 34263.58353 38740.21153 42223.50004 52094.19265 57390.12720 66640.57830 77167.35580 87130.28458 96245.96008 100383.8109 117953.9350 131389.5278 135607.3086 150587.2957 155266.5944 162148.9947 162433.7938 165064.1699 175141.3583 176058.2245 182539.3577 188155.2229 189023.1539 189386.1566 190426.7533 193238.8609 194208.4818 198517.1813 200958.9801 208021.0594 208372.0886 211124.3300 218278.8564 220222.7840 220641.8242 220784.6831 235419.9958 236178.7865 239612.7531 252146.3983 264811.3992 268987.1165 291561.1044 327110.9948 370068.5063 385304.8376 426820.9021 460284.9984 467731.3155 480823.5340 510926.0847 536807.8052 554872.3475 636733.7915 679299.6444 811474.9132 896424.3017 984129.8196 1198617.654 1394534.752 1675061.444 1818467.589 2372082.657 3093105.231 3514231.117 7379464.270 11418269.45
