    unsorted:	 192858.4240 194108.2311 194868.2152 191989.3449 189684.3350 198550.0573 199612.7315 203985.9651 206278.7945 206642.1923 209200.7914 209893.0614 180404.4043 218776.0910 224339.8259 224019.6922 226702.2641 227965.4771 174663.1590 171140.3221 165147.3145 237216.9999 159152.7015 153559.0722 242432.6816 148855.7463 251375.4537 135377.0309 125018.4897 117628.9417 272317.1672 273499.8542 102425.7175 98979.91129 88804.74865 79069.88176 70117.08834 58225.63587 50938.51076 41248.95196 36135.62143 34183.65009 29368.71500 22790.32514 21246.70434 13464.26639 12852.40856 7016.931934 294839.2303 433.2784410 329757.2412 370071.4644 384712.4416 441756.4030 465351.1356 472456.3001 485016.1359 513586.0995 537802.4226 559395.8311 643900.1000 676507.0308 806017.2025 881645.8656 973684.4855 1196753.547 1362061.840 1635295.324 1790860.315 2333366.071 3083516.375 3492344.984 7275697.082 11308675.78
      sorted:	 433.2784410 7016.931934 12852.40856 13464.26639 21246.70434 22790.32514 29368.71500 34183.65009 36135.62143 41248.95196 50938.51076 58225.63587 70117.08834 79069.88176 88804.74865 98979.91129 102425.7175 117628.9417 125018.4897 135377.0309 148855.7463 153559.0722 159152.7015 165147.3145 171140.3221 174663.1590 180404.4043 189684.3350 191989.3449 192858.4240 194108.2311 194868.2152 198550.0573 199612.7315 203985.9651 206278.7945 206642.1923 209200.7914 209893.0614 218776.0910 224019.6922 224339.8259 226702.2641 227965.4771 237216.9999 242432.6816 251375.4537 272317.1672 273499.8542 294839.2303 329757.2412 370071.4644 384712.4416 441756.4030 465351.1356 472456.3001 485016.1359 513586.0995 537802.4226 559395.8311 643900.1000 676507.0308 806017.2025 881645.8656 973684.4855 1196753.547 1362061.840 1635295.324 1790860.315 2333366.071 3083516.375 3492344.984 7275697.082 11308675.78
