    unsorted:	 25.00000000 25.00000000 25.00000000 25.00000000 25.00000000 205117.4294 206807.6005 207424.8379 200406.7371 198100.4326 195512.3876 189472.7484 187606.7742 184231.7997 217976.6012 223571.8405 225167.9864 175613.5128 172522.9962 170590.4047 168105.2576 164390.1339 229130.8904 234343.6153 155601.1965 238969.2825 149805.9780 244712.9541 249816.3334 139265.9570 129630.3995 119243.8342 109121.3086 272376.1154 95666.99775 279287.4109 83814.82448 73244.94889 64318.22249 52639.82103 50052.20911 42882.21156 37562.86823 31715.69869 24973.62140 22434.28913 17254.17071 263.2203960 190.6927006 487.4078743 657.2322358 1038.049255 13701.30034 7215.786144 296996.1941 315508.3488 328675.2294 363689.4468 397418.1581 475031.5572 534995.1790 572913.1267 579891.1340 599205.5694 639359.3745 685470.2434 791392.2657 854234.1965 1036095.056 1112910.460 1252018.540 1526121.481 1764521.584 2094236.745 2275161.952 2860827.826 3540167.768 4164441.318 4833213.909 11126504.28
      sorted:	 25.00000000 25.00000000 25.00000000 25.00000000 25.00000000 190.6927006 263.2203960 487.4078743 657.2322358 1038.049255 7215.786144 13701.30034 17254.17071 22434.28913 24973.62140 31715.69869 37562.86823 42882.21156 50052.20911 52639.82103 64318.22249 73244.94889 83814.82448 95666.99775 109121.3086 119243.8342 129630.3995 139265.9570 149805.9780 155601.1965 164390.1339 168105.2576 170590.4047 172522.9962 175613.5128 184231.7997 187606.7742 189472.7484 195512.3876 198100.4326 200406.7371 205117.4294 206807.6005 207424.8379 217976.6012 223571.8405 225167.9864 229130.8904 234343.6153 238969.2825 244712.9541 249816.3334 272376.1154 279287.4109 296996.1941 315508.3488 328675.2294 363689.4468 397418.1581 475031.5572 534995.1790 572913.1267 579891.1340 599205.5694 639359.3745 685470.2434 791392.2657 854234.1965 1036095.056 1112910.460 1252018.540 1526121.481 1764521.584 2094236.745 2275161.952 2860827.826 3540167.768 4164441.318 4833213.909 11126504.28
