    unsorted:	 202870.6628 204371.7511 200590.1998 199577.7960 197502.3519 196875.0443 206911.7393 209265.7446 211993.6499 189506.1315 187647.9981 185878.7235 216870.1285 178480.0685 176916.7156 172670.7348 224540.6041 226977.2078 230729.2121 165173.0389 162288.9492 233738.5364 236081.8463 154596.9021 149696.2053 243432.6582 251590.8755 136190.2948 128259.7408 118093.6143 268110.6486 272933.4984 101777.8731 96925.47102 86116.45612 78829.49341 71189.46216 58621.73807 292471.0328 52056.64331 41706.16469 38253.41362 34519.17476 31043.69403 22467.56057 21330.72203 13459.76211 12704.76147 6997.351758 466.4158357 328993.6322 370074.9226 388132.0785 429195.2245 463224.8720 467693.6901 482959.0063 511872.1910 537808.7678 554489.2952 636937.5985 676878.7603 814973.7102 901904.6317 989645.6231 1208335.675 1410874.283 1666312.749 1844059.662 2367748.550 3124787.615 3468139.849 7459897.435 11463513.33
      sorted:	 466.4158357 6997.351758 12704.76147 13459.76211 21330.72203 22467.56057 31043.69403 34519.17476 38253.41362 41706.16469 52056.64331 58621.73807 71189.46216 78829.49341 86116.45612 96925.47102 101777.8731 118093.6143 128259.7408 136190.2948 149696.2053 154596.9021 162288.9492 165173.0389 172670.7348 176916.7156 178480.0685 185878.7235 187647.9981 189506.1315 196875.0443 197502.3519 199577.7960 200590.1998 202870.6628 204371.7511 206911.7393 209265.7446 211993.6499 216870.1285 224540.6041 226977.2078 230729.2121 233738.5364 236081.8463 243432.6582 251590.8755 268110.6486 272933.4984 292471.0328 328993.6322 370074.9226 388132.0785 429195.2245 463224.8720 467693.6901 482959.0063 511872.1910 537808.7678 554489.2952 636937.5985 676878.7603 814973.7102 901904.6317 989645.6231 1208335.675 1410874.283 1666312.749 1844059.662 2367748.550 3124787.615 3468139.849 7459897.435 11463513.33
