    unsorted:	 25.00000000 25.00000000 25.00000000 25.00000000 25.00000000 193568.6933 194587.5770 199051.1146 197476.0775 202076.9818 189247.0401 185034.8440 205705.1242 207224.4837 178501.8093 175489.1234 171302.9137 166817.6383 216072.7440 217849.8218 159420.5598 156979.4767 224458.0433 241853.4595 237975.5630 245211.8086 142298.3982 133745.1430 127655.4309 117576.1917 108253.6779 262949.0050 266674.3842 96181.54556 89067.67954 72857.99693 61438.04426 54454.64217 49145.84759 44337.10377 38617.96226 33049.47139 25790.55951 21938.11364 17117.12969 261.7096145 202.6638025 468.6572368 665.2103885 1073.570049 14032.63886 7407.987897 290853.1365 301673.2452 306274.8661 318016.0455 331783.8805 354564.2928 400216.1044 479651.8765 516395.4303 559619.2548 565695.2997 593654.0547 631990.2574 676824.3641 772616.5972 840159.0959 1011565.258 1080988.483 1216261.150 1483230.816 1677557.873 2017868.507 2229420.143 2754175.533 3517199.468 4079754.226 4859205.367 10621987.67
      sorted:	 25.00000000 25.00000000 25.00000000 25.00000000 25.00000000 202.6638025 261.7096145 468.6572368 665.2103885 1073.570049 7407.987897 14032.63886 17117.12969 21938.11364 25790.55951 33049.47139 38617.96226 44337.10377 49145.84759 54454.64217 61438.04426 72857.99693 89067.67954 96181.54556 108253.6779 117576.1917 127655.4309 133745.1430 142298.3982 156979.4767 159420.5598 166817.6383 171302.9137 175489.1234 178501.8093 185034.8440 189247.0401 193568.6933 194587.5770 197476.0775 199051.1146 202076.9818 205705.1242 207224.4837 216072.7440 217849.8218 224458.0433 237975.5630 241853.4595 245211.8086 262949.0050 266674.3842 290853.1365 301673.2452 306274.8661 318016.0455 331783.8805 354564.2928 400216.1044 479651.8765 516395.4303 559619.2548 565695.2997 593654.0547 631990.2574 676824.3641 772616.5972 840159.0959 1011565.258 1080988.483 1216261.150 1483230.816 1677557.873 2017868.507 2229420.143 2754175.533 3517199.468 4079754.226 4859205.367 10621987.67
