    unsorted:	 201841.0822 204405.1119 204128.1108 203403.7426 199577.9078 207077.2381 195295.2896 194843.5397 193123.0579 188542.8562 186937.2993 215174.5558 219963.2692 220962.7410 224924.0047 223943.0324 180414.9951 170540.4366 167140.2299 165364.0206 159409.1613 236123.4839 235547.2441 151314.2324 144113.0043 244836.3914 135064.4088 252502.3614 126785.3027 117549.7932 270809.7239 271546.9631 100416.9053 95271.97520 87897.60056 77741.63346 68332.80405 57794.42594 52185.15921 39025.60347 42630.87686 34008.56208 30371.56046 22891.29394 20814.23325 13456.12210 12461.40008 7042.798510 296265.2995 413.6393468 331497.5897 370061.0577 392299.6257 439842.0407 457258.9997 470985.2027 485152.7984 512569.6021 537785.4325 554436.8762 635618.2451 679471.8644 808306.8454 874873.9478 979420.6755 1198605.778 1371979.296 1632765.599 1780692.395 2348310.816 3067753.859 3452400.028 7272075.161 11221112.43
      sorted:	 413.6393468 7042.798510 12461.40008 13456.12210 20814.23325 22891.29394 30371.56046 34008.56208 39025.60347 42630.87686 52185.15921 57794.42594 68332.80405 77741.63346 87897.60056 95271.97520 100416.9053 117549.7932 126785.3027 135064.4088 144113.0043 151314.2324 159409.1613 165364.0206 167140.2299 170540.4366 180414.9951 186937.2993 188542.8562 193123.0579 194843.5397 195295.2896 199577.9078 201841.0822 203403.7426 204128.1108 204405.1119 207077.2381 215174.5558 219963.2692 220962.7410 223943.0324 224924.0047 235547.2441 236123.4839 244836.3914 252502.3614 270809.7239 271546.9631 296265.2995 331497.5897 370061.0577 392299.6257 439842.0407 457258.9997 470985.2027 485152.7984 512569.6021 537785.4325 554436.8762 635618.2451 679471.8644 808306.8454 874873.9478 979420.6755 1198605.778 1371979.296 1632765.599 1780692.395 2348310.816 3067753.859 3452400.028 7272075.161 11221112.43
