    unsorted:	 25.00000000 25.00000000 25.00000000 25.00000000 25.00000000 196786.4221 202359.7889 201170.0065 203790.0491 205914.6197 210209.6791 210315.7411 211769.1859 193598.5069 191687.8184 190368.7614 180271.4036 177674.6163 222548.7762 174324.7607 226040.9919 168162.2489 232635.4279 237051.5504 162867.9262 156297.4187 238644.9363 149364.8480 137573.7688 253486.0996 124060.2495 113151.7934 107062.3905 94120.45235 83119.95997 60783.75534 70483.14641 56515.09721 54819.42124 44787.48215 39522.72661 29273.71508 24664.60233 22362.10983 16460.78700 260.1855146 173.6129332 490.0607835 650.0806470 1004.525591 13719.11691 7209.990159 269798.6117 276595.3837 293503.8137 316193.2196 324520.7498 350977.9813 392554.6913 472542.9860 529245.1362 565260.0826 570531.3245 595120.4073 634546.2370 680767.1317 778887.2933 838748.3706 1016777.681 1099694.090 1247123.531 1520053.561 1721063.032 2044205.476 2217349.304 2803235.988 3523429.106 4098475.805 4824160.945 10728516.92
      sorted:	 25.00000000 25.00000000 25.00000000 25.00000000 25.00000000 173.6129332 260.1855146 490.0607835 650.0806470 1004.525591 7209.990159 13719.11691 16460.78700 22362.10983 24664.60233 29273.71508 39522.72661 44787.48215 54819.42124 56515.09721 60783.75534 70483.14641 83119.95997 94120.45235 107062.3905 113151.7934 124060.2495 137573.7688 149364.8480 156297.4187 162867.9262 168162.2489 174324.7607 177674.6163 180271.4036 190368.7614 191687.8184 193598.5069 196786.4221 201170.0065 202359.7889 203790.0491 205914.6197 210209.6791 210315.7411 211769.1859 222548.7762 226040.9919 232635.4279 237051.5504 238644.9363 253486.0996 269798.6117 276595.3837 293503.8137 316193.2196 324520.7498 350977.9813 392554.6913 472542.9860 529245.1362 565260.0826 570531.3245 595120.4073 634546.2370 680767.1317 778887.2933 838748.3706 1016777.681 1099694.090 1247123.531 1520053.561 1721063.032 2044205.476 2217349.304 2803235.988 3523429.106 4098475.805 4824160.945 10728516.92
