    unsorted:	 25.00000000 25.00000000 25.00000000 25.00000000 25.00000000 190146.6921 189369.2380 194396.5488 194987.3603 200623.1657 203517.8360 206000.7247 207091.5983 185437.7855 174551.8710 172702.4250 169884.4391 166720.0189 164060.4838 215310.1844 217992.0616 157354.3382 225212.7826 225824.5908 234517.7909 234800.9901 238111.5802 150600.1062 249263.5130 136595.8247 126835.3153 121942.5447 112230.9888 267512.2035 270892.3449 94741.60046 79545.06841 68461.64933 58837.02531 52402.06752 48704.63375 46026.25839 40067.92075 30596.79180 24502.93344 22296.31952 16984.32805 262.3847549 174.3806823 506.4406872 654.7837354 1009.372325 13133.00183 7073.719344 291629.7013 311664.5531 320140.6935 353609.6374 390757.6872 477281.7352 516247.1091 552577.6221 556204.0426 582500.1033 626027.6745 663878.0503 761187.1540 831845.1963 1014994.243 1075412.092 1246164.722 1522548.300 1715423.278 2053526.383 2238591.416 2835907.146 3515126.174 4104759.474 4826905.335 10759024.68
      sorted:	 25.00000000 25.00000000 25.00000000 25.00000000 25.00000000 174.3806823 262.3847549 506.4406872 654.7837354 1009.372325 7073.719344 13133.00183 16984.32805 22296.31952 24502.93344 30596.79180 40067.92075 46026.25839 48704.63375 52402.06752 58837.02531 68461.64933 79545.06841 94741.60046 112230.9888 121942.5447 126835.3153 136595.8247 150600.1062 157354.3382 164060.4838 166720.0189 169884.4391 172702.4250 174551.8710 185437.7855 189369.2380 190146.6921 194396.5488 194987.3603 200623.1657 203517.8360 206000.7247 207091.5983 215310.1844 217992.0616 225212.7826 225824.5908 234517.7909 234800.9901 238111.5802 249263.5130 267512.2035 270892.3449 291629.7013 311664.5531 320140.6935 353609.6374 390757.6872 477281.7352 516247.1091 552577.6221 556204.0426 582500.1033 626027.6745 663878.0503 761187.1540 831845.1963 1014994.243 1075412.092 1246164.722 1522548.300 1715423.278 2053526.383 2238591.416 2835907.146 3515126.174 4104759.474 4826905.335 10759024.68
