    unsorted:	 206548.8101 203985.3238 202662.7329 201338.5218 199442.4197 197688.1847 209570.7637 217487.5109 217509.9737 216588.2514 219625.8928 191800.1101 190268.4757 183637.3729 225426.6192 178067.3809 167952.0234 167195.8754 170711.3212 165182.5374 231543.5746 233825.6968 158210.7448 152422.1718 245944.9573 137824.4919 253293.4403 259197.3030 131701.4382 120241.2163 274168.1981 276191.3159 107287.5974 100237.2901 83047.80604 80480.52399 66670.70163 59921.20198 52996.53190 44429.48180 41533.90467 36434.29710 29152.44689 22660.35321 21331.81971 13493.43187 13099.79805 7262.714989 303690.2259 513.8811807 338921.0728 370073.1562 392092.2030 435757.4801 465633.3341 469310.4076 483261.7248 514607.9358 538586.5000 558423.1664 641909.4515 685222.3582 811319.0439 900568.8093 984344.1899 1199823.863 1396633.492 1647413.210 1818384.500 2359217.993 3061314.803 3450267.631 7354300.339 11305324.22
      sorted:	 513.8811807 7262.714989 13099.79805 13493.43187 21331.81971 22660.35321 29152.44689 36434.29710 41533.90467 44429.48180 52996.53190 59921.20198 66670.70163 80480.52399 83047.80604 100237.2901 107287.5974 120241.2163 131701.4382 137824.4919 152422.1718 158210.7448 165182.5374 167195.8754 167952.0234 170711.3212 178067.3809 183637.3729 190268.4757 191800.1101 197688.1847 199442.4197 201338.5218 202662.7329 203985.3238 206548.8101 209570.7637 216588.2514 217487.5109 217509.9737 219625.8928 225426.6192 231543.5746 233825.6968 245944.9573 253293.4403 259197.3030 274168.1981 276191.3159 303690.2259 338921.0728 370073.1562 392092.2030 435757.4801 465633.3341 469310.4076 483261.7248 514607.9358 538586.5000 558423.1664 641909.4515 685222.3582 811319.0439 900568.8093 984344.1899 1199823.863 1396633.492 1647413.210 1818384.500 2359217.993 3061314.803 3450267.631 7354300.339 11305324.22
