    unsorted:	 25.00000000 25.00000000 25.00000000 25.00000000 25.00000000 206676.6287 206077.7390 204572.2401 203830.4616 202003.5028 211991.3885 212901.4342 199233.8114 194434.3111 187898.5357 186887.0896 180622.2495 223715.2574 171485.6625 172718.3088 165319.4304 164680.6492 158256.9098 231574.6599 237777.4891 238535.8232 148526.5354 245843.0257 138328.1166 253453.1175 128138.3331 117259.1795 104768.1760 89799.83174 80198.82883 72538.25985 64416.63887 55888.42533 51380.53258 43982.54333 38408.55218 30249.64782 25242.46712 22726.44857 16662.12713 260.0931983 180.1900604 484.2262904 656.4271827 1018.013782 13576.46484 7262.480233 274014.8212 280092.9747 297892.6209 316418.3832 326090.8236 361504.2070 399404.9723 474483.4641 523976.8391 557551.4297 567173.4542 593349.1762 631531.2641 675882.6342 772024.1908 839024.6341 1008577.131 1071765.551 1232510.530 1490072.902 1679139.309 2016418.382 2228051.977 2789415.943 3495548.117 4033433.176 4820003.654 10623580.64
      sorted:	 25.00000000 25.00000000 25.00000000 25.00000000 25.00000000 180.1900604 260.0931983 484.2262904 656.4271827 1018.013782 7262.480233 13576.46484 16662.12713 22726.44857 25242.46712 30249.64782 38408.55218 43982.54333 51380.53258 55888.42533 64416.63887 72538.25985 80198.82883 89799.83174 104768.1760 117259.1795 128138.3331 138328.1166 148526.5354 158256.9098 164680.6492 165319.4304 171485.6625 172718.3088 180622.2495 186887.0896 187898.5357 194434.3111 199233.8114 202003.5028 203830.4616 204572.2401 206077.7390 206676.6287 211991.3885 212901.4342 223715.2574 231574.6599 237777.4891 238535.8232 245843.0257 253453.1175 274014.8212 280092.9747 297892.6209 316418.3832 326090.8236 361504.2070 399404.9723 474483.4641 523976.8391 557551.4297 567173.4542 593349.1762 631531.2641 675882.6342 772024.1908 839024.6341 1008577.131 1071765.551 1232510.530 1490072.902 1679139.309 2016418.382 2228051.977 2789415.943 3495548.117 4033433.176 4820003.654 10623580.64
