    unsorted:	 177511.3358 179564.5224 184702.2862 171050.5933 172766.3448 169068.9607 194126.1748 196871.3699 198619.9622 202981.8847 208325.5246 208786.3286 214008.3595 160874.0309 217774.9376 219667.4246 224191.7737 156336.8475 227508.9931 228299.1173 232846.6812 235976.7794 149444.9157 139855.1263 129400.3290 123652.5249 119731.4175 111504.7608 106072.5085 90168.76452 88156.73276 261039.2477 68279.62434 58572.66016 51107.79176 44177.71964 42302.89164 23978.52476 13917.80635 9416.710748 5490.236731 370072.6176 368727.4102 574893.2106 5567679.069 5556419.903 5574259.568 5616422.328 5614287.145 5625785.714 5534647.807 5644205.213 5502137.459 5480205.104 5695209.776 5418654.981 5717460.479 5379627.369 5364141.617 5272232.495 5278149.321 5855256.202 5175529.517 5153059.880 5086222.005 5924570.143 6023033.479 4908413.002 6174865.667 4673432.245 6335334.970 6731961.091 10645348.67 2050974471.
      sorted:	 5490.236731 9416.710748 13917.80635 23978.52476 42302.89164 44177.71964 51107.79176 58572.66016 68279.62434 88156.73276 90168.76452 106072.5085 111504.7608 119731.4175 123652.5249 129400.3290 139855.1263 149444.9157 156336.8475 160874.0309 169068.9607 171050.5933 172766.3448 177511.3358 179564.5224 184702.2862 194126.1748 196871.3699 198619.9622 202981.8847 208325.5246 208786.3286 214008.3595 217774.9376 219667.4246 224191.7737 227508.9931 228299.1173 232846.6812 235976.7794 261039.2477 368727.4102 370072.6176 574893.2106 4673432.245 4908413.002 5086222.005 5153059.880 5175529.517 5272232.495 5278149.321 5364141.617 5379627.369 5418654.981 5480205.104 5502137.459 5534647.807 5556419.903 5567679.069 5574259.568 5614287.145 5616422.328 5625785.714 5644205.213 5695209.776 5717460.479 5855256.202 5924570.143 6023033.479 6174865.667 6335334.970 6731961.091 10645348.67 2050974471.
