    unsorted:	 206024.1577 203808.4087 207299.2798 209378.6191 210660.9595 197379.0230 196791.3644 195086.3105 193461.3008 189393.8007 186843.3285 185920.6106 214573.1376 217459.2756 217778.9066 177996.1630 176404.1562 166481.3439 168617.7637 161778.7408 158602.8971 149988.5083 234568.0599 238985.0104 245756.7780 145016.9064 249305.8555 131230.9702 122432.7612 113621.9119 262100.7690 265971.4343 98569.86027 94339.98557 86680.40469 73727.53320 66073.77476 57237.14184 53739.51473 43628.42088 40171.81404 33337.30147 31475.13422 21295.01835 19756.38926 13444.07850 11862.95745 6725.489341 288148.3480 347.7959761 322173.5795 370070.6845 380043.6653 417159.0006 445516.5077 450479.2877 469612.2229 498441.0816 534363.4663 538172.9604 612466.5916 665759.3955 790671.1770 841319.0934 966725.4478 1178218.654 1320824.758 1590957.464 1752693.555 2327282.360 2983723.523 3515281.915 7126560.906 11015889.61
      sorted:	 347.7959761 6725.489341 11862.95745 13444.07850 19756.38926 21295.01835 31475.13422 33337.30147 40171.81404 43628.42088 53739.51473 57237.14184 66073.77476 73727.53320 86680.40469 94339.98557 98569.86027 113621.9119 122432.7612 131230.9702 145016.9064 149988.5083 158602.8971 161778.7408 166481.3439 168617.7637 176404.1562 177996.1630 185920.6106 186843.3285 189393.8007 193461.3008 195086.3105 196791.3644 197379.0230 203808.4087 206024.1577 207299.2798 209378.6191 210660.9595 214573.1376 217459.2756 217778.9066 234568.0599 238985.0104 245756.7780 249305.8555 262100.7690 265971.4343 288148.3480 322173.5795 370070.6845 380043.6653 417159.0006 445516.5077 450479.2877 469612.2229 498441.0816 534363.4663 538172.9604 612466.5916 665759.3955 790671.1770 841319.0934 966725.4478 1178218.654 1320824.758 1590957.464 1752693.555 2327282.360 2983723.523 3515281.915 7126560.906 11015889.61
