    unsorted:	 188670.7897 188713.2834 192515.0747 198421.4287 199882.8795 200519.6813 196531.1294 203611.4535 206064.2525 211779.3608 212656.6852 177657.8636 176518.0308 170490.1914 163305.9934 163582.2590 220470.0147 155962.0396 153250.9400 230109.6704 228315.2827 237886.2356 237707.8702 235852.7755 242986.7751 149332.7404 252701.0239 136374.9464 132156.8335 265601.1352 119044.1311 107505.7848 274054.2117 101939.1703 85406.20207 78604.47776 68244.64782 58497.32191 292941.5568 48771.71229 42785.86736 40125.53927 34584.10109 27983.86908 22006.60196 20607.41474 13464.68266 12810.55644 6984.348174 484.7773458 329142.9508 370067.4637 387131.0442 436545.9910 460837.7556 466394.9370 482122.9662 509877.5274 537804.0057 550589.9676 636641.0041 676238.9783 806613.8278 876002.8869 969795.1672 1212003.913 1384354.530 1642558.842 1812112.914 2355480.138 3123059.038 3554261.437 7384967.764 11529335.72
      sorted:	 484.7773458 6984.348174 12810.55644 13464.68266 20607.41474 22006.60196 27983.86908 34584.10109 40125.53927 42785.86736 48771.71229 58497.32191 68244.64782 78604.47776 85406.20207 101939.1703 107505.7848 119044.1311 132156.8335 136374.9464 149332.7404 153250.9400 155962.0396 163305.9934 163582.2590 170490.1914 176518.0308 177657.8636 188670.7897 188713.2834 192515.0747 196531.1294 198421.4287 199882.8795 200519.6813 203611.4535 206064.2525 211779.3608 212656.6852 220470.0147 228315.2827 230109.6704 235852.7755 237707.8702 237886.2356 242986.7751 252701.0239 265601.1352 274054.2117 292941.5568 329142.9508 370067.4637 387131.0442 436545.9910 460837.7556 466394.9370 482122.9662 509877.5274 537804.0057 550589.9676 636641.0041 676238.9783 806613.8278 876002.8869 969795.1672 1212003.913 1384354.530 1642558.842 1812112.914 2355480.138 3123059.038 3554261.437 7384967.764 11529335.72
