    unsorted:	 25.00000000 25.00000000 25.00000000 25.00000000 25.00000000 198746.6671 197244.5923 196903.1470 193936.6740 191179.7128 189623.4870 201974.0150 207981.6403 210193.5295 213665.2182 217437.4976 173042.6758 178427.7496 170594.3599 165953.7905 165641.0067 227372.1418 225999.3901 225271.4792 230541.2925 156288.6672 239489.5730 144078.9412 138656.0582 129378.0328 255740.8083 118081.8228 108673.9482 95230.94648 84536.19343 273663.1867 277411.0447 72453.93355 290463.3976 62712.71771 51670.48361 46963.74162 43674.91343 39502.85472 29198.93471 23923.80490 21475.13289 16560.64964 260.5495090 183.8222702 493.6027839 650.7404464 1019.144513 13549.52219 7121.915679 313906.0203 323630.2702 350642.8174 393884.3799 478938.4862 527405.5748 559849.5602 567608.7053 591951.3871 633945.4175 676214.3827 773001.0164 839461.1963 1018035.064 1091790.997 1250564.469 1517504.084 1716717.763 2034701.951 2216298.935 2825023.667 3553357.221 4123345.585 4811263.553 10921373.76
      sorted:	 25.00000000 25.00000000 25.00000000 25.00000000 25.00000000 183.8222702 260.5495090 493.6027839 650.7404464 1019.144513 7121.915679 13549.52219 16560.64964 21475.13289 23923.80490 29198.93471 39502.85472 43674.91343 46963.74162 51670.48361 62712.71771 72453.93355 84536.19343 95230.94648 108673.9482 118081.8228 129378.0328 138656.0582 144078.9412 156288.6672 165641.0067 165953.7905 170594.3599 173042.6758 178427.7496 189623.4870 191179.7128 193936.6740 196903.1470 197244.5923 198746.6671 201974.0150 207981.6403 210193.5295 213665.2182 217437.4976 225271.4792 225999.3901 227372.1418 230541.2925 239489.5730 255740.8083 273663.1867 277411.0447 290463.3976 313906.0203 323630.2702 350642.8174 393884.3799 478938.4862 527405.5748 559849.5602 567608.7053 591951.3871 633945.4175 676214.3827 773001.0164 839461.1963 1018035.064 1091790.997 1250564.469 1517504.084 1716717.763 2034701.951 2216298.935 2825023.667 3553357.221 4123345.585 4811263.553 10921373.76
