    unsorted:	 25.00000000 25.00000000 25.00000000 25.00000000 25.00000000 197529.7279 194724.2684 201477.1061 200836.9556 203869.8606 190972.3476 187554.5415 186715.6400 208549.2677 211666.5085 212642.6152 216533.2621 216709.7399 181146.9846 170370.9347 166283.7678 165340.6560 233309.8078 231757.8384 158211.5597 239574.8258 148950.1640 246153.0683 140321.2888 130086.7636 256604.1863 119211.5360 109302.7521 95934.52666 86157.03088 73350.54631 64257.60496 55346.86723 52318.13514 44427.17913 39608.52488 31476.77603 26159.49562 23786.78284 17146.69429 262.6298803 186.0197947 468.0200625 661.3400631 1023.413322 13884.17998 7591.199629 278837.9323 286041.1142 312220.3966 326450.3592 334148.9884 374515.9031 405913.1039 479386.4395 529166.0566 571124.7858 576307.7880 599073.5823 638757.5204 686104.8201 786119.9483 846569.6601 1019157.489 1105824.395 1228598.142 1499111.517 1729766.583 2065203.138 2241711.884 2808730.142 3485255.993 4107217.646 4830539.095 10820807.52
      sorted:	 25.00000000 25.00000000 25.00000000 25.00000000 25.00000000 186.0197947 262.6298803 468.0200625 661.3400631 1023.413322 7591.199629 13884.17998 17146.69429 23786.78284 26159.49562 31476.77603 39608.52488 44427.17913 52318.13514 55346.86723 64257.60496 73350.54631 86157.03088 95934.52666 109302.7521 119211.5360 130086.7636 140321.2888 148950.1640 158211.5597 165340.6560 166283.7678 170370.9347 181146.9846 186715.6400 187554.5415 190972.3476 194724.2684 197529.7279 200836.9556 201477.1061 203869.8606 208549.2677 211666.5085 212642.6152 216533.2621 216709.7399 231757.8384 233309.8078 239574.8258 246153.0683 256604.1863 278837.9323 286041.1142 312220.3966 326450.3592 334148.9884 374515.9031 405913.1039 479386.4395 529166.0566 571124.7858 576307.7880 599073.5823 638757.5204 686104.8201 786119.9483 846569.6601 1019157.489 1105824.395 1228598.142 1499111.517 1729766.583 2065203.138 2241711.884 2808730.142 3485255.993 4107217.646 4830539.095 10820807.52
