    unsorted:	 174564.7749 173708.7571 170997.8799 180132.8655 166950.2750 186245.9461 193116.5980 195188.0784 197811.0997 199544.3938 203603.8021 206290.3569 209992.9588 161065.8160 158771.4107 214455.9291 216701.8935 220527.1723 152819.9247 227583.1988 231605.2612 143494.5348 236821.6572 136141.3247 243255.1568 125542.2112 121680.7623 111935.2933 107995.0881 98733.36694 261165.8439 88463.12952 77353.93569 61806.99510 49357.12866 39126.61631 33539.02622 21139.93704 17367.64365 10292.83961 2908.769846 370068.4528 368755.3640 575473.2195 5556603.039 5560873.018 5571244.821 5538327.671 5615509.969 5617078.555 5626043.941 5650098.463 5502621.513 5480726.052 5692777.396 5420692.708 5715977.893 5384000.616 5364407.832 5288206.203 5275454.330 5219978.402 5172181.590 5840890.545 5099924.780 5916517.466 4917071.683 6021684.810 4663368.719 6166537.121 6342874.958 6749001.747 10475688.88 2050588865.
      sorted:	 2908.769846 10292.83961 17367.64365 21139.93704 33539.02622 39126.61631 49357.12866 61806.99510 77353.93569 88463.12952 98733.36694 107995.0881 111935.2933 121680.7623 125542.2112 136141.3247 143494.5348 152819.9247 158771.4107 161065.8160 166950.2750 170997.8799 173708.7571 174564.7749 180132.8655 186245.9461 193116.5980 195188.0784 197811.0997 199544.3938 203603.8021 206290.3569 209992.9588 214455.9291 216701.8935 220527.1723 227583.1988 231605.2612 236821.6572 243255.1568 261165.8439 368755.3640 370068.4528 575473.2195 4663368.719 4917071.683 5099924.780 5172181.590 5219978.402 5275454.330 5288206.203 5364407.832 5384000.616 5420692.708 5480726.052 5502621.513 5538327.671 5556603.039 5560873.018 5571244.821 5615509.969 5617078.555 5626043.941 5650098.463 5692777.396 5715977.893 5840890.545 5916517.466 6021684.810 6166537.121 6342874.958 6749001.747 10475688.88 2050588865.
