    unsorted:	 195031.0870 195293.7804 198415.3255 199880.5855 190347.1771 187661.3492 180268.5048 209153.0639 213208.8291 214436.8093 218786.9089 220228.6054 224957.1330 226226.3980 173379.9329 169068.2409 165422.0458 230250.5059 158715.0284 150806.7602 150523.9183 241519.9437 242101.7741 139437.8656 249250.1063 130789.5009 122713.3371 120064.5757 108298.9535 101912.2573 91499.29947 87063.86324 74829.25184 60952.08068 50812.31619 38121.32765 37328.88744 24530.55604 19524.84156 10371.85214 6664.111850 370069.7327 368813.9086 576077.9789 5558810.004 5563118.752 5571672.223 5616606.331 5613428.384 5625765.180 5538114.482 5651981.192 5501728.790 5481986.411 5689024.607 5421730.150 5714688.175 5386197.539 5363634.880 5303528.739 5282086.995 5227224.945 5837420.208 5163548.398 5916023.010 5089743.402 6005306.915 4903894.083 6140856.002 4694993.442 6323193.245 6737256.256 10111558.91 2050924113.
      sorted:	 6664.111850 10371.85214 19524.84156 24530.55604 37328.88744 38121.32765 50812.31619 60952.08068 74829.25184 87063.86324 91499.29947 101912.2573 108298.9535 120064.5757 122713.3371 130789.5009 139437.8656 150523.9183 150806.7602 158715.0284 165422.0458 169068.2409 173379.9329 180268.5048 187661.3492 190347.1771 195031.0870 195293.7804 198415.3255 199880.5855 209153.0639 213208.8291 214436.8093 218786.9089 220228.6054 224957.1330 226226.3980 230250.5059 241519.9437 242101.7741 249250.1063 368813.9086 370069.7327 576077.9789 4694993.442 4903894.083 5089743.402 5163548.398 5227224.945 5282086.995 5303528.739 5363634.880 5386197.539 5421730.150 5481986.411 5501728.790 5538114.482 5558810.004 5563118.752 5571672.223 5613428.384 5616606.331 5625765.180 5651981.192 5689024.607 5714688.175 5837420.208 5916023.010 6005306.915 6140856.002 6323193.245 6737256.256 10111558.91 2050924113.
