    unsorted:	 203244.0721 205185.3764 205570.9645 202046.4896 200707.2796 208191.2630 196454.5791 193419.0503 211954.5186 186238.8720 185856.3029 185266.2262 181807.1935 178154.4124 171684.2566 169215.0898 220532.6367 226348.4263 227064.6809 231694.7359 233408.2750 162968.3686 154689.6991 247803.2775 249763.1351 144820.8216 258483.3445 135683.6809 123183.1264 115442.3680 106775.8378 100649.8521 85530.66420 276685.0106 277386.6751 80514.24582 67698.52522 59807.94765 51386.77453 42690.47508 38002.70588 35512.01597 30026.94074 23209.86699 21827.13497 13522.44502 13254.07430 7253.414518 303124.8668 447.2268383 335710.2799 370057.1423 391286.9033 456342.9993 475636.6835 484220.1552 501560.1555 531186.3419 538259.9469 579603.4090 671632.1200 694928.2032 823503.7732 893975.8056 980656.7065 1200016.433 1389151.545 1652285.188 1802066.080 2320528.303 3058417.005 3464282.169 7308297.412 11248882.57
      sorted:	 447.2268383 7253.414518 13254.07430 13522.44502 21827.13497 23209.86699 30026.94074 35512.01597 38002.70588 42690.47508 51386.77453 59807.94765 67698.52522 80514.24582 85530.66420 100649.8521 106775.8378 115442.3680 123183.1264 135683.6809 144820.8216 154689.6991 162968.3686 169215.0898 171684.2566 178154.4124 181807.1935 185266.2262 185856.3029 186238.8720 193419.0503 196454.5791 200707.2796 202046.4896 203244.0721 205185.3764 205570.9645 208191.2630 211954.5186 220532.6367 226348.4263 227064.6809 231694.7359 233408.2750 247803.2775 249763.1351 258483.3445 276685.0106 277386.6751 303124.8668 335710.2799 370057.1423 391286.9033 456342.9993 475636.6835 484220.1552 501560.1555 531186.3419 538259.9469 579603.4090 671632.1200 694928.2032 823503.7732 893975.8056 980656.7065 1200016.433 1389151.545 1652285.188 1802066.080 2320528.303 3058417.005 3464282.169 7308297.412 11248882.57
