    unsorted:	 25.00000000 25.00000000 25.00000000 25.00000000 25.00000000 190730.5563 189186.3219 195269.1782 197706.4229 199639.3130 205342.8038 207103.2906 206506.4839 208882.5248 184999.1012 180941.9293 175103.2942 172578.9219 168378.8328 222591.6937 227048.1384 231881.1481 229921.5198 232872.1149 160697.5749 155254.9534 150166.0259 140286.8581 251834.6401 129679.0058 258217.0515 119938.0244 110356.1868 99462.28604 88858.93842 280512.4516 74917.99566 64659.14810 54495.60957 52342.16049 43821.46314 37575.99094 31175.20872 25152.73789 22337.77703 17093.75184 261.7877047 198.5584405 472.2866786 660.9633098 1045.296181 13973.05465 7200.931261 292856.7851 289826.4045 323514.7140 321586.9691 354913.8163 393682.4840 476291.8575 536026.9070 572217.3674 577652.9157 601843.2512 640739.9740 690152.5965 790876.1146 845125.4132 1030082.214 1111406.629 1252267.330 1507870.467 1739421.709 2070268.530 2235653.876 2833703.517 3590367.523 4186399.787 4840009.155 11061411.38
      sorted:	 25.00000000 25.00000000 25.00000000 25.00000000 25.00000000 198.5584405 261.7877047 472.2866786 660.9633098 1045.296181 7200.931261 13973.05465 17093.75184 22337.77703 25152.73789 31175.20872 37575.99094 43821.46314 52342.16049 54495.60957 64659.14810 74917.99566 88858.93842 99462.28604 110356.1868 119938.0244 129679.0058 140286.8581 150166.0259 155254.9534 160697.5749 168378.8328 172578.9219 175103.2942 180941.9293 184999.1012 189186.3219 190730.5563 195269.1782 197706.4229 199639.3130 205342.8038 206506.4839 207103.2906 208882.5248 222591.6937 227048.1384 229921.5198 231881.1481 232872.1149 251834.6401 258217.0515 280512.4516 289826.4045 292856.7851 321586.9691 323514.7140 354913.8163 393682.4840 476291.8575 536026.9070 572217.3674 577652.9157 601843.2512 640739.9740 690152.5965 790876.1146 845125.4132 1030082.214 1111406.629 1252267.330 1507870.467 1739421.709 2070268.530 2235653.876 2833703.517 3590367.523 4186399.787 4840009.155 11061411.38
