    unsorted:	 200736.0095 199575.4774 197913.5376 196621.9306 203034.0806 204862.6728 194650.6378 207788.9090 207530.5661 190063.2273 190369.9004 186087.1832 215317.6207 177024.3760 175534.6301 173197.1551 222870.4446 224044.4725 168237.6164 230592.6210 162137.1238 238294.1502 237702.9721 155239.6369 244176.9241 150311.8670 255446.9023 135383.4367 128760.5099 267630.9753 116574.5813 273294.0826 103460.3375 97968.83399 79592.41328 77365.21263 69612.20584 59697.52038 291139.0636 48653.24305 43613.03436 41268.99383 36033.31656 25674.76917 22591.01936 21510.10813 13479.30684 13009.84379 7044.499423 429.1288909 329295.1767 370074.7374 381328.7591 435563.5063 462249.5460 471831.2459 483530.6865 512436.5894 537821.7514 561933.6863 644946.6419 678177.4027 814823.5832 900870.4054 980542.4123 1192449.237 1389748.547 1655622.596 1808468.901 2335044.143 3075056.563 3514487.889 7359897.668 11314643.31
      sorted:	 429.1288909 7044.499423 13009.84379 13479.30684 21510.10813 22591.01936 25674.76917 36033.31656 41268.99383 43613.03436 48653.24305 59697.52038 69612.20584 77365.21263 79592.41328 97968.83399 103460.3375 116574.5813 128760.5099 135383.4367 150311.8670 155239.6369 162137.1238 168237.6164 173197.1551 175534.6301 177024.3760 186087.1832 190063.2273 190369.9004 194650.6378 196621.9306 197913.5376 199575.4774 200736.0095 203034.0806 204862.6728 207530.5661 207788.9090 215317.6207 222870.4446 224044.4725 230592.6210 237702.9721 238294.1502 244176.9241 255446.9023 267630.9753 273294.0826 291139.0636 329295.1767 370074.7374 381328.7591 435563.5063 462249.5460 471831.2459 483530.6865 512436.5894 537821.7514 561933.6863 644946.6419 678177.4027 814823.5832 900870.4054 980542.4123 1192449.237 1389748.547 1655622.596 1808468.901 2335044.143 3075056.563 3514487.889 7359897.668 11314643.31
