    unsorted:	 25.00000000 25.00000000 25.00000000 25.00000000 25.00000001 205221.8154 204241.3572 210460.4519 208642.0512 201437.4579 213245.9238 194295.5623 192344.9448 189848.6243 186693.2574 217320.4455 179331.2120 175830.1945 224319.0250 172907.3951 231178.5112 230831.3510 229111.6738 168057.7484 164146.9900 154951.0848 150447.9848 245458.7043 249061.9780 139180.7102 129870.4364 118648.2657 107523.7308 271892.9848 94951.67658 84451.65577 75278.64616 280260.7133 291795.6412 64535.42034 56329.20897 44640.26112 42272.96502 35785.77361 30122.31900 24688.62995 22310.12827 16814.72681 261.6573520 182.9350994 509.8087546 654.5704862 1044.580978 13501.47644 7130.836188 314521.8692 322074.5856 352627.9934 393344.4062 475408.3391 521915.7751 556557.3823 563201.7201 590644.9396 636631.3453 673240.1980 767408.0607 832920.6739 1013663.636 1090537.133 1247508.750 1515700.943 1727771.200 2057724.454 2240426.265 2844786.154 3538573.941 4138805.295 4814956.601 10902998.20
      sorted:	 25.00000000 25.00000000 25.00000000 25.00000000 25.00000001 182.9350994 261.6573520 509.8087546 654.5704862 1044.580978 7130.836188 13501.47644 16814.72681 22310.12827 24688.62995 30122.31900 35785.77361 42272.96502 44640.26112 56329.20897 64535.42034 75278.64616 84451.65577 94951.67658 107523.7308 118648.2657 129870.4364 139180.7102 150447.9848 154951.0848 164146.9900 168057.7484 172907.3951 175830.1945 179331.2120 186693.2574 189848.6243 192344.9448 194295.5623 201437.4579 204241.3572 205221.8154 208642.0512 210460.4519 213245.9238 217320.4455 224319.0250 229111.6738 230831.3510 231178.5112 245458.7043 249061.9780 271892.9848 280260.7133 291795.6412 314521.8692 322074.5856 352627.9934 393344.4062 475408.3391 521915.7751 556557.3823 563201.7201 590644.9396 636631.3453 673240.1980 767408.0607 832920.6739 1013663.636 1090537.133 1247508.750 1515700.943 1727771.200 2057724.454 2240426.265 2844786.154 3538573.941 4138805.295 4814956.601 10902998.20
