    unsorted:	 195511.4196 194721.0579 198746.4040 203445.3166 202517.5882 186503.5292 211181.8110 214383.5459 174566.0550 175716.6158 170362.5789 164759.2979 162016.4093 154483.5895 150338.9769 149086.8503 144351.8028 220987.4764 224534.3855 224915.7451 232332.5611 136419.1055 237030.8956 242765.8346 244420.7576 127523.7944 122242.4122 116407.8047 253847.6652 108046.5908 97206.63690 87730.55360 74469.93889 59398.68879 48055.56693 40293.65237 30127.36836 26881.41937 10870.78155 9410.698559 3494.345388 370067.6586 368830.9045 576408.2432 5615099.311 5619535.599 5564670.401 5558914.608 5573132.209 5541791.908 5628238.083 5655497.961 5506045.391 5483315.661 5678730.159 5422039.249 5713175.346 5391024.365 5362275.499 5310938.762 5300747.678 5258944.390 5174131.128 5835723.560 5114816.674 5940280.677 6004881.165 4926349.978 6127592.546 4656772.936 6366615.098 6830231.709 10352289.14 2052180798.
      sorted:	 3494.345388 9410.698559 10870.78155 26881.41937 30127.36836 40293.65237 48055.56693 59398.68879 74469.93889 87730.55360 97206.63690 108046.5908 116407.8047 122242.4122 127523.7944 136419.1055 144351.8028 149086.8503 150338.9769 154483.5895 162016.4093 164759.2979 170362.5789 174566.0550 175716.6158 186503.5292 194721.0579 195511.4196 198746.4040 202517.5882 203445.3166 211181.8110 214383.5459 220987.4764 224534.3855 224915.7451 232332.5611 237030.8956 242765.8346 244420.7576 253847.6652 368830.9045 370067.6586 576408.2432 4656772.936 4926349.978 5114816.674 5174131.128 5258944.390 5300747.678 5310938.762 5362275.499 5391024.365 5422039.249 5483315.661 5506045.391 5541791.908 5558914.608 5564670.401 5573132.209 5615099.311 5619535.599 5628238.083 5655497.961 5678730.159 5713175.346 5835723.560 5940280.677 6004881.165 6127592.546 6366615.098 6830231.709 10352289.14 2052180798.
