    unsorted:	 190551.6306 191589.0943 189460.0064 197945.9881 199801.6642 205718.8112 210197.1795 179600.3502 176530.4832 173485.7998 213066.1995 166710.6721 162888.1005 160949.4502 220639.2319 221525.7288 224175.5335 224906.7900 228651.2480 154530.3173 147486.3855 141352.6870 136085.9477 240597.1485 245918.9481 125679.9708 119625.9860 114544.9639 106822.4702 256288.2249 88385.62180 85883.99961 73504.37073 56623.07484 45537.63394 40405.05495 32700.33792 29306.97239 13397.13303 10272.41718 6791.351391 370057.9893 368789.0315 576330.9278 5565453.087 5556962.299 5572800.673 5612728.049 5605556.238 5618362.606 5536367.554 5649081.032 5500544.465 5482952.903 5679684.466 5425337.100 5702084.703 5393468.609 5371458.187 5311762.314 5280296.614 5221067.526 5819164.429 5173875.601 5899618.616 5086351.035 5992905.052 4901990.483 6126202.598 4696221.828 6283448.550 6651842.716 9969448.022 2049428599.
      sorted:	 6791.351391 10272.41718 13397.13303 29306.97239 32700.33792 40405.05495 45537.63394 56623.07484 73504.37073 85883.99961 88385.62180 106822.4702 114544.9639 119625.9860 125679.9708 136085.9477 141352.6870 147486.3855 154530.3173 160949.4502 162888.1005 166710.6721 173485.7998 176530.4832 179600.3502 189460.0064 190551.6306 191589.0943 197945.9881 199801.6642 205718.8112 210197.1795 213066.1995 220639.2319 221525.7288 224175.5335 224906.7900 228651.2480 240597.1485 245918.9481 256288.2249 368789.0315 370057.9893 576330.9278 4696221.828 4901990.483 5086351.035 5173875.601 5221067.526 5280296.614 5311762.314 5371458.187 5393468.609 5425337.100 5482952.903 5500544.465 5536367.554 5556962.299 5565453.087 5572800.673 5605556.238 5612728.049 5618362.606 5649081.032 5679684.466 5702084.703 5819164.429 5899618.616 5992905.052 6126202.598 6283448.550 6651842.716 9969448.022 2049428599.
