    unsorted:	 193058.2440 193500.7885 191522.8508 189366.2455 197356.2303 201734.0449 205355.8529 208848.9766 217589.3053 215592.0623 218724.9871 220305.3630 180554.2354 224401.4143 225932.0077 174037.8451 171865.1156 166756.0779 157781.2957 153845.4413 149083.9072 246547.6072 245383.4932 249322.6806 138904.7906 130142.3184 121325.3806 119656.6187 104794.3415 99650.30152 88125.59021 84132.38671 70797.34529 60646.60288 51643.76283 43078.77263 42067.32788 21786.81155 17329.72608 10174.41260 8981.656000 370060.2042 368753.2889 576122.8109 5563414.994 5554006.989 5571304.310 5536777.459 5615960.379 5609910.067 5620038.445 5508423.153 5646563.863 5483927.494 5679033.338 5429597.976 5709819.743 5392946.170 5371998.681 5301036.749 5284104.835 5224861.061 5179182.496 5825616.223 5891661.649 5087596.854 5990473.494 4917976.017 6152839.097 4688335.427 6309999.711 6683492.084 10166224.68 2050536592.
      sorted:	 8981.656000 10174.41260 17329.72608 21786.81155 42067.32788 43078.77263 51643.76283 60646.60288 70797.34529 84132.38671 88125.59021 99650.30152 104794.3415 119656.6187 121325.3806 130142.3184 138904.7906 149083.9072 153845.4413 157781.2957 166756.0779 171865.1156 174037.8451 180554.2354 189366.2455 191522.8508 193058.2440 193500.7885 197356.2303 201734.0449 205355.8529 208848.9766 215592.0623 217589.3053 218724.9871 220305.3630 224401.4143 225932.0077 245383.4932 246547.6072 249322.6806 368753.2889 370060.2042 576122.8109 4688335.427 4917976.017 5087596.854 5179182.496 5224861.061 5284104.835 5301036.749 5371998.681 5392946.170 5429597.976 5483927.494 5508423.153 5536777.459 5554006.989 5563414.994 5571304.310 5609910.067 5615960.379 5620038.445 5646563.863 5679033.338 5709819.743 5825616.223 5891661.649 5990473.494 6152839.097 6309999.711 6683492.084 10166224.68 2050536592.
