    unsorted:	 186063.0727 188183.3770 189940.2195 196973.4974 199244.2941 202746.7379 203155.1899 207965.5376 179362.1480 216434.0660 217843.5810 219705.9745 221801.4898 225669.7169 226036.2954 172229.3587 170382.6553 166560.0531 158758.1236 156029.7679 234259.1875 151334.8323 142891.6272 135784.1006 246106.6627 124572.4660 119119.4033 111234.1985 253383.7588 104971.4217 88592.83342 85489.74845 72565.71680 56311.24463 47444.05010 42990.56401 36329.16980 31975.74101 12792.09512 10171.87616 9292.175798 370072.5899 368780.2211 575445.2116 5557542.852 5559844.866 5568365.607 5612656.152 5611565.360 5621594.793 5535797.085 5642497.120 5499123.920 5482036.510 5681078.244 5422994.552 5705900.740 5388269.303 5370906.534 5293719.687 5285715.682 5222180.410 5833650.445 5163052.060 5096551.256 5912316.626 6012507.271 4899373.456 6147743.840 4682975.479 6297522.200 6665581.864 10174138.48 2051501121.
      sorted:	 9292.175798 10171.87616 12792.09512 31975.74101 36329.16980 42990.56401 47444.05010 56311.24463 72565.71680 85489.74845 88592.83342 104971.4217 111234.1985 119119.4033 124572.4660 135784.1006 142891.6272 151334.8323 156029.7679 158758.1236 166560.0531 170382.6553 172229.3587 179362.1480 186063.0727 188183.3770 189940.2195 196973.4974 199244.2941 202746.7379 203155.1899 207965.5376 216434.0660 217843.5810 219705.9745 221801.4898 225669.7169 226036.2954 234259.1875 246106.6627 253383.7588 368780.2211 370072.5899 575445.2116 4682975.479 4899373.456 5096551.256 5163052.060 5222180.410 5285715.682 5293719.687 5370906.534 5388269.303 5422994.552 5482036.510 5499123.920 5535797.085 5557542.852 5559844.866 5568365.607 5611565.360 5612656.152 5621594.793 5642497.120 5681078.244 5705900.740 5833650.445 5912316.626 6012507.271 6147743.840 6297522.200 6665581.864 10174138.48 2051501121.
