    unsorted:	 25.00000000 25.00000000 25.00000000 25.00000000 25.00000000 201922.5903 201184.3795 199822.7126 203801.5148 210228.2103 209841.0654 192769.9296 190293.6484 188829.7446 186405.8209 176130.0665 216951.9538 173460.9708 169430.2194 166224.4279 163859.1180 157836.9607 224115.0464 229836.0281 229359.3029 150958.3427 240259.6179 244550.9294 137920.3758 251536.4457 127883.6796 117552.9538 107009.4278 94746.15512 85055.94642 273245.4079 74434.70597 64320.14533 61786.77539 54401.29119 45295.80063 38553.21226 34882.80993 25312.64711 22074.05511 17163.97209 264.4360211 189.2205021 483.0281125 655.6721381 1031.394894 13705.68984 7210.807279 279268.4666 298105.5470 315912.0566 323501.5129 356168.5480 392756.5607 476499.1011 528859.7764 569640.7792 583225.2133 602630.4601 641434.9830 692447.5276 797014.2624 858883.1026 1037895.855 1134434.922 1263670.786 1532600.587 1798772.260 2114625.891 2286713.121 2856940.883 3580649.475 4247398.275 4836544.686 11488747.62
      sorted:	 25.00000000 25.00000000 25.00000000 25.00000000 25.00000000 189.2205021 264.4360211 483.0281125 655.6721381 1031.394894 7210.807279 13705.68984 17163.97209 22074.05511 25312.64711 34882.80993 38553.21226 45295.80063 54401.29119 61786.77539 64320.14533 74434.70597 85055.94642 94746.15512 107009.4278 117552.9538 127883.6796 137920.3758 150958.3427 157836.9607 163859.1180 166224.4279 169430.2194 173460.9708 176130.0665 186405.8209 188829.7446 190293.6484 192769.9296 199822.7126 201184.3795 201922.5903 203801.5148 209841.0654 210228.2103 216951.9538 224115.0464 229359.3029 229836.0281 240259.6179 244550.9294 251536.4457 273245.4079 279268.4666 298105.5470 315912.0566 323501.5129 356168.5480 392756.5607 476499.1011 528859.7764 569640.7792 583225.2133 602630.4601 641434.9830 692447.5276 797014.2624 858883.1026 1037895.855 1134434.922 1263670.786 1532600.587 1798772.260 2114625.891 2286713.121 2856940.883 3580649.475 4247398.275 4836544.686 11488747.62
