    unsorted:	 187837.2509 188216.0491 189684.1507 183781.4800 183530.0107 197537.7581 198284.8877 200064.5069 200651.6359 202863.1562 204489.1300 207900.0407 178085.5773 212705.0712 170625.6115 167892.1239 165551.7415 218494.5440 221902.8466 224311.2303 156763.3629 152867.8214 147932.9493 232943.8919 237496.7645 245435.6081 132978.0003 252166.8390 126615.8594 116413.4157 101887.2423 98881.62108 89052.56425 266630.7878 271716.0267 77432.60730 69147.46012 58909.61201 55126.63365 43780.55693 39879.64810 34650.32354 29057.58846 22083.74456 20676.89059 13453.49430 12550.48361 6795.846657 290710.7618 412.7119855 327558.2267 370066.9228 385743.4144 433794.5855 462243.7508 466958.9018 484352.2319 511995.0040 537232.7053 557622.4856 639670.0908 675731.7843 816753.1016 889866.8086 985122.5422 1200221.298 1381142.188 1644904.764 1817088.047 2342844.640 3107889.614 3556499.287 7334778.199 11347082.50
      sorted:	 412.7119855 6795.846657 12550.48361 13453.49430 20676.89059 22083.74456 29057.58846 34650.32354 39879.64810 43780.55693 55126.63365 58909.61201 69147.46012 77432.60730 89052.56425 98881.62108 101887.2423 116413.4157 126615.8594 132978.0003 147932.9493 152867.8214 156763.3629 165551.7415 167892.1239 170625.6115 178085.5773 183530.0107 183781.4800 187837.2509 188216.0491 189684.1507 197537.7581 198284.8877 200064.5069 200651.6359 202863.1562 204489.1300 207900.0407 212705.0712 218494.5440 221902.8466 224311.2303 232943.8919 237496.7645 245435.6081 252166.8390 266630.7878 271716.0267 290710.7618 327558.2267 370066.9228 385743.4144 433794.5855 462243.7508 466958.9018 484352.2319 511995.0040 537232.7053 557622.4856 639670.0908 675731.7843 816753.1016 889866.8086 985122.5422 1200221.298 1381142.188 1644904.764 1817088.047 2342844.640 3107889.614 3556499.287 7334778.199 11347082.50
