    unsorted:	 25.00000000 25.00000000 25.00000000 25.00000000 25.00000000 199847.0290 199670.3728 198491.8567 202286.2571 203410.4456 204416.8589 208208.7651 189445.7738 189030.3239 180781.5510 183077.5081 218201.1633 221880.8484 225224.7656 174116.6977 232202.7645 229652.0784 235063.2219 164325.2955 159697.3335 242342.1473 153627.4246 144508.8226 140577.2463 130507.4670 256528.4909 119454.6259 105739.3863 271363.9680 277366.1965 90307.33302 83686.22374 72447.08108 63587.06622 55327.74599 51039.07870 42725.84016 37074.56159 32693.05996 25878.48313 23231.90249 17685.21227 262.2947275 174.3335805 484.1261341 668.8666669 995.1288158 13866.03496 7321.149754 298975.2278 318046.0890 327721.7935 358943.4987 395856.5059 475559.0900 540218.2419 559575.5786 578138.5024 600580.4967 637244.9162 686978.7957 787557.0162 843871.0297 1014018.964 1075061.300 1228246.803 1488897.550 1695505.659 2022712.622 2177475.123 2775712.212 3493710.967 4047318.232 4847691.340 10406401.79
      sorted:	 25.00000000 25.00000000 25.00000000 25.00000000 25.00000000 174.3335805 262.2947275 484.1261341 668.8666669 995.1288158 7321.149754 13866.03496 17685.21227 23231.90249 25878.48313 32693.05996 37074.56159 42725.84016 51039.07870 55327.74599 63587.06622 72447.08108 83686.22374 90307.33302 105739.3863 119454.6259 130507.4670 140577.2463 144508.8226 153627.4246 159697.3335 164325.2955 174116.6977 180781.5510 183077.5081 189030.3239 189445.7738 198491.8567 199670.3728 199847.0290 202286.2571 203410.4456 204416.8589 208208.7651 218201.1633 221880.8484 225224.7656 229652.0784 232202.7645 235063.2219 242342.1473 256528.4909 271363.9680 277366.1965 298975.2278 318046.0890 327721.7935 358943.4987 395856.5059 475559.0900 540218.2419 559575.5786 578138.5024 600580.4967 637244.9162 686978.7957 787557.0162 843871.0297 1014018.964 1075061.300 1228246.803 1488897.550 1695505.659 2022712.622 2177475.123 2775712.212 3493710.967 4047318.232 4847691.340 10406401.79
