    unsorted:	 190702.3247 190335.2681 193622.7424 196010.6380 197750.2444 199227.5238 200860.7903 206079.6384 205316.9725 210111.4798 184601.9154 180634.7357 213771.5177 175654.3521 219209.2749 222402.9732 224286.4120 225738.8532 170811.0444 229146.6454 166768.9970 162936.6266 156099.7986 236243.2210 149476.5047 247605.1027 137502.2751 252990.4276 128825.6053 119298.0038 267511.1185 104641.2362 98703.86603 274555.7524 88157.00043 78425.58595 61304.97833 54915.23219 49594.64862 43315.69635 40750.98617 35159.28862 31631.82230 22216.26939 21022.23030 13464.87075 12736.94142 7137.018940 300854.6073 405.2017595 334063.5347 370071.5312 385740.5723 446581.0949 468228.9211 476412.1224 490404.0826 518265.2623 537727.4451 561972.2866 646628.7570 685898.5978 811209.6276 893160.1968 968215.1480 1203110.474 1380815.096 1635053.149 1783633.098 2342432.209 3063462.647 3413534.924 7229004.569 11144180.13
      sorted:	 405.2017595 7137.018940 12736.94142 13464.87075 21022.23030 22216.26939 31631.82230 35159.28862 40750.98617 43315.69635 49594.64862 54915.23219 61304.97833 78425.58595 88157.00043 98703.86603 104641.2362 119298.0038 128825.6053 137502.2751 149476.5047 156099.7986 162936.6266 166768.9970 170811.0444 175654.3521 180634.7357 184601.9154 190335.2681 190702.3247 193622.7424 196010.6380 197750.2444 199227.5238 200860.7903 205316.9725 206079.6384 210111.4798 213771.5177 219209.2749 222402.9732 224286.4120 225738.8532 229146.6454 236243.2210 247605.1027 252990.4276 267511.1185 274555.7524 300854.6073 334063.5347 370071.5312 385740.5723 446581.0949 468228.9211 476412.1224 490404.0826 518265.2623 537727.4451 561972.2866 646628.7570 685898.5978 811209.6276 893160.1968 968215.1480 1203110.474 1380815.096 1635053.149 1783633.098 2342432.209 3063462.647 3413534.924 7229004.569 11144180.13
