    unsorted:	 189600.9032 189401.4594 185933.8426 186788.4890 184592.5501 182615.8583 195902.2521 199286.1553 202419.5378 203581.4469 205614.2011 207568.1443 209774.4283 170108.6252 168989.1177 219862.7226 163467.7873 161640.0384 221473.3943 224262.2367 228901.1432 152479.4940 146530.3559 239725.7029 243137.9559 246315.3846 134102.9156 253995.2575 123150.1376 116048.3954 104809.8613 270961.0636 271888.3975 97943.54494 81577.90133 77522.62828 69396.97787 58352.49095 52097.54090 43219.45353 40111.79492 35189.37841 34009.66661 22657.08781 21318.76066 13458.72534 12599.25876 7089.702241 301203.2642 423.4995208 334673.8855 370057.5197 392546.0622 436649.0300 463823.0631 470507.9609 484815.3379 513003.2960 537306.9993 559700.5613 644068.9688 680404.4392 814230.9328 874540.2998 974808.8652 1205964.265 1370862.923 1652180.177 1786700.569 2355212.639 3034118.843 3471538.839 7259666.820 11139020.60
      sorted:	 423.4995208 7089.702241 12599.25876 13458.72534 21318.76066 22657.08781 34009.66661 35189.37841 40111.79492 43219.45353 52097.54090 58352.49095 69396.97787 77522.62828 81577.90133 97943.54494 104809.8613 116048.3954 123150.1376 134102.9156 146530.3559 152479.4940 161640.0384 163467.7873 168989.1177 170108.6252 182615.8583 184592.5501 185933.8426 186788.4890 189401.4594 189600.9032 195902.2521 199286.1553 202419.5378 203581.4469 205614.2011 207568.1443 209774.4283 219862.7226 221473.3943 224262.2367 228901.1432 239725.7029 243137.9559 246315.3846 253995.2575 270961.0636 271888.3975 301203.2642 334673.8855 370057.5197 392546.0622 436649.0300 463823.0631 470507.9609 484815.3379 513003.2960 537306.9993 559700.5613 644068.9688 680404.4392 814230.9328 874540.2998 974808.8652 1205964.265 1370862.923 1652180.177 1786700.569 2355212.639 3034118.843 3471538.839 7259666.820 11139020.60
