    unsorted:	 193092.5239 192211.6058 192035.2851 195053.9238 186973.8475 201122.8015 203178.2511 207381.4787 215718.6476 216316.1329 212943.2447 218826.3768 221719.0671 177779.0746 173717.1992 169515.0847 167154.6775 157887.7998 156403.2263 231351.4372 149340.7191 233721.8408 142110.6616 135486.7229 242281.0403 124597.0582 119497.1798 112618.5329 105985.2588 91119.49316 257712.4535 87817.70374 79079.84953 61721.02236 49125.28434 46780.29705 33485.25973 23925.78892 13187.58287 9473.785115 7826.446605 370066.2360 368680.7788 574887.8011 5612983.567 5615001.208 5557428.726 5561994.730 5571654.030 5537814.003 5624811.236 5501165.128 5479710.058 5664968.972 5683662.274 5709393.589 5422355.691 5382696.459 5365325.055 5273879.759 5266548.835 5184577.965 5171000.315 5840387.564 5898760.950 5089712.387 6013333.895 4923839.613 6174838.438 4670817.074 6310771.895 6729737.501 10673127.60 2051605553.
      sorted:	 7826.446605 9473.785115 13187.58287 23925.78892 33485.25973 46780.29705 49125.28434 61721.02236 79079.84953 87817.70374 91119.49316 105985.2588 112618.5329 119497.1798 124597.0582 135486.7229 142110.6616 149340.7191 156403.2263 157887.7998 167154.6775 169515.0847 173717.1992 177779.0746 186973.8475 192035.2851 192211.6058 193092.5239 195053.9238 201122.8015 203178.2511 207381.4787 212943.2447 215718.6476 216316.1329 218826.3768 221719.0671 231351.4372 233721.8408 242281.0403 257712.4535 368680.7788 370066.2360 574887.8011 4670817.074 4923839.613 5089712.387 5171000.315 5184577.965 5266548.835 5273879.759 5365325.055 5382696.459 5422355.691 5479710.058 5501165.128 5537814.003 5557428.726 5561994.730 5571654.030 5612983.567 5615001.208 5624811.236 5664968.972 5683662.274 5709393.589 5840387.564 5898760.950 6013333.895 6174838.438 6310771.895 6729737.501 10673127.60 2051605553.
