    unsorted:	 25.00000000 25.00000000 25.00000000 25.00000000 25.00000000 202751.1544 208702.4775 207020.9324 205361.0511 211963.2844 198833.8704 197825.5745 214537.8559 191659.7635 191975.3929 188343.7214 222775.3883 224051.1553 177832.5166 173428.9871 172642.8242 169652.5958 230120.1904 231478.2952 161698.5920 154617.2398 245205.8109 242887.3771 142375.1906 137395.7875 128921.4480 118106.1423 261496.1625 265516.2550 107688.7728 93071.84800 79492.38422 72337.72354 62288.51058 53776.46331 51853.78935 43006.52934 37732.52257 30788.07677 24138.88421 21699.84543 16824.19845 261.2248104 168.7947400 499.3655050 652.6995890 985.6789338 13152.55262 6927.057405 285028.3326 312645.1085 307454.0551 339718.8355 387757.3940 473293.7242 518807.6594 559220.5229 565321.3397 595349.6977 643350.4641 681089.7791 774715.3224 843351.3500 1012854.264 1076806.806 1243501.964 1505366.839 1697684.801 2039248.303 2229914.865 2784087.976 3534432.739 4075242.535 4797528.966 10578404.43
      sorted:	 25.00000000 25.00000000 25.00000000 25.00000000 25.00000000 168.7947400 261.2248104 499.3655050 652.6995890 985.6789338 6927.057405 13152.55262 16824.19845 21699.84543 24138.88421 30788.07677 37732.52257 43006.52934 51853.78935 53776.46331 62288.51058 72337.72354 79492.38422 93071.84800 107688.7728 118106.1423 128921.4480 137395.7875 142375.1906 154617.2398 161698.5920 169652.5958 172642.8242 173428.9871 177832.5166 188343.7214 191659.7635 191975.3929 197825.5745 198833.8704 202751.1544 205361.0511 207020.9324 208702.4775 211963.2844 214537.8559 222775.3883 224051.1553 230120.1904 231478.2952 242887.3771 245205.8109 261496.1625 265516.2550 285028.3326 307454.0551 312645.1085 339718.8355 387757.3940 473293.7242 518807.6594 559220.5229 565321.3397 595349.6977 643350.4641 681089.7791 774715.3224 843351.3500 1012854.264 1076806.806 1243501.964 1505366.839 1697684.801 2039248.303 2229914.865 2784087.976 3534432.739 4075242.535 4797528.966 10578404.43
