    unsorted:	 205140.6678 205444.5392 201597.8707 201889.5449 207361.6762 199056.7449 210925.1551 196144.9108 212101.7189 192697.5990 187242.5724 190552.0112 186364.6247 223858.7884 224822.7509 221332.4606 228177.9281 178644.4502 175163.7837 172839.5116 167571.7310 237397.6472 160704.6734 239896.0180 154093.6775 149286.0037 250442.2052 132538.0847 120513.7922 104225.3253 113539.0833 99059.37171 269582.9913 85837.22314 274835.9485 78664.81445 66140.69088 59285.62221 56017.41192 44906.78781 41281.38159 36026.28123 28320.17933 22456.24486 21158.08211 13468.86940 12888.04242 291403.7374 6997.443234 421.7006895 328071.5702 370072.2275 384767.9318 437871.3337 467376.6383 472559.9328 484226.9873 513533.8515 537318.9272 561044.8683 643925.0949 677988.0684 816085.7886 906417.8162 990723.6333 1212184.325 1399966.264 1655237.912 1815595.156 2342263.222 3080868.477 3518148.204 7356161.901 11356046.98
      sorted:	 421.7006895 6997.443234 12888.04242 13468.86940 21158.08211 22456.24486 28320.17933 36026.28123 41281.38159 44906.78781 56017.41192 59285.62221 66140.69088 78664.81445 85837.22314 99059.37171 104225.3253 113539.0833 120513.7922 132538.0847 149286.0037 154093.6775 160704.6734 167571.7310 172839.5116 175163.7837 178644.4502 186364.6247 187242.5724 190552.0112 192697.5990 196144.9108 199056.7449 201597.8707 201889.5449 205140.6678 205444.5392 207361.6762 210925.1551 212101.7189 221332.4606 223858.7884 224822.7509 228177.9281 237397.6472 239896.0180 250442.2052 269582.9913 274835.9485 291403.7374 328071.5702 370072.2275 384767.9318 437871.3337 467376.6383 472559.9328 484226.9873 513533.8515 537318.9272 561044.8683 643925.0949 677988.0684 816085.7886 906417.8162 990723.6333 1212184.325 1399966.264 1655237.912 1815595.156 2342263.222 3080868.477 3518148.204 7356161.901 11356046.98
