    unsorted:	 25.00000000 25.00000000 25.00000000 25.00000000 25.00000000 199160.6538 199621.3571 193557.5252 196480.2529 192135.4360 190237.2898 202580.9366 205270.5810 206316.0150 210866.7647 180442.1857 175188.1006 217274.1233 170129.1737 163844.9261 227140.3482 158351.0465 230434.9320 153147.7662 236833.2040 239612.6735 141813.8118 137964.4927 128593.4373 118360.0297 108116.0512 261521.0339 267287.4022 94822.54927 84946.43506 75738.41396 66593.03844 58415.15888 55340.54091 45535.70492 38669.45943 30991.78366 25530.15817 22526.71606 262.3834908 205.7014348 452.7894454 650.6481201 1073.037862 16405.01934 14121.24436 7376.325667 288776.2067 300245.4188 302694.0133 326281.5594 327743.2635 359803.5364 400934.0975 477190.0877 537715.5823 572794.9568 577028.8312 597673.5772 637082.7380 684645.5645 785847.1423 846509.6295 1026153.355 1101259.165 1235194.852 1522846.231 1758781.045 2083453.372 2264234.033 2843142.522 3592193.153 4198307.715 4831346.199 11308087.70
      sorted:	 25.00000000 25.00000000 25.00000000 25.00000000 25.00000000 205.7014348 262.3834908 452.7894454 650.6481201 1073.037862 7376.325667 14121.24436 16405.01934 22526.71606 25530.15817 30991.78366 38669.45943 45535.70492 55340.54091 58415.15888 66593.03844 75738.41396 84946.43506 94822.54927 108116.0512 118360.0297 128593.4373 137964.4927 141813.8118 153147.7662 158351.0465 163844.9261 170129.1737 175188.1006 180442.1857 190237.2898 192135.4360 193557.5252 196480.2529 199160.6538 199621.3571 202580.9366 205270.5810 206316.0150 210866.7647 217274.1233 227140.3482 230434.9320 236833.2040 239612.6735 261521.0339 267287.4022 288776.2067 300245.4188 302694.0133 326281.5594 327743.2635 359803.5364 400934.0975 477190.0877 537715.5823 572794.9568 577028.8312 597673.5772 637082.7380 684645.5645 785847.1423 846509.6295 1026153.355 1101259.165 1235194.852 1522846.231 1758781.045 2083453.372 2264234.033 2843142.522 3592193.153 4198307.715 4831346.199 11308087.70
