    unsorted:	 25.00000000 25.00000000 25.00000000 25.00000000 25.00000000 195169.7663 194688.6876 193901.3452 189223.1588 200526.7963 201756.0183 202917.9966 204137.0837 205356.6435 216223.5194 178159.5794 223340.9581 229457.1934 228643.5260 231206.2664 234993.6047 170372.3561 167660.0279 163390.9543 157147.6322 238647.6053 154891.7869 249259.9708 141897.4350 135848.8930 126307.1209 114651.8371 104385.2517 269792.6286 90636.53374 275048.0918 82132.43072 71941.42659 62917.89153 55356.45121 52140.10921 45564.73977 39461.50318 34696.96432 262.4486840 182.1700229 483.2316252 643.4484656 1007.084322 24804.45803 21928.41122 16275.53844 13587.08192 7154.808911 292621.1183 314961.2817 323806.6394 354779.2374 394462.2888 481407.5836 535292.5461 562174.0681 574557.1905 599564.6519 638468.7876 683571.2054 781741.6387 843202.4654 1013726.418 1094528.255 1236700.392 1512539.269 1717534.744 2058561.195 2237633.233 2810138.456 3580566.777 4110608.593 4800244.394 11119829.64
      sorted:	 25.00000000 25.00000000 25.00000000 25.00000000 25.00000000 182.1700229 262.4486840 483.2316252 643.4484656 1007.084322 7154.808911 13587.08192 16275.53844 21928.41122 24804.45803 34696.96432 39461.50318 45564.73977 52140.10921 55356.45121 62917.89153 71941.42659 82132.43072 90636.53374 104385.2517 114651.8371 126307.1209 135848.8930 141897.4350 154891.7869 157147.6322 163390.9543 167660.0279 170372.3561 178159.5794 189223.1588 193901.3452 194688.6876 195169.7663 200526.7963 201756.0183 202917.9966 204137.0837 205356.6435 216223.5194 223340.9581 228643.5260 229457.1934 231206.2664 234993.6047 238647.6053 249259.9708 269792.6286 275048.0918 292621.1183 314961.2817 323806.6394 354779.2374 394462.2888 481407.5836 535292.5461 562174.0681 574557.1905 599564.6519 638468.7876 683571.2054 781741.6387 843202.4654 1013726.418 1094528.255 1236700.392 1512539.269 1717534.744 2058561.195 2237633.233 2810138.456 3580566.777 4110608.593 4800244.394 11119829.64
