    unsorted:	 197039.5326 194130.1999 193463.6947 198756.2334 188109.0479 202718.4326 184499.5470 178605.9633 209209.2022 209750.5198 213900.9152 172398.5747 170463.3547 163131.7631 159883.6468 155731.3286 224058.5510 223218.3785 224559.7609 151558.2115 233048.9606 237259.2994 239703.4543 140696.4262 134437.3534 125887.0672 119170.2321 117713.5508 108409.1707 255790.0829 98285.07559 85932.99696 69553.49095 58786.46038 49189.16279 40763.55053 39516.05628 23482.05753 18049.92388 10185.22288 4777.627315 370072.6768 368732.5293 575482.1413 5565410.659 5557082.416 5572426.761 5538633.609 5613548.510 5607550.704 5626944.509 5502276.484 5482679.094 5657013.498 5687254.143 5424992.693 5716831.041 5387630.491 5368164.917 5289653.819 5284443.321 5219110.681 5169727.776 5843096.822 5905452.000 5100201.293 6008249.992 4899026.586 6146466.854 4642562.414 6297316.580 6709850.233 10446815.27 2049954499.
      sorted:	 4777.627315 10185.22288 18049.92388 23482.05753 39516.05628 40763.55053 49189.16279 58786.46038 69553.49095 85932.99696 98285.07559 108409.1707 117713.5508 119170.2321 125887.0672 134437.3534 140696.4262 151558.2115 155731.3286 159883.6468 163131.7631 170463.3547 172398.5747 178605.9633 184499.5470 188109.0479 193463.6947 194130.1999 197039.5326 198756.2334 202718.4326 209209.2022 209750.5198 213900.9152 223218.3785 224058.5510 224559.7609 233048.9606 237259.2994 239703.4543 255790.0829 368732.5293 370072.6768 575482.1413 4642562.414 4899026.586 5100201.293 5169727.776 5219110.681 5284443.321 5289653.819 5368164.917 5387630.491 5424992.693 5482679.094 5502276.484 5538633.609 5557082.416 5565410.659 5572426.761 5607550.704 5613548.510 5626944.509 5657013.498 5687254.143 5716831.041 5843096.822 5905452.000 6008249.992 6146466.854 6297316.580 6709850.233 10446815.27 2049954499.
