    unsorted:	 170428.1108 169902.8656 172399.1606 167835.7389 174942.2124 179967.7091 160439.5634 157196.3611 189830.2542 193564.1031 196817.7792 199869.7488 204345.9351 206444.0337 212802.1581 217511.1688 220054.4059 222324.7466 226575.2445 226542.7186 151066.4809 142158.8237 137495.8659 127760.6156 120434.8246 117813.9202 243632.2825 251180.8033 254771.4164 106470.5219 96770.45755 86218.77970 74055.12817 60076.11279 48727.19924 41877.40681 31205.88082 21193.21695 17485.70947 9831.058922 6119.276957 370063.1191 368752.7227 575537.1709 5556751.475 5560511.387 5567466.813 5536756.703 5605122.733 5613652.111 5620102.828 5503478.292 5483279.124 5647869.972 5680089.739 5424084.469 5707602.106 5394991.061 5369872.943 5315770.427 5286699.686 5823115.192 5207488.401 5175152.251 5903803.465 5088085.068 5995129.941 4912099.448 6140035.040 4680596.706 6313987.777 6691182.526 10185145.78 2048910745.
      sorted:	 6119.276957 9831.058922 17485.70947 21193.21695 31205.88082 41877.40681 48727.19924 60076.11279 74055.12817 86218.77970 96770.45755 106470.5219 117813.9202 120434.8246 127760.6156 137495.8659 142158.8237 151066.4809 157196.3611 160439.5634 167835.7389 169902.8656 170428.1108 172399.1606 174942.2124 179967.7091 189830.2542 193564.1031 196817.7792 199869.7488 204345.9351 206444.0337 212802.1581 217511.1688 220054.4059 222324.7466 226542.7186 226575.2445 243632.2825 251180.8033 254771.4164 368752.7227 370063.1191 575537.1709 4680596.706 4912099.448 5088085.068 5175152.251 5207488.401 5286699.686 5315770.427 5369872.943 5394991.061 5424084.469 5483279.124 5503478.292 5536756.703 5556751.475 5560511.387 5567466.813 5605122.733 5613652.111 5620102.828 5647869.972 5680089.739 5707602.106 5823115.192 5903803.465 5995129.941 6140035.040 6313987.777 6691182.526 10185145.78 2048910745.
