    unsorted:	 25.00000000 25.00000000 25.00000000 25.00000000 25.00000000 200329.2060 199322.4127 200933.2394 198006.8342 193521.3758 191076.5559 186480.5087 212798.3132 208304.9890 214892.4434 217541.5899 222054.2943 179330.3452 174944.4190 227441.1665 166535.1332 164702.2813 161346.4154 233134.6515 236451.1250 153139.6815 145183.3384 248463.8434 249688.8904 136452.2231 122681.8128 112244.8903 107508.0036 94932.05961 271119.6961 83887.35045 71750.48568 62030.88877 57296.64025 52799.13321 43784.58481 37679.04014 31935.44898 24822.53952 22449.51706 262.3832001 190.2687418 484.7302216 653.1379319 1033.437872 16757.18615 13363.18897 6976.529952 284820.4791 281752.9741 313677.8514 321444.8967 350095.4090 393351.5204 476139.8191 519067.6164 557656.1320 562498.8748 590554.3689 631185.6482 671393.6235 765983.4513 839317.6511 1012111.080 1088344.682 1254207.880 1512973.046 1719411.411 2052127.140 2247005.852 2839449.073 3567871.694 4133724.513 4811502.783 10970174.18
      sorted:	 25.00000000 25.00000000 25.00000000 25.00000000 25.00000000 190.2687418 262.3832001 484.7302216 653.1379319 1033.437872 6976.529952 13363.18897 16757.18615 22449.51706 24822.53952 31935.44898 37679.04014 43784.58481 52799.13321 57296.64025 62030.88877 71750.48568 83887.35045 94932.05961 107508.0036 112244.8903 122681.8128 136452.2231 145183.3384 153139.6815 161346.4154 164702.2813 166535.1332 174944.4190 179330.3452 186480.5087 191076.5559 193521.3758 198006.8342 199322.4127 200329.2060 200933.2394 208304.9890 212798.3132 214892.4434 217541.5899 222054.2943 227441.1665 233134.6515 236451.1250 248463.8434 249688.8904 271119.6961 281752.9741 284820.4791 313677.8514 321444.8967 350095.4090 393351.5204 476139.8191 519067.6164 557656.1320 562498.8748 590554.3689 631185.6482 671393.6235 765983.4513 839317.6511 1012111.080 1088344.682 1254207.880 1512973.046 1719411.411 2052127.140 2247005.852 2839449.073 3567871.694 4133724.513 4811502.783 10970174.18
