    unsorted:	 25.00000000 25.00000000 25.00000000 25.00000000 25.00000000 200971.3738 200017.9354 199377.3511 206496.9199 204306.1109 195367.6742 191816.5241 186534.3109 188039.2779 213037.9446 215541.7230 178502.5530 221647.8319 224406.4135 223973.3286 228401.7689 173566.5394 172076.7595 233402.6319 166823.9610 164458.2653 155691.1040 244963.7213 141477.6403 137337.8395 128987.2678 256661.4917 261265.5613 117153.9018 106624.6805 91634.43639 277999.4503 77094.78806 71068.13698 61851.27780 55997.13614 53581.42276 42238.83144 36596.80744 29794.71960 260.0525219 151.6928074 494.8166249 644.6477170 942.2833065 23236.12168 20966.98714 16435.69397 12953.67470 6813.141896 305006.0335 314209.2836 338448.5187 383712.9285 473368.1770 509014.7945 552365.0224 556711.6546 585000.7092 633869.5165 669279.2759 762401.1681 833554.7941 1004931.874 1065506.904 1245722.378 1506708.742 1667169.341 1992249.002 2201246.959 2772739.874 3520522.275 4038368.104 4788410.139 10527477.68
      sorted:	 25.00000000 25.00000000 25.00000000 25.00000000 25.00000000 151.6928074 260.0525219 494.8166249 644.6477170 942.2833065 6813.141896 12953.67470 16435.69397 20966.98714 23236.12168 29794.71960 36596.80744 42238.83144 53581.42276 55997.13614 61851.27780 71068.13698 77094.78806 91634.43639 106624.6805 117153.9018 128987.2678 137337.8395 141477.6403 155691.1040 164458.2653 166823.9610 172076.7595 173566.5394 178502.5530 186534.3109 188039.2779 191816.5241 195367.6742 199377.3511 200017.9354 200971.3738 204306.1109 206496.9199 213037.9446 215541.7230 221647.8319 223973.3286 224406.4135 228401.7689 233402.6319 244963.7213 256661.4917 261265.5613 277999.4503 305006.0335 314209.2836 338448.5187 383712.9285 473368.1770 509014.7945 552365.0224 556711.6546 585000.7092 633869.5165 669279.2759 762401.1681 833554.7941 1004931.874 1065506.904 1245722.378 1506708.742 1667169.341 1992249.002 2201246.959 2772739.874 3520522.275 4038368.104 4788410.139 10527477.68
