    unsorted:	 25.00000000 25.00000000 25.00000000 25.00000000 25.00000000 201244.7549 205114.5449 204564.5469 206955.9015 211106.4961 198824.5353 192366.6783 192241.2407 194965.5700 187922.5516 221447.7871 220723.5155 181069.9368 222953.7892 225955.0593 174045.2518 170962.2074 230722.7705 163451.9041 160505.3673 235838.3925 155003.0822 147437.2088 141037.7070 250321.5602 128821.5804 117310.0730 108582.8023 264696.4185 267937.4839 95429.83892 84536.62432 73451.69630 63175.33012 54060.33496 51960.60684 46281.10929 39617.96839 33100.39634 263.9446876 157.0615396 491.4263549 644.1705365 961.9187722 24922.85726 22299.18778 16663.49222 13427.88432 7145.605904 293691.8883 311466.3232 320901.1846 355036.2953 393136.5067 473058.2181 525622.0307 560098.3575 568530.9259 595683.9678 633607.0901 678389.5851 773830.2275 838142.7981 1005477.765 1080775.374 1229296.520 1493971.964 1726596.607 2060045.717 2246763.368 2809762.611 3539878.685 4129574.775 4797321.263 11113148.34
      sorted:	 25.00000000 25.00000000 25.00000000 25.00000000 25.00000000 157.0615396 263.9446876 491.4263549 644.1705365 961.9187722 7145.605904 13427.88432 16663.49222 22299.18778 24922.85726 33100.39634 39617.96839 46281.10929 51960.60684 54060.33496 63175.33012 73451.69630 84536.62432 95429.83892 108582.8023 117310.0730 128821.5804 141037.7070 147437.2088 155003.0822 160505.3673 163451.9041 170962.2074 174045.2518 181069.9368 187922.5516 192241.2407 192366.6783 194965.5700 198824.5353 201244.7549 204564.5469 205114.5449 206955.9015 211106.4961 220723.5155 221447.7871 222953.7892 225955.0593 230722.7705 235838.3925 250321.5602 264696.4185 267937.4839 293691.8883 311466.3232 320901.1846 355036.2953 393136.5067 473058.2181 525622.0307 560098.3575 568530.9259 595683.9678 633607.0901 678389.5851 773830.2275 838142.7981 1005477.765 1080775.374 1229296.520 1493971.964 1726596.607 2060045.717 2246763.368 2809762.611 3539878.685 4129574.775 4797321.263 11113148.34
