    unsorted:	 204095.0169 204851.3245 206573.2025 202013.1278 200790.2797 208358.1171 209513.0963 209673.3620 198366.8175 192536.2303 194402.9891 221772.7368 222031.6964 220505.0599 186067.2974 181564.1885 174597.8028 176063.1494 172287.4340 164981.0693 232658.0063 161259.4054 239757.0479 240932.8002 154802.2098 144120.2785 136870.1832 253125.7248 130795.9533 119859.8902 266485.2719 270388.5194 108023.2078 100966.6877 86855.45131 78899.23907 68222.92726 58457.95740 52730.81988 41974.49987 38154.13430 34517.01548 31862.69795 22817.87720 21270.66181 13456.58712 12419.54425 7098.054664 298855.5991 404.0888838 331169.7412 370079.5523 384905.1375 433259.2627 461156.2053 465137.7067 481719.9255 510330.2950 537199.2354 549014.8929 629403.6116 676143.8064 804888.7409 887515.6650 974185.4781 1205797.433 1390284.040 1652058.086 1827173.700 2377584.230 3141876.730 3405327.812 7459660.393 11536251.70
      sorted:	 404.0888838 7098.054664 12419.54425 13456.58712 21270.66181 22817.87720 31862.69795 34517.01548 38154.13430 41974.49987 52730.81988 58457.95740 68222.92726 78899.23907 86855.45131 100966.6877 108023.2078 119859.8902 130795.9533 136870.1832 144120.2785 154802.2098 161259.4054 164981.0693 172287.4340 174597.8028 176063.1494 181564.1885 186067.2974 192536.2303 194402.9891 198366.8175 200790.2797 202013.1278 204095.0169 204851.3245 206573.2025 208358.1171 209513.0963 209673.3620 220505.0599 221772.7368 222031.6964 232658.0063 239757.0479 240932.8002 253125.7248 266485.2719 270388.5194 298855.5991 331169.7412 370079.5523 384905.1375 433259.2627 461156.2053 465137.7067 481719.9255 510330.2950 537199.2354 549014.8929 629403.6116 676143.8064 804888.7409 887515.6650 974185.4781 1205797.433 1390284.040 1652058.086 1827173.700 2377584.230 3141876.730 3405327.812 7459660.393 11536251.70
