    unsorted:	 197750.9392 197204.4451 201936.7144 200501.1835 203858.7727 207095.8817 209786.5633 191006.2906 188161.7135 214198.3379 215371.2405 216690.9700 218883.5568 182932.7269 180757.2059 177043.0341 176386.1880 224308.4156 171371.9221 234902.6296 235631.3544 160640.3895 159090.5390 239911.5843 152784.2282 149506.9473 247599.6967 136458.6418 130305.6573 118022.6702 263797.8901 267738.3405 107323.9395 97896.36786 88598.96979 77053.03164 65787.56295 287747.6291 57893.85493 51544.77542 43460.27887 38370.53319 34617.79696 29509.49373 22293.07654 20965.37670 13453.75805 12386.13463 6884.368715 384.4395379 327257.0003 370073.5875 382369.6040 422293.5807 455712.5944 468411.5691 478795.6626 508332.2485 537494.0470 553650.6467 632873.1254 670689.9541 812233.9282 898826.9169 983035.9236 1202031.621 1397722.868 1665298.259 1811680.739 2369143.631 3063558.485 3482477.494 7322629.906 11252534.45
      sorted:	 384.4395379 6884.368715 12386.13463 13453.75805 20965.37670 22293.07654 29509.49373 34617.79696 38370.53319 43460.27887 51544.77542 57893.85493 65787.56295 77053.03164 88598.96979 97896.36786 107323.9395 118022.6702 130305.6573 136458.6418 149506.9473 152784.2282 159090.5390 160640.3895 171371.9221 176386.1880 177043.0341 180757.2059 182932.7269 188161.7135 191006.2906 197204.4451 197750.9392 200501.1835 201936.7144 203858.7727 207095.8817 209786.5633 214198.3379 215371.2405 216690.9700 218883.5568 224308.4156 234902.6296 235631.3544 239911.5843 247599.6967 263797.8901 267738.3405 287747.6291 327257.0003 370073.5875 382369.6040 422293.5807 455712.5944 468411.5691 478795.6626 508332.2485 537494.0470 553650.6467 632873.1254 670689.9541 812233.9282 898826.9169 983035.9236 1202031.621 1397722.868 1665298.259 1811680.739 2369143.631 3063558.485 3482477.494 7322629.906 11252534.45
