    unsorted:	 197022.4378 196360.2330 204196.8059 204835.0693 200464.8765 207607.3539 211799.3931 211019.3758 192310.0685 187139.4239 180023.2730 220907.4941 223209.3355 173619.0294 170474.2376 168867.5100 161360.7709 228121.3216 156731.0161 230815.2382 153041.9003 144207.5067 241466.4869 242083.5595 244847.4946 135996.4630 124314.5304 119493.5180 109685.3012 102830.7033 84109.33733 81066.45630 70088.95496 59447.16484 50660.83626 43180.70909 40159.88096 19006.31147 16235.02907 10428.54319 6081.924228 370077.7683 368767.9119 575703.3447 5555723.378 5558369.091 5566797.007 5534969.327 5615265.612 5612089.120 5624074.813 5503659.137 5483567.060 5649179.926 5678666.143 5425220.337 5707051.393 5390996.077 5375618.296 5308246.226 5290397.150 5226167.930 5171438.182 5841688.341 5908871.874 5080608.610 6004006.287 4895356.116 6136533.272 4683979.122 6277853.835 6736436.195 10281706.50 2051198818.
      sorted:	 6081.924228 10428.54319 16235.02907 19006.31147 40159.88096 43180.70909 50660.83626 59447.16484 70088.95496 81066.45630 84109.33733 102830.7033 109685.3012 119493.5180 124314.5304 135996.4630 144207.5067 153041.9003 156731.0161 161360.7709 168867.5100 170474.2376 173619.0294 180023.2730 187139.4239 192310.0685 196360.2330 197022.4378 200464.8765 204196.8059 204835.0693 207607.3539 211019.3758 211799.3931 220907.4941 223209.3355 228121.3216 230815.2382 241466.4869 242083.5595 244847.4946 368767.9119 370077.7683 575703.3447 4683979.122 4895356.116 5080608.610 5171438.182 5226167.930 5290397.150 5308246.226 5375618.296 5390996.077 5425220.337 5483567.060 5503659.137 5534969.327 5555723.378 5558369.091 5566797.007 5612089.120 5615265.612 5624074.813 5649179.926 5678666.143 5707051.393 5841688.341 5908871.874 6004006.287 6136533.272 6277853.835 6736436.195 10281706.50 2051198818.
