    unsorted:	 197786.7055 199394.0641 201466.2373 194469.0519 209277.1615 213475.0147 212744.1508 216963.7198 220958.4516 221551.2553 186794.3165 174868.5577 173992.6236 176814.4131 172295.1150 170653.1876 227852.8159 231297.9324 234727.5579 234932.8674 161244.3193 157453.9418 151707.0268 144163.1589 137099.5258 252286.5177 126041.8759 120229.4206 114991.8404 104566.5752 87971.83651 85613.25457 74106.15186 63461.78253 53308.21075 42176.87060 37658.85255 18814.32588 13798.24100 10029.99980 6693.449588 370072.2915 368770.7780 575592.0971 5558054.244 5562475.899 5572088.951 5612373.490 5607740.486 5539031.590 5628480.739 5501441.670 5481726.099 5669403.113 5681763.299 5707704.302 5421956.098 5386929.726 5360888.733 5293081.876 5281382.074 5222062.657 5829641.248 5164370.606 5091111.643 5930652.099 6012832.715 4894855.198 6146000.531 4653749.484 6311990.155 6743643.057 10244902.21 2048769515.
      sorted:	 6693.449588 10029.99980 13798.24100 18814.32588 37658.85255 42176.87060 53308.21075 63461.78253 74106.15186 85613.25457 87971.83651 104566.5752 114991.8404 120229.4206 126041.8759 137099.5258 144163.1589 151707.0268 157453.9418 161244.3193 170653.1876 172295.1150 173992.6236 174868.5577 176814.4131 186794.3165 194469.0519 197786.7055 199394.0641 201466.2373 209277.1615 212744.1508 213475.0147 216963.7198 220958.4516 221551.2553 227852.8159 231297.9324 234727.5579 234932.8674 252286.5177 368770.7780 370072.2915 575592.0971 4653749.484 4894855.198 5091111.643 5164370.606 5222062.657 5281382.074 5293081.876 5360888.733 5386929.726 5421956.098 5481726.099 5501441.670 5539031.590 5558054.244 5562475.899 5572088.951 5607740.486 5612373.490 5628480.739 5669403.113 5681763.299 5707704.302 5829641.248 5930652.099 6012832.715 6146000.531 6311990.155 6743643.057 10244902.21 2048769515.
