    unsorted:	 25.00000000 25.00000000 25.00000000 25.00000000 25.00000000 198787.3645 198211.6825 201353.4662 202625.4729 203440.8853 194887.7012 193605.4009 206066.6447 191163.6027 211290.0228 216249.9400 180271.2635 170726.2980 167958.5774 158080.3857 159903.1066 154455.6700 230888.8848 227626.1741 234945.1727 237283.3664 241923.1809 141090.3200 136748.2629 248407.6182 128817.1903 117589.9243 107258.4089 267266.3809 92468.83054 274519.1192 79436.07864 69710.95306 61315.81247 54189.77202 50766.12006 43349.87753 37830.89844 31230.48785 24351.30614 21402.65256 260.0715237 171.3933515 495.9817221 644.8192777 997.2337415 16173.56382 13408.10820 7055.371388 288872.5554 314617.7199 313494.3290 343569.5054 391753.4606 477096.1164 518833.3283 557263.4287 563244.5984 591004.1650 630540.5679 675336.6882 773454.9975 838878.5522 1014861.176 1083447.886 1236387.956 1517235.078 1701354.437 2029249.147 2228760.951 2793936.965 3530101.920 4065148.728 4813991.162 10675890.27
      sorted:	 25.00000000 25.00000000 25.00000000 25.00000000 25.00000000 171.3933515 260.0715237 495.9817221 644.8192777 997.2337415 7055.371388 13408.10820 16173.56382 21402.65256 24351.30614 31230.48785 37830.89844 43349.87753 50766.12006 54189.77202 61315.81247 69710.95306 79436.07864 92468.83054 107258.4089 117589.9243 128817.1903 136748.2629 141090.3200 154455.6700 158080.3857 159903.1066 167958.5774 170726.2980 180271.2635 191163.6027 193605.4009 194887.7012 198211.6825 198787.3645 201353.4662 202625.4729 203440.8853 206066.6447 211290.0228 216249.9400 227626.1741 230888.8848 234945.1727 237283.3664 241923.1809 248407.6182 267266.3809 274519.1192 288872.5554 313494.3290 314617.7199 343569.5054 391753.4606 477096.1164 518833.3283 557263.4287 563244.5984 591004.1650 630540.5679 675336.6882 773454.9975 838878.5522 1014861.176 1083447.886 1236387.956 1517235.078 1701354.437 2029249.147 2228760.951 2793936.965 3530101.920 4065148.728 4813991.162 10675890.27
