    unsorted:	 204651.9084 205186.1348 207485.0759 201323.1415 198066.9327 195614.5245 213935.9652 211891.8470 214844.3659 189127.5981 188389.2997 190299.8145 180359.6645 221830.0744 227508.9644 228748.9656 173593.7989 172540.6304 234019.6306 166639.4163 239470.0185 159408.1395 154163.0150 149775.8693 249720.8174 252993.1800 259714.3636 138693.7041 130592.1029 119316.7837 278028.7680 283728.3746 104289.5198 95096.54401 82974.37614 81927.68904 67838.13139 60972.08089 50992.22101 45608.66830 42698.83778 34577.08280 36549.00601 23749.04784 22497.88638 13397.29548 13759.81726 7362.461204 306454.0740 510.5333853 338571.5800 370072.3788 392489.7125 450043.4733 477856.9202 481783.3433 494891.0320 525949.4133 538367.8872 573332.8455 661760.8809 686813.9517 819718.6404 916190.2335 980923.4177 1211697.237 1424706.622 1671648.543 1848741.436 2350622.136 3127373.787 3435592.495 7513407.565 11463057.97
      sorted:	 510.5333853 7362.461204 13397.29548 13759.81726 22497.88638 23749.04784 34577.08280 36549.00601 42698.83778 45608.66830 50992.22101 60972.08089 67838.13139 81927.68904 82974.37614 95096.54401 104289.5198 119316.7837 130592.1029 138693.7041 149775.8693 154163.0150 159408.1395 166639.4163 172540.6304 173593.7989 180359.6645 188389.2997 189127.5981 190299.8145 195614.5245 198066.9327 201323.1415 204651.9084 205186.1348 207485.0759 211891.8470 213935.9652 214844.3659 221830.0744 227508.9644 228748.9656 234019.6306 239470.0185 249720.8174 252993.1800 259714.3636 278028.7680 283728.3746 306454.0740 338571.5800 370072.3788 392489.7125 450043.4733 477856.9202 481783.3433 494891.0320 525949.4133 538367.8872 573332.8455 661760.8809 686813.9517 819718.6404 916190.2335 980923.4177 1211697.237 1424706.622 1671648.543 1848741.436 2350622.136 3127373.787 3435592.495 7513407.565 11463057.97
