    unsorted:	 180012.4645 180851.4529 187263.1822 189951.1612 195016.9000 197473.8934 172914.6505 201512.2682 169178.7778 165754.0832 208188.3268 210889.6782 216265.5752 216990.2475 218705.8283 219159.4535 225311.9250 160385.0691 158850.3444 155335.6578 230651.7610 231145.3958 235311.1101 145354.1812 136350.4130 249832.5868 123585.4093 119838.2845 107713.5781 102873.4778 87273.06058 85926.00113 74207.36192 58577.11995 49533.24534 43639.24178 36936.39507 18981.57431 16705.93108 10105.51333 9221.290636 370075.7322 368692.0049 575295.0902 5557535.762 5561359.144 5571229.812 5540286.587 5604033.506 5613057.349 5621779.850 5645876.201 5500648.467 5481359.019 5677505.776 5423555.042 5703758.367 5389110.235 5366195.998 5294185.659 5286925.578 5833533.360 5188563.052 5166905.867 5910788.719 5082294.675 6005025.726 4900347.012 6146690.783 4672089.327 6283453.927 6679101.360 10354406.70 2049423527.
      sorted:	 9221.290636 10105.51333 16705.93108 18981.57431 36936.39507 43639.24178 49533.24534 58577.11995 74207.36192 85926.00113 87273.06058 102873.4778 107713.5781 119838.2845 123585.4093 136350.4130 145354.1812 155335.6578 158850.3444 160385.0691 165754.0832 169178.7778 172914.6505 180012.4645 180851.4529 187263.1822 189951.1612 195016.9000 197473.8934 201512.2682 208188.3268 210889.6782 216265.5752 216990.2475 218705.8283 219159.4535 225311.9250 230651.7610 231145.3958 235311.1101 249832.5868 368692.0049 370075.7322 575295.0902 4672089.327 4900347.012 5082294.675 5166905.867 5188563.052 5286925.578 5294185.659 5366195.998 5389110.235 5423555.042 5481359.019 5500648.467 5540286.587 5557535.762 5561359.144 5571229.812 5604033.506 5613057.349 5621779.850 5645876.201 5677505.776 5703758.367 5833533.360 5910788.719 6005025.726 6146690.783 6283453.927 6679101.360 10354406.70 2049423527.
