    unsorted:	 204546.8578 205171.5088 200877.0797 198802.8285 196775.6453 193486.9332 191989.2236 209715.3732 211560.0836 213246.8963 184147.1264 180642.2105 178313.2993 217790.4438 172881.1484 170539.7769 223021.6753 165327.5318 163144.7217 232067.0852 236529.5546 238259.0042 154479.8648 243084.0710 247504.6003 148099.3019 257298.1600 135534.7703 123386.5314 117103.8853 106888.4081 99528.69032 276100.2733 277097.8485 85860.63551 79924.01738 78199.18481 61520.92944 57037.00031 303245.0567 38224.72973 41835.85800 33357.76648 30574.43291 22413.28918 21169.25320 13470.76614 12977.12136 7102.171927 517.3903931 335540.4430 370060.8832 393444.0439 438760.5929 466419.1176 470945.2356 486502.4813 513604.0063 537918.7081 560006.7647 642315.8322 681190.0393 820370.5446 897455.7413 988820.7672 1202004.025 1389313.256 1642057.421 1814635.739 2360181.967 3102630.919 3484203.094 7368467.670 11299150.91
      sorted:	 517.3903931 7102.171927 12977.12136 13470.76614 21169.25320 22413.28918 30574.43291 33357.76648 38224.72973 41835.85800 57037.00031 61520.92944 78199.18481 79924.01738 85860.63551 99528.69032 106888.4081 117103.8853 123386.5314 135534.7703 148099.3019 154479.8648 163144.7217 165327.5318 170539.7769 172881.1484 178313.2993 180642.2105 184147.1264 191989.2236 193486.9332 196775.6453 198802.8285 200877.0797 204546.8578 205171.5088 209715.3732 211560.0836 213246.8963 217790.4438 223021.6753 232067.0852 236529.5546 238259.0042 243084.0710 247504.6003 257298.1600 276100.2733 277097.8485 303245.0567 335540.4430 370060.8832 393444.0439 438760.5929 466419.1176 470945.2356 486502.4813 513604.0063 537918.7081 560006.7647 642315.8322 681190.0393 820370.5446 897455.7413 988820.7672 1202004.025 1389313.256 1642057.421 1814635.739 2360181.967 3102630.919 3484203.094 7368467.670 11299150.91
