    unsorted:	 25.00000000 25.00000000 25.00000000 25.00000000 25.00000000 200580.3495 201714.8259 199385.4646 204665.4660 206007.1430 207334.4944 196020.6609 192136.1724 190592.5077 210082.7601 179520.4105 219091.1844 174458.5701 170672.8008 168833.4435 165398.8837 226120.3039 159476.0060 228591.7257 233198.7050 237879.1408 149958.0863 246583.9689 249359.8878 137840.8657 127334.3689 115877.3343 104830.7380 271491.4797 91046.22691 82908.43234 72551.44284 63485.14932 56842.02612 47575.27068 43513.50645 35916.86141 30907.37958 25022.19166 21999.21348 16605.34184 261.3230837 191.6319810 500.0431520 651.4083948 1055.711374 13581.56559 7184.775087 281484.2260 297407.6138 316269.1940 320830.9768 356883.2330 392671.5479 477198.4666 523996.7645 567378.5728 580169.3060 600401.2934 648193.0611 689077.2926 787577.4099 848791.0735 1029740.638 1121701.649 1247397.257 1532727.073 1753422.177 2076121.837 2256943.653 2832260.512 3541922.055 4130205.862 4802830.251 10874059.94
      sorted:	 25.00000000 25.00000000 25.00000000 25.00000000 25.00000000 191.6319810 261.3230837 500.0431520 651.4083948 1055.711374 7184.775087 13581.56559 16605.34184 21999.21348 25022.19166 30907.37958 35916.86141 43513.50645 47575.27068 56842.02612 63485.14932 72551.44284 82908.43234 91046.22691 104830.7380 115877.3343 127334.3689 137840.8657 149958.0863 159476.0060 165398.8837 168833.4435 170672.8008 174458.5701 179520.4105 190592.5077 192136.1724 196020.6609 199385.4646 200580.3495 201714.8259 204665.4660 206007.1430 207334.4944 210082.7601 219091.1844 226120.3039 228591.7257 233198.7050 237879.1408 246583.9689 249359.8878 271491.4797 281484.2260 297407.6138 316269.1940 320830.9768 356883.2330 392671.5479 477198.4666 523996.7645 567378.5728 580169.3060 600401.2934 648193.0611 689077.2926 787577.4099 848791.0735 1029740.638 1121701.649 1247397.257 1532727.073 1753422.177 2076121.837 2256943.653 2832260.512 3541922.055 4130205.862 4802830.251 10874059.94
