    unsorted:	 25.00000000 25.00000000 25.00000000 25.00000000 25.00000000 199335.1565 199034.5553 194442.8697 197667.5869 191640.6233 190278.3282 202575.7020 206216.0048 208635.0733 214909.7086 182447.5336 175472.7770 174071.0134 166545.0277 221878.2007 224452.0353 229390.9775 228516.9756 164560.9787 234161.7036 235976.3530 159299.0551 149750.2941 142486.9720 253379.9117 132003.1964 120147.9506 108884.6355 269748.3816 273427.2691 94958.04261 85860.39371 69533.21669 55739.03170 52119.86598 49085.80579 43080.96759 38865.52607 32253.22206 24824.08314 22274.10739 260.9771983 170.5062449 481.4801740 654.1117378 983.3681125 16836.90747 13651.96254 7378.334808 302466.3400 315201.3107 329585.8375 363230.4600 400561.9809 476607.4124 539975.3717 564219.6612 581512.9380 601593.3762 636663.5326 683034.2130 781412.7577 850340.0768 1018335.747 1086806.051 1219056.385 1493906.399 1703661.122 2026432.462 2195549.611 2792181.653 3496123.717 4058092.151 4813308.327 10543455.90
      sorted:	 25.00000000 25.00000000 25.00000000 25.00000000 25.00000000 170.5062449 260.9771983 481.4801740 654.1117378 983.3681125 7378.334808 13651.96254 16836.90747 22274.10739 24824.08314 32253.22206 38865.52607 43080.96759 49085.80579 52119.86598 55739.03170 69533.21669 85860.39371 94958.04261 108884.6355 120147.9506 132003.1964 142486.9720 149750.2941 159299.0551 164560.9787 166545.0277 174071.0134 175472.7770 182447.5336 190278.3282 191640.6233 194442.8697 197667.5869 199034.5553 199335.1565 202575.7020 206216.0048 208635.0733 214909.7086 221878.2007 224452.0353 228516.9756 229390.9775 234161.7036 235976.3530 253379.9117 269748.3816 273427.2691 302466.3400 315201.3107 329585.8375 363230.4600 400561.9809 476607.4124 539975.3717 564219.6612 581512.9380 601593.3762 636663.5326 683034.2130 781412.7577 850340.0768 1018335.747 1086806.051 1219056.385 1493906.399 1703661.122 2026432.462 2195549.611 2792181.653 3496123.717 4058092.151 4813308.327 10543455.90
