    unsorted:	 189657.4783 190041.9397 194668.9862 195879.4852 178406.5831 182057.8960 205213.8704 208359.9596 209696.8076 218783.7018 218493.6371 220851.1880 221664.7952 169746.7932 168753.6543 165241.1002 158489.2363 157057.8955 226865.0604 151259.4705 144011.5466 231472.9442 239976.7600 239838.8705 136053.5525 124377.6180 120975.4235 256674.9342 110268.4725 105224.7891 88118.45920 85022.85733 79046.92464 62462.90850 50949.77755 43027.73392 30949.62012 23841.00817 15482.15379 9546.886547 6007.496924 370068.7890 368786.6943 575604.4271 5616253.799 5613537.419 5624168.484 5567255.909 5575710.889 5557969.222 5534796.453 5648736.128 5506750.021 5482685.412 5686292.647 5423484.746 5710263.581 5388429.460 5360480.286 5294023.307 5279341.214 5838319.344 5174575.829 5153962.704 5929631.999 5056468.641 6016372.145 4899450.392 6154418.347 4678856.026 6337994.244 6723723.761 10313266.03 2049576793.
      sorted:	 6007.496924 9546.886547 15482.15379 23841.00817 30949.62012 43027.73392 50949.77755 62462.90850 79046.92464 85022.85733 88118.45920 105224.7891 110268.4725 120975.4235 124377.6180 136053.5525 144011.5466 151259.4705 157057.8955 158489.2363 165241.1002 168753.6543 169746.7932 178406.5831 182057.8960 189657.4783 190041.9397 194668.9862 195879.4852 205213.8704 208359.9596 209696.8076 218493.6371 218783.7018 220851.1880 221664.7952 226865.0604 231472.9442 239838.8705 239976.7600 256674.9342 368786.6943 370068.7890 575604.4271 4678856.026 4899450.392 5056468.641 5153962.704 5174575.829 5279341.214 5294023.307 5360480.286 5388429.460 5423484.746 5482685.412 5506750.021 5534796.453 5557969.222 5567255.909 5575710.889 5613537.419 5616253.799 5624168.484 5648736.128 5686292.647 5710263.581 5838319.344 5929631.999 6016372.145 6154418.347 6337994.244 6723723.761 10313266.03 2049576793.
