    unsorted:	 185936.0782 185139.1086 187145.7420 182381.1330 192725.5185 193324.9570 198600.7670 176724.5960 204266.5766 169735.4848 166895.9065 210760.6829 212303.4609 215343.1269 220297.7772 222363.0311 226054.9803 160471.9881 157237.6775 151934.4096 230128.0717 234057.0408 143191.3735 136160.3374 242219.7072 125114.6106 121209.7569 113344.3561 106076.7629 258834.5952 88317.32164 84727.58707 67860.65649 55383.33985 48578.26687 45026.57670 35734.01374 25789.98072 21478.61290 9716.083154 6639.386740 370073.0220 368763.0889 575869.6245 5555685.899 5563037.585 5572226.619 5541631.934 5616456.572 5607083.582 5626881.430 5503961.219 5481774.525 5650023.617 5682285.092 5423947.352 5714902.218 5387474.711 5357699.140 5293986.649 5279070.594 5833652.207 5192010.146 5162791.301 5936654.662 5074464.969 6012283.788 4888404.603 6148476.203 4649917.663 6334487.381 6735521.539 10287468.65 2049980713.
      sorted:	 6639.386740 9716.083154 21478.61290 25789.98072 35734.01374 45026.57670 48578.26687 55383.33985 67860.65649 84727.58707 88317.32164 106076.7629 113344.3561 121209.7569 125114.6106 136160.3374 143191.3735 151934.4096 157237.6775 160471.9881 166895.9065 169735.4848 176724.5960 182381.1330 185139.1086 185936.0782 187145.7420 192725.5185 193324.9570 198600.7670 204266.5766 210760.6829 212303.4609 215343.1269 220297.7772 222363.0311 226054.9803 230128.0717 234057.0408 242219.7072 258834.5952 368763.0889 370073.0220 575869.6245 4649917.663 4888404.603 5074464.969 5162791.301 5192010.146 5279070.594 5293986.649 5357699.140 5387474.711 5423947.352 5481774.525 5503961.219 5541631.934 5555685.899 5563037.585 5572226.619 5607083.582 5616456.572 5626881.430 5650023.617 5682285.092 5714902.218 5833652.207 5936654.662 6012283.788 6148476.203 6334487.381 6735521.539 10287468.65 2049980713.
