    unsorted:	 204681.7822 203724.4163 206170.5283 199830.4076 209737.9551 214431.9557 220386.3734 217505.6082 222541.7143 222228.7939 223899.7883 189129.6882 184699.7412 182955.8607 181928.3575 229103.0822 171396.4397 168146.5029 167377.0357 159906.8036 153770.6533 153043.1175 237449.0696 145163.1266 137318.2567 126298.0700 119758.7950 115374.5068 105873.0685 91311.50181 85815.37704 261699.3323 70076.81140 58116.00505 46579.92534 42272.12598 36999.98047 28781.98807 12708.36864 10024.14392 6089.923137 370073.0987 368856.6773 576339.3367 5611203.465 5613587.379 5558973.448 5562198.479 5572032.776 5622224.368 5534635.888 5643687.196 5503250.339 5484149.879 5689593.826 5425412.897 5709527.826 5392247.058 5367828.254 5314579.307 5299282.765 5264017.510 5827273.793 5167810.681 5113486.932 5923933.547 5989788.927 4906061.367 6123610.037 4682509.027 6302062.531 6723758.991 9973327.184 2053377071.
      sorted:	 6089.923137 10024.14392 12708.36864 28781.98807 36999.98047 42272.12598 46579.92534 58116.00505 70076.81140 85815.37704 91311.50181 105873.0685 115374.5068 119758.7950 126298.0700 137318.2567 145163.1266 153043.1175 153770.6533 159906.8036 167377.0357 168146.5029 171396.4397 181928.3575 182955.8607 184699.7412 189129.6882 199830.4076 203724.4163 204681.7822 206170.5283 209737.9551 214431.9557 217505.6082 220386.3734 222228.7939 222541.7143 223899.7883 229103.0822 237449.0696 261699.3323 368856.6773 370073.0987 576339.3367 4682509.027 4906061.367 5113486.932 5167810.681 5264017.510 5299282.765 5314579.307 5367828.254 5392247.058 5425412.897 5484149.879 5503250.339 5534635.888 5558973.448 5562198.479 5572032.776 5611203.465 5613587.379 5622224.368 5643687.196 5689593.826 5709527.826 5827273.793 5923933.547 5989788.927 6123610.037 6302062.531 6723758.991 9973327.184 2053377071.
