    unsorted:	 25.00000000 25.00000000 25.00000000 25.00000000 25.00000000 216460.2222 215577.6242 209370.6659 206232.8032 204697.0923 202873.9616 200227.4647 198841.0145 193850.9668 188880.1050 183658.8351 179539.2670 224965.1971 167223.3405 166345.3737 159877.7815 160404.6765 157738.9942 230870.6516 234952.9411 148761.3759 244781.6930 140775.3347 131821.5016 253592.5409 255370.0850 118783.9306 106103.5504 92062.60663 84113.64076 278028.0847 71125.93596 61150.50079 53260.64718 51276.53933 43614.59023 38097.60688 30665.01220 25084.84594 21894.42772 259.8567889 209.8185525 467.5451407 654.8387356 1067.833156 16358.38442 13745.04724 7330.410537 292323.4539 302563.5281 324613.5471 333078.6391 365596.2861 401628.3885 487431.2155 533644.6619 566692.3242 578177.2159 605863.9436 642800.1081 686662.2110 785099.2796 853051.4942 1021003.125 1095095.497 1245218.393 1506555.605 1707395.041 2044858.415 2229869.976 2810206.429 3529044.493 4079172.049 4828364.484 10801411.77
      sorted:	 25.00000000 25.00000000 25.00000000 25.00000000 25.00000000 209.8185525 259.8567889 467.5451407 654.8387356 1067.833156 7330.410537 13745.04724 16358.38442 21894.42772 25084.84594 30665.01220 38097.60688 43614.59023 51276.53933 53260.64718 61150.50079 71125.93596 84113.64076 92062.60663 106103.5504 118783.9306 131821.5016 140775.3347 148761.3759 157738.9942 159877.7815 160404.6765 166345.3737 167223.3405 179539.2670 183658.8351 188880.1050 193850.9668 198841.0145 200227.4647 202873.9616 204697.0923 206232.8032 209370.6659 215577.6242 216460.2222 224965.1971 230870.6516 234952.9411 244781.6930 253592.5409 255370.0850 278028.0847 292323.4539 302563.5281 324613.5471 333078.6391 365596.2861 401628.3885 487431.2155 533644.6619 566692.3242 578177.2159 605863.9436 642800.1081 686662.2110 785099.2796 853051.4942 1021003.125 1095095.497 1245218.393 1506555.605 1707395.041 2044858.415 2229869.976 2810206.429 3529044.493 4079172.049 4828364.484 10801411.77
