    unsorted:	 190004.7986 192778.6686 180744.0097 184770.6790 176305.1649 173568.9520 168625.0182 198787.0744 204521.9842 207835.5462 211481.6524 214208.9311 215955.6447 221022.7125 221506.4148 160464.7868 156988.8455 155883.9450 225912.8545 149578.3665 141693.6497 232065.6687 135808.1760 124299.7656 120901.4860 113241.7435 245122.9375 248239.5078 104257.8321 257656.0000 91070.90103 84475.51115 74501.10089 58539.72386 48816.25330 42815.14310 38270.24893 27474.36276 15780.45875 9714.755972 7945.159375 370064.3532 368787.5769 575979.5260 5556914.833 5566277.373 5576973.177 5601059.935 5615817.112 5620070.374 5535046.021 5499921.393 5482112.779 5654145.917 5695654.971 5419364.200 5713748.218 5386238.271 5359828.994 5301589.208 5275765.549 5832460.383 5200463.793 5155214.072 5929864.101 5070910.260 6009153.444 4892069.918 6149014.705 4687181.341 6311874.568 6712404.620 10164605.23 2048255317.
      sorted:	 7945.159375 9714.755972 15780.45875 27474.36276 38270.24893 42815.14310 48816.25330 58539.72386 74501.10089 84475.51115 91070.90103 104257.8321 113241.7435 120901.4860 124299.7656 135808.1760 141693.6497 149578.3665 155883.9450 156988.8455 160464.7868 168625.0182 173568.9520 176305.1649 180744.0097 184770.6790 190004.7986 192778.6686 198787.0744 204521.9842 207835.5462 211481.6524 214208.9311 215955.6447 221022.7125 221506.4148 225912.8545 232065.6687 245122.9375 248239.5078 257656.0000 368787.5769 370064.3532 575979.5260 4687181.341 4892069.918 5070910.260 5155214.072 5200463.793 5275765.549 5301589.208 5359828.994 5386238.271 5419364.200 5482112.779 5499921.393 5535046.021 5556914.833 5566277.373 5576973.177 5601059.935 5615817.112 5620070.374 5654145.917 5695654.971 5713748.218 5832460.383 5929864.101 6009153.444 6149014.705 6311874.568 6712404.620 10164605.23 2048255317.
