    unsorted:	 25.00000000 25.00000000 25.00000000 25.00000000 25.00000000 195952.6756 194350.4055 200401.5315 201155.6081 198513.7541 192814.6147 204656.5885 209047.8289 211109.3827 211857.1016 188877.2828 181424.4609 179475.5829 221838.2897 172788.7721 161935.9873 165592.4572 157289.9478 229112.3314 232295.9721 238322.9500 142128.1294 136487.0732 130355.4411 119276.3297 256548.6881 255463.6567 109522.1498 94999.05958 81951.69245 72908.69761 63982.89655 57910.20690 48392.91840 43798.78330 37385.37417 31498.85116 25001.22107 22220.60770 16875.67342 262.0289115 208.8273860 483.5365747 658.6909236 1076.475912 13721.14311 7137.106066 280352.7624 294058.9583 291637.0240 319338.8828 320798.6153 352036.0147 394479.5503 480869.7033 519152.4800 562060.7814 572214.5820 598384.1927 640282.1733 683810.9968 782241.6227 849877.8696 1020002.138 1092362.570 1248734.999 1509319.097 1723719.606 2061871.430 2245418.573 2804375.208 3550310.946 4120524.135 4812816.135 10828548.24
      sorted:	 25.00000000 25.00000000 25.00000000 25.00000000 25.00000000 208.8273860 262.0289115 483.5365747 658.6909236 1076.475912 7137.106066 13721.14311 16875.67342 22220.60770 25001.22107 31498.85116 37385.37417 43798.78330 48392.91840 57910.20690 63982.89655 72908.69761 81951.69245 94999.05958 109522.1498 119276.3297 130355.4411 136487.0732 142128.1294 157289.9478 161935.9873 165592.4572 172788.7721 179475.5829 181424.4609 188877.2828 192814.6147 194350.4055 195952.6756 198513.7541 200401.5315 201155.6081 204656.5885 209047.8289 211109.3827 211857.1016 221838.2897 229112.3314 232295.9721 238322.9500 255463.6567 256548.6881 280352.7624 291637.0240 294058.9583 319338.8828 320798.6153 352036.0147 394479.5503 480869.7033 519152.4800 562060.7814 572214.5820 598384.1927 640282.1733 683810.9968 782241.6227 849877.8696 1020002.138 1092362.570 1248734.999 1509319.097 1723719.606 2061871.430 2245418.573 2804375.208 3550310.946 4120524.135 4812816.135 10828548.24
