    unsorted:	 191244.4540 190897.2381 192199.3612 183863.6301 200824.8621 201328.6680 176932.5351 207884.6511 209487.5030 216599.6421 215990.1356 220666.8013 222757.9704 171584.7515 169081.8569 167008.1394 165520.0075 158165.2896 228458.3782 227489.1411 153939.6407 147307.5229 240233.3651 242704.0678 137421.3930 124633.1507 120252.6100 251709.2372 109525.9185 102367.4710 85729.85963 87927.39287 65592.51847 56800.83134 49462.44710 42408.33267 28882.23624 27017.38754 18881.27251 9756.685160 6762.193827 370071.8743 368753.4512 575678.5340 5564121.443 5558168.840 5571502.667 5617023.891 5609418.176 5625358.093 5534700.235 5656336.134 5500186.137 5481215.366 5685848.537 5421633.884 5710970.475 5387686.940 5362582.547 5302889.588 5286537.516 5827955.218 5180408.888 5155954.011 5927659.531 5072983.452 6016883.549 4885327.515 6155505.755 4669616.159 6316846.948 6709006.492 10344199.53 2049816515.
      sorted:	 6762.193827 9756.685160 18881.27251 27017.38754 28882.23624 42408.33267 49462.44710 56800.83134 65592.51847 85729.85963 87927.39287 102367.4710 109525.9185 120252.6100 124633.1507 137421.3930 147307.5229 153939.6407 158165.2896 165520.0075 167008.1394 169081.8569 171584.7515 176932.5351 183863.6301 190897.2381 191244.4540 192199.3612 200824.8621 201328.6680 207884.6511 209487.5030 215990.1356 216599.6421 220666.8013 222757.9704 227489.1411 228458.3782 240233.3651 242704.0678 251709.2372 368753.4512 370071.8743 575678.5340 4669616.159 4885327.515 5072983.452 5155954.011 5180408.888 5286537.516 5302889.588 5362582.547 5387686.940 5421633.884 5481215.366 5500186.137 5534700.235 5558168.840 5564121.443 5571502.667 5609418.176 5617023.891 5625358.093 5656336.134 5685848.537 5710970.475 5827955.218 5927659.531 6016883.549 6155505.755 6316846.948 6709006.492 10344199.53 2049816515.
