    unsorted:	 185871.2620 185415.3244 186332.6799 198839.8834 198017.9064 202916.5583 204136.5795 176475.2034 176879.0907 173410.4467 210112.3074 213617.4229 217082.2104 218652.3912 223006.4019 222883.8514 165195.2089 161698.8616 160035.2685 226685.4123 150083.6597 141667.5301 236788.0950 238695.8820 133861.3264 123618.8648 118937.3050 106111.7552 96114.27765 86174.47509 85607.16465 69553.77975 270067.7717 58845.44553 50133.58661 46815.92065 46135.31104 32018.50025 15668.36372 9659.462182 7821.266471 370069.2738 368707.5547 575245.3939 5618725.233 5613549.256 5626600.831 5557880.245 5565154.724 5575961.022 5535976.958 5660693.743 5500588.159 5479374.652 5690361.466 5419140.404 5716373.619 5383976.433 5361925.243 5292127.494 5269903.870 5834834.193 5164438.736 5143975.751 5930326.392 5059981.763 6020354.963 4889389.268 6172858.435 4652831.142 6334514.732 6691619.819 10558736.80 2049083772.
      sorted:	 7821.266471 9659.462182 15668.36372 32018.50025 46135.31104 46815.92065 50133.58661 58845.44553 69553.77975 85607.16465 86174.47509 96114.27765 106111.7552 118937.3050 123618.8648 133861.3264 141667.5301 150083.6597 160035.2685 161698.8616 165195.2089 173410.4467 176475.2034 176879.0907 185415.3244 185871.2620 186332.6799 198017.9064 198839.8834 202916.5583 204136.5795 210112.3074 213617.4229 217082.2104 218652.3912 222883.8514 223006.4019 226685.4123 236788.0950 238695.8820 270067.7717 368707.5547 370069.2738 575245.3939 4652831.142 4889389.268 5059981.763 5143975.751 5164438.736 5269903.870 5292127.494 5361925.243 5383976.433 5419140.404 5479374.652 5500588.159 5535976.958 5557880.245 5565154.724 5575961.022 5613549.256 5618725.233 5626600.831 5660693.743 5690361.466 5716373.619 5834834.193 5930326.392 6020354.963 6172858.435 6334514.732 6691619.819 10558736.80 2049083772.
