    unsorted:	 25.00000000 25.00000000 25.00000000 25.00000000 25.00000000 192698.6348 192287.5309 196350.9028 191135.1328 197316.7582 188097.2079 202790.9556 204011.5460 211996.2586 213451.5553 176052.6229 176516.1523 170293.1442 169739.5943 166590.7671 222369.5525 227297.0003 229631.3560 234733.2716 239984.2005 241940.7729 154880.2640 149654.4793 248903.0020 140050.4341 129817.5188 118391.4574 106160.1495 271273.1819 92236.95529 82712.36231 72979.07397 279994.0562 63210.78155 52688.50978 46447.87226 44806.23553 39726.31505 30599.71544 24497.61809 21958.10883 16895.91981 261.7763283 188.7760906 489.4361101 656.9469208 1027.914161 13376.91159 7180.689670 296806.0243 316008.8165 323629.2730 353952.3857 395852.6981 478623.6256 521673.5414 560676.2436 564557.7130 591426.2465 636173.9002 672640.2069 767093.1087 838020.2214 1011625.501 1075960.611 1240851.320 1506088.757 1694236.220 2021991.346 2223216.484 2793251.332 3497741.112 4052454.500 4809927.624 10725410.28
      sorted:	 25.00000000 25.00000000 25.00000000 25.00000000 25.00000000 188.7760906 261.7763283 489.4361101 656.9469208 1027.914161 7180.689670 13376.91159 16895.91981 21958.10883 24497.61809 30599.71544 39726.31505 44806.23553 46447.87226 52688.50978 63210.78155 72979.07397 82712.36231 92236.95529 106160.1495 118391.4574 129817.5188 140050.4341 149654.4793 154880.2640 166590.7671 169739.5943 170293.1442 176052.6229 176516.1523 188097.2079 191135.1328 192287.5309 192698.6348 196350.9028 197316.7582 202790.9556 204011.5460 211996.2586 213451.5553 222369.5525 227297.0003 229631.3560 234733.2716 239984.2005 241940.7729 248903.0020 271273.1819 279994.0562 296806.0243 316008.8165 323629.2730 353952.3857 395852.6981 478623.6256 521673.5414 560676.2436 564557.7130 591426.2465 636173.9002 672640.2069 767093.1087 838020.2214 1011625.501 1075960.611 1240851.320 1506088.757 1694236.220 2021991.346 2223216.484 2793251.332 3497741.112 4052454.500 4809927.624 10725410.28
