    unsorted:	 194006.5902 197423.5470 197742.9441 190236.4666 183168.7037 184355.7728 175661.4637 173101.9771 167768.7441 163483.1937 158533.6284 158006.8369 151961.6406 209508.0178 211582.7976 214197.6527 223229.3381 218986.2979 220563.8471 228712.8293 229986.2766 143792.2037 239563.9042 241256.3189 135821.2356 124104.9419 119460.3165 111255.5601 107961.6652 96434.68511 262805.7260 85780.10772 66719.28012 55579.90491 43059.93050 41123.73760 35943.44155 32789.18263 14488.68177 10162.96366 7352.070702 370069.1711 368770.2835 575413.4057 5559192.572 5564977.309 5577357.662 5609690.807 5619802.427 5626523.511 5533447.380 5650752.078 5498997.383 5481047.766 5694731.932 5714092.138 5419543.351 5380069.629 5356618.567 5290326.650 5274857.412 5206885.550 5157389.424 5849740.966 5081951.021 5939115.764 6013978.043 4892347.630 6161720.340 4668591.091 6313636.365 6748719.727 10325841.77 2049938769.
      sorted:	 7352.070702 10162.96366 14488.68177 32789.18263 35943.44155 41123.73760 43059.93050 55579.90491 66719.28012 85780.10772 96434.68511 107961.6652 111255.5601 119460.3165 124104.9419 135821.2356 143792.2037 151961.6406 158006.8369 158533.6284 163483.1937 167768.7441 173101.9771 175661.4637 183168.7037 184355.7728 190236.4666 194006.5902 197423.5470 197742.9441 209508.0178 211582.7976 214197.6527 218986.2979 220563.8471 223229.3381 228712.8293 229986.2766 239563.9042 241256.3189 262805.7260 368770.2835 370069.1711 575413.4057 4668591.091 4892347.630 5081951.021 5157389.424 5206885.550 5274857.412 5290326.650 5356618.567 5380069.629 5419543.351 5481047.766 5498997.383 5533447.380 5559192.572 5564977.309 5577357.662 5609690.807 5619802.427 5626523.511 5650752.078 5694731.932 5714092.138 5849740.966 5939115.764 6013978.043 6161720.340 6313636.365 6748719.727 10325841.77 2049938769.
