    unsorted:	 186038.5751 186336.3366 194720.7358 195939.7332 191098.3706 180103.5058 201723.0675 205310.0192 208609.0696 214881.5205 213808.7856 219686.2631 222059.8648 172567.4702 166591.9571 164423.5020 156678.1175 152812.4319 227220.2127 147799.2649 231693.7650 235330.9406 137443.6236 129175.0400 243430.5484 122628.9337 119484.8569 111089.7242 104057.4302 86842.28055 85331.27036 263602.0564 72451.24987 62331.94550 52810.62706 45212.13530 43187.98888 23741.00434 15694.49945 9878.476882 7270.046564 370070.9179 368789.6364 576213.1045 5557469.811 5562255.435 5573885.609 5613479.185 5607277.443 5623061.373 5536395.356 5652179.310 5503734.413 5482423.529 5678882.488 5423063.275 5709216.311 5390240.460 5361896.835 5297849.604 5292837.695 5248242.351 5177054.177 5829768.605 5109139.287 5916715.912 6001178.379 4920249.173 6121647.346 4675910.757 6287751.030 6715573.208 10098919.52 2052054577.
      sorted:	 7270.046564 9878.476882 15694.49945 23741.00434 43187.98888 45212.13530 52810.62706 62331.94550 72451.24987 85331.27036 86842.28055 104057.4302 111089.7242 119484.8569 122628.9337 129175.0400 137443.6236 147799.2649 152812.4319 156678.1175 164423.5020 166591.9571 172567.4702 180103.5058 186038.5751 186336.3366 191098.3706 194720.7358 195939.7332 201723.0675 205310.0192 208609.0696 213808.7856 214881.5205 219686.2631 222059.8648 227220.2127 231693.7650 235330.9406 243430.5484 263602.0564 368789.6364 370070.9179 576213.1045 4675910.757 4920249.173 5109139.287 5177054.177 5248242.351 5292837.695 5297849.604 5361896.835 5390240.460 5423063.275 5482423.529 5503734.413 5536395.356 5557469.811 5562255.435 5573885.609 5607277.443 5613479.185 5623061.373 5652179.310 5678882.488 5709216.311 5829768.605 5916715.912 6001178.379 6121647.346 6287751.030 6715573.208 10098919.52 2052054577.
