    unsorted:	 25.00000000 25.00000000 25.00000000 25.00000000 25.00000000 199126.8532 198497.9723 197421.7731 201462.1110 202033.2546 191739.2161 189881.5477 187912.7595 205768.2880 182101.7936 175994.0116 218092.9081 216348.5479 170893.7093 228454.9560 227695.0223 231571.8890 161606.7873 165391.4239 159724.7158 236941.7422 151783.6829 244716.5568 143417.9684 254761.3927 131208.0002 117889.5064 108562.8092 95377.90240 86507.64076 78081.71682 278182.8324 66368.40675 53530.19818 46615.43393 43443.56313 38357.85532 30900.39632 25264.38119 22731.78658 262.3052856 197.5249113 473.8473437 651.0868200 1037.888795 16591.77867 13737.37006 7474.420116 286981.3215 307911.9964 324237.1789 332132.5400 368506.1312 404774.8369 483670.2450 539274.2376 564030.9714 578684.8793 603126.2804 641299.9453 685046.2457 784475.0306 845705.2244 1027708.832 1101199.949 1238308.268 1506814.559 1754583.648 2085110.288 2248870.165 2830002.220 3522671.790 4167620.356 4824217.953 11194270.63
      sorted:	 25.00000000 25.00000000 25.00000000 25.00000000 25.00000000 197.5249113 262.3052856 473.8473437 651.0868200 1037.888795 7474.420116 13737.37006 16591.77867 22731.78658 25264.38119 30900.39632 38357.85532 43443.56313 46615.43393 53530.19818 66368.40675 78081.71682 86507.64076 95377.90240 108562.8092 117889.5064 131208.0002 143417.9684 151783.6829 159724.7158 161606.7873 165391.4239 170893.7093 175994.0116 182101.7936 187912.7595 189881.5477 191739.2161 197421.7731 198497.9723 199126.8532 201462.1110 202033.2546 205768.2880 216348.5479 218092.9081 227695.0223 228454.9560 231571.8890 236941.7422 244716.5568 254761.3927 278182.8324 286981.3215 307911.9964 324237.1789 332132.5400 368506.1312 404774.8369 483670.2450 539274.2376 564030.9714 578684.8793 603126.2804 641299.9453 685046.2457 784475.0306 845705.2244 1027708.832 1101199.949 1238308.268 1506814.559 1754583.648 2085110.288 2248870.165 2830002.220 3522671.790 4167620.356 4824217.953 11194270.63
