    unsorted:	 197197.3842 196044.8652 198154.8242 194649.7803 191703.2426 202247.8835 204145.4900 187936.3565 187782.4837 209932.8614 211496.1869 214293.0071 178618.4432 218753.8132 175331.3572 172966.4687 226233.5188 225666.7663 231487.8537 162071.3739 158460.1535 237795.4920 152731.2652 244836.3910 245610.3013 143987.0604 136235.7887 255396.5949 126229.0843 118443.9760 273109.3972 273288.7373 103072.7256 98716.24272 88230.84079 79870.92561 65496.18439 58440.82271 55666.56064 44296.39822 39802.21067 34129.93498 29557.00898 22291.25955 20794.42064 13466.62087 12791.03734 7155.654473 301925.8047 454.4996947 335402.1906 370062.3824 388384.0533 433562.3733 462839.7652 467447.7768 484677.4670 511883.5432 537979.8772 558019.0953 638313.5293 674355.1437 807813.9476 884773.9626 973298.2297 1197811.887 1376592.166 1643658.703 1800784.670 2352558.922 3089309.346 3449139.340 7302723.216 11295474.98
      sorted:	 454.4996947 7155.654473 12791.03734 13466.62087 20794.42064 22291.25955 29557.00898 34129.93498 39802.21067 44296.39822 55666.56064 58440.82271 65496.18439 79870.92561 88230.84079 98716.24272 103072.7256 118443.9760 126229.0843 136235.7887 143987.0604 152731.2652 158460.1535 162071.3739 172966.4687 175331.3572 178618.4432 187782.4837 187936.3565 191703.2426 194649.7803 196044.8652 197197.3842 198154.8242 202247.8835 204145.4900 209932.8614 211496.1869 214293.0071 218753.8132 225666.7663 226233.5188 231487.8537 237795.4920 244836.3910 245610.3013 255396.5949 273109.3972 273288.7373 301925.8047 335402.1906 370062.3824 388384.0533 433562.3733 462839.7652 467447.7768 484677.4670 511883.5432 537979.8772 558019.0953 638313.5293 674355.1437 807813.9476 884773.9626 973298.2297 1197811.887 1376592.166 1643658.703 1800784.670 2352558.922 3089309.346 3449139.340 7302723.216 11295474.98
