    unsorted:	 25.00000000 25.00000000 25.00000000 25.00000000 25.00000000 203655.0974 203978.3123 198897.4552 199988.8733 195634.5390 206705.3200 207408.8006 188441.9506 186158.7522 179963.2888 175172.0176 173630.4281 215256.0708 221723.8508 228793.5342 159618.4321 154953.4274 233404.0680 236593.7583 239971.8315 148976.3947 139650.8638 138396.5195 253333.3861 126796.5856 257337.2872 118375.0507 108052.1646 96468.44167 87957.70241 74104.43108 64211.67496 54643.91944 49711.19945 42951.33102 40423.05414 30885.20234 25397.31048 23015.70562 17246.09136 262.2410132 199.7225643 471.8256740 664.5531765 1055.567913 13894.56065 7190.918191 279796.6483 295356.0863 293212.2956 320107.8371 323381.9896 353725.9295 397394.6873 473891.6568 527410.0967 563628.9286 573302.1738 599650.6065 640168.6429 684028.8495 779619.9353 838611.3211 1013926.861 1084538.188 1231937.092 1499586.066 1722993.293 2058700.238 2229073.221 2823504.135 3564333.560 4131753.322 4850475.948 10778032.60
      sorted:	 25.00000000 25.00000000 25.00000000 25.00000000 25.00000000 199.7225643 262.2410132 471.8256740 664.5531765 1055.567913 7190.918191 13894.56065 17246.09136 23015.70562 25397.31048 30885.20234 40423.05414 42951.33102 49711.19945 54643.91944 64211.67496 74104.43108 87957.70241 96468.44167 108052.1646 118375.0507 126796.5856 138396.5195 139650.8638 148976.3947 154953.4274 159618.4321 173630.4281 175172.0176 179963.2888 186158.7522 188441.9506 195634.5390 198897.4552 199988.8733 203655.0974 203978.3123 206705.3200 207408.8006 215256.0708 221723.8508 228793.5342 233404.0680 236593.7583 239971.8315 253333.3861 257337.2872 279796.6483 293212.2956 295356.0863 320107.8371 323381.9896 353725.9295 397394.6873 473891.6568 527410.0967 563628.9286 573302.1738 599650.6065 640168.6429 684028.8495 779619.9353 838611.3211 1013926.861 1084538.188 1231937.092 1499586.066 1722993.293 2058700.238 2229073.221 2823504.135 3564333.560 4131753.322 4850475.948 10778032.60
