    unsorted:	 25.00000000 25.00000000 25.00000000 25.00000000 25.00000000 196336.6112 195912.1093 199643.2841 199828.6325 201777.1416 203505.8728 205678.7302 209839.7365 189552.7993 215719.9280 214891.9755 181566.5420 221060.0972 177109.3671 224990.4615 171664.0175 162728.9043 163443.7205 158289.8240 233296.9916 238086.3835 148806.0304 140658.1626 249104.3244 130958.1950 256916.9106 119063.6571 107347.5183 93314.30333 83375.98850 69955.10671 59921.24064 53447.83501 49493.87889 42474.32313 40223.63480 32070.09772 260.1092018 190.4384143 475.4326777 656.6676034 1034.671175 24889.66475 21421.31526 16558.34086 13797.78229 7297.192774 280680.1106 287236.8021 297240.2531 323877.1175 324380.4342 354465.4947 396578.3436 480222.1947 529648.7289 557781.4721 569336.9572 597298.8193 637477.2259 681060.6666 778162.3000 841546.7115 1007674.502 1081113.506 1242674.998 1496711.534 1685261.635 2014147.569 2199194.492 2782527.721 3520633.975 4085889.229 4828181.603 10547616.14
      sorted:	 25.00000000 25.00000000 25.00000000 25.00000000 25.00000000 190.4384143 260.1092018 475.4326777 656.6676034 1034.671175 7297.192774 13797.78229 16558.34086 21421.31526 24889.66475 32070.09772 40223.63480 42474.32313 49493.87889 53447.83501 59921.24064 69955.10671 83375.98850 93314.30333 107347.5183 119063.6571 130958.1950 140658.1626 148806.0304 158289.8240 162728.9043 163443.7205 171664.0175 177109.3671 181566.5420 189552.7993 195912.1093 196336.6112 199643.2841 199828.6325 201777.1416 203505.8728 205678.7302 209839.7365 214891.9755 215719.9280 221060.0972 224990.4615 233296.9916 238086.3835 249104.3244 256916.9106 280680.1106 287236.8021 297240.2531 323877.1175 324380.4342 354465.4947 396578.3436 480222.1947 529648.7289 557781.4721 569336.9572 597298.8193 637477.2259 681060.6666 778162.3000 841546.7115 1007674.502 1081113.506 1242674.998 1496711.534 1685261.635 2014147.569 2199194.492 2782527.721 3520633.975 4085889.229 4828181.603 10547616.14
