    unsorted:	 25.00000000 25.00000000 25.00000000 25.00000000 25.00000000 189103.1402 187897.0922 186023.9491 195125.8672 198657.2695 200207.3854 205090.4207 208083.2777 209471.6920 212701.1223 176775.4233 172620.6806 171598.8761 220899.7162 227103.6478 163560.8837 161871.1965 157557.3940 230858.9260 236459.8268 235543.9981 148945.9941 142258.2296 247507.4684 251791.0029 134254.4443 122323.0297 108899.2868 94410.31733 87509.91218 77248.42939 277130.1717 65965.45532 51620.09472 48245.33912 43072.23870 38724.09686 31403.57082 25989.12244 23836.81392 262.5586334 188.7643912 473.7468932 651.8112612 1028.370569 16741.56040 13886.12981 7372.960338 286032.4758 302413.8044 322942.5806 329285.6274 365674.1177 399790.3964 479266.6254 539422.6257 574182.6139 581119.2196 605273.3929 643907.5333 693131.0567 795108.0045 847918.6954 1026340.407 1114166.794 1237689.280 1511848.609 1752666.685 2078142.901 2260197.764 2832656.204 3551813.342 4161532.379 4824867.361 11195858.17
      sorted:	 25.00000000 25.00000000 25.00000000 25.00000000 25.00000000 188.7643912 262.5586334 473.7468932 651.8112612 1028.370569 7372.960338 13886.12981 16741.56040 23836.81392 25989.12244 31403.57082 38724.09686 43072.23870 48245.33912 51620.09472 65965.45532 77248.42939 87509.91218 94410.31733 108899.2868 122323.0297 134254.4443 142258.2296 148945.9941 157557.3940 161871.1965 163560.8837 171598.8761 172620.6806 176775.4233 186023.9491 187897.0922 189103.1402 195125.8672 198657.2695 200207.3854 205090.4207 208083.2777 209471.6920 212701.1223 220899.7162 227103.6478 230858.9260 235543.9981 236459.8268 247507.4684 251791.0029 277130.1717 286032.4758 302413.8044 322942.5806 329285.6274 365674.1177 399790.3964 479266.6254 539422.6257 574182.6139 581119.2196 605273.3929 643907.5333 693131.0567 795108.0045 847918.6954 1026340.407 1114166.794 1237689.280 1511848.609 1752666.685 2078142.901 2260197.764 2832656.204 3551813.342 4161532.379 4824867.361 11195858.17
