    unsorted:	 198511.1887 197628.3843 199580.0940 208041.4031 207353.0903 205155.4646 203897.1151 209900.0766 194698.5776 218118.9580 218468.5505 187993.4673 188862.9765 220093.9936 180729.0541 173724.6550 169836.0257 160013.7232 161682.3616 234647.8784 235100.7146 240341.5446 152127.5071 147606.7610 246046.7144 252575.3867 136838.5456 259227.0390 128607.2863 124375.6760 267322.4236 113956.7392 101599.6828 90087.61800 280436.2223 80088.23245 68947.92958 59613.74236 51546.80053 42283.35012 38695.27228 34892.92134 29250.81723 22852.75970 21715.68854 13489.91584 13048.80224 298342.4108 7217.071124 518.8957234 336255.5031 370066.1510 392629.9339 430271.3415 459875.0677 462987.4979 478873.3402 505466.4822 537719.2904 545246.9655 627832.0544 678822.6882 809981.0762 888715.9650 978458.2046 1202598.102 1386677.218 1652793.794 1807567.101 2360724.090 3075603.037 3493801.525 7307442.950 11276730.46
      sorted:	 518.8957234 7217.071124 13048.80224 13489.91584 21715.68854 22852.75970 29250.81723 34892.92134 38695.27228 42283.35012 51546.80053 59613.74236 68947.92958 80088.23245 90087.61800 101599.6828 113956.7392 124375.6760 128607.2863 136838.5456 147606.7610 152127.5071 160013.7232 161682.3616 169836.0257 173724.6550 180729.0541 187993.4673 188862.9765 194698.5776 197628.3843 198511.1887 199580.0940 203897.1151 205155.4646 207353.0903 208041.4031 209900.0766 218118.9580 218468.5505 220093.9936 234647.8784 235100.7146 240341.5446 246046.7144 252575.3867 259227.0390 267322.4236 280436.2223 298342.4108 336255.5031 370066.1510 392629.9339 430271.3415 459875.0677 462987.4979 478873.3402 505466.4822 537719.2904 545246.9655 627832.0544 678822.6882 809981.0762 888715.9650 978458.2046 1202598.102 1386677.218 1652793.794 1807567.101 2360724.090 3075603.037 3493801.525 7307442.950 11276730.46
