    unsorted:	 25.00000000 25.00000000 25.00000000 25.00000000 25.00000000 195622.2025 196686.9712 197506.0803 203340.4787 201975.2678 205073.0296 205229.8331 191070.0977 210987.9810 212231.4237 185433.5135 179956.1561 174191.6898 171606.8571 222268.4786 164439.5164 160803.4678 155406.1226 230372.9445 236736.0998 234612.1804 239443.7220 148790.3839 141495.2172 130469.1052 119686.4114 257818.8339 112349.6865 98204.66027 86715.78344 75736.52939 275946.7232 64845.11531 53292.60925 50627.45561 43676.83847 37617.01207 30653.89074 25070.23277 22098.47487 261.6616226 175.5116128 476.5129735 642.7604402 1000.994500 16187.93762 13803.54130 7424.405703 283296.3648 301082.7982 324351.2014 320920.4140 356419.2872 396788.6207 475249.5136 527024.7001 566990.5764 576334.9683 595841.1444 635467.9721 684149.8566 782047.9898 841678.4154 1016955.860 1110031.916 1251720.669 1510636.855 1756955.186 2084518.497 2265374.177 2822256.066 3552090.156 4204295.026 4832124.550 11280182.69
      sorted:	 25.00000000 25.00000000 25.00000000 25.00000000 25.00000000 175.5116128 261.6616226 476.5129735 642.7604402 1000.994500 7424.405703 13803.54130 16187.93762 22098.47487 25070.23277 30653.89074 37617.01207 43676.83847 50627.45561 53292.60925 64845.11531 75736.52939 86715.78344 98204.66027 112349.6865 119686.4114 130469.1052 141495.2172 148790.3839 155406.1226 160803.4678 164439.5164 171606.8571 174191.6898 179956.1561 185433.5135 191070.0977 195622.2025 196686.9712 197506.0803 201975.2678 203340.4787 205073.0296 205229.8331 210987.9810 212231.4237 222268.4786 230372.9445 234612.1804 236736.0998 239443.7220 257818.8339 275946.7232 283296.3648 301082.7982 320920.4140 324351.2014 356419.2872 396788.6207 475249.5136 527024.7001 566990.5764 576334.9683 595841.1444 635467.9721 684149.8566 782047.9898 841678.4154 1016955.860 1110031.916 1251720.669 1510636.855 1756955.186 2084518.497 2265374.177 2822256.066 3552090.156 4204295.026 4832124.550 11280182.69
