    unsorted:	 25.00000000 25.00000000 25.00000000 25.00000000 25.00000000 197909.6650 198207.3660 196161.6658 193663.3747 201465.5450 191629.6810 205586.7815 207711.2512 208367.3204 187018.9471 175973.2389 178707.9943 224978.6782 226285.1540 228851.9608 232220.4312 235026.3019 237882.1986 169221.9380 163739.8748 160883.0876 155025.2595 148677.0523 250977.5643 138635.2312 127021.4521 116020.6427 105835.7032 269213.6913 273624.9839 93410.59103 86082.14341 71295.50959 61012.38874 52040.45139 50092.61715 44790.48795 40255.12566 33828.15378 24850.64628 22339.44876 17190.82531 263.2774397 173.1373987 490.7766401 655.6322844 999.0753271 13619.94501 7118.288825 292321.7814 319258.2341 316927.7090 349264.5758 391965.9211 474485.3241 527070.0288 565899.0508 571901.9583 599554.7142 638514.9312 683950.1227 785190.3084 850387.3744 1023897.893 1095587.168 1239836.897 1516408.049 1725085.600 2059202.134 2224342.559 2820367.032 3559083.282 4132391.834 4825852.878 10887537.60
      sorted:	 25.00000000 25.00000000 25.00000000 25.00000000 25.00000000 173.1373987 263.2774397 490.7766401 655.6322844 999.0753271 7118.288825 13619.94501 17190.82531 22339.44876 24850.64628 33828.15378 40255.12566 44790.48795 50092.61715 52040.45139 61012.38874 71295.50959 86082.14341 93410.59103 105835.7032 116020.6427 127021.4521 138635.2312 148677.0523 155025.2595 160883.0876 163739.8748 169221.9380 175973.2389 178707.9943 187018.9471 191629.6810 193663.3747 196161.6658 197909.6650 198207.3660 201465.5450 205586.7815 207711.2512 208367.3204 224978.6782 226285.1540 228851.9608 232220.4312 235026.3019 237882.1986 250977.5643 269213.6913 273624.9839 292321.7814 316927.7090 319258.2341 349264.5758 391965.9211 474485.3241 527070.0288 565899.0508 571901.9583 599554.7142 638514.9312 683950.1227 785190.3084 850387.3744 1023897.893 1095587.168 1239836.897 1516408.049 1725085.600 2059202.134 2224342.559 2820367.032 3559083.282 4132391.834 4825852.878 10887537.60
