    unsorted:	 25.00000000 25.00000000 25.00000000 25.00000000 25.00000000 196831.6928 195563.4859 193753.7091 189880.5911 201811.7605 202272.4003 205174.2567 208055.0571 211590.3444 182020.3439 179696.4064 216303.3698 174551.5883 172734.6778 165647.9927 168070.5122 160164.0967 225661.9082 148711.5269 233750.6715 238781.1019 240891.2898 139685.0609 128547.6575 118075.1924 108837.1749 95141.35295 265974.7758 270240.2099 85840.69610 74778.50420 66279.44817 53011.20247 48648.35681 44189.71472 39424.36288 31277.91902 26036.52425 23012.54430 261.0018920 211.9926389 471.9760783 657.2894992 1107.971527 16682.53273 14554.15610 7489.784906 293643.6844 304783.0230 306074.9140 333686.0333 335012.5069 367579.6906 404936.3435 480405.1848 549673.8762 584177.5342 591081.3632 611035.6453 645121.3615 703364.8856 807765.4496 866142.0163 1036405.328 1113652.557 1235314.829 1508096.474 1745351.117 2075042.657 2225413.309 2821787.778 3581719.538 4149322.562 4846708.179 11027524.34
      sorted:	 25.00000000 25.00000000 25.00000000 25.00000000 25.00000000 211.9926389 261.0018920 471.9760783 657.2894992 1107.971527 7489.784906 14554.15610 16682.53273 23012.54430 26036.52425 31277.91902 39424.36288 44189.71472 48648.35681 53011.20247 66279.44817 74778.50420 85840.69610 95141.35295 108837.1749 118075.1924 128547.6575 139685.0609 148711.5269 160164.0967 165647.9927 168070.5122 172734.6778 174551.5883 179696.4064 182020.3439 189880.5911 193753.7091 195563.4859 196831.6928 201811.7605 202272.4003 205174.2567 208055.0571 211590.3444 216303.3698 225661.9082 233750.6715 238781.1019 240891.2898 265974.7758 270240.2099 293643.6844 304783.0230 306074.9140 333686.0333 335012.5069 367579.6906 404936.3435 480405.1848 549673.8762 584177.5342 591081.3632 611035.6453 645121.3615 703364.8856 807765.4496 866142.0163 1036405.328 1113652.557 1235314.829 1508096.474 1745351.117 2075042.657 2225413.309 2821787.778 3581719.538 4149322.562 4846708.179 11027524.34
