    unsorted:	 198076.1528 198277.3717 197446.7598 206369.9282 203211.9922 208013.8011 209503.5715 214624.5953 214322.3445 188997.4119 187308.5932 219913.8093 220819.8304 180839.8245 225208.6631 173152.7983 169250.6935 167203.0972 163041.1468 156676.3686 153091.7324 234337.5539 142500.2399 242555.4905 245684.3831 131157.7503 126084.1648 122410.9491 114781.6893 106816.1689 94228.14415 87319.47029 74470.51130 60454.87943 48605.66811 40408.80683 37091.59533 22876.81170 18573.70391 9935.936169 8411.210252 370079.1193 368743.7411 575795.0827 5607854.017 5615133.890 5621955.070 5561966.636 5574953.100 5553368.922 5538279.147 5639247.504 5501062.077 5480002.552 5688657.124 5418397.803 5713534.711 5390915.795 5363954.410 5311352.134 5275901.966 5199662.382 5164063.869 5841144.797 5070384.856 5925302.261 6006171.313 4889993.606 6143138.723 4664543.343 6309327.649 6698999.976 10188685.66 2048949230.
      sorted:	 8411.210252 9935.936169 18573.70391 22876.81170 37091.59533 40408.80683 48605.66811 60454.87943 74470.51130 87319.47029 94228.14415 106816.1689 114781.6893 122410.9491 126084.1648 131157.7503 142500.2399 153091.7324 156676.3686 163041.1468 167203.0972 169250.6935 173152.7983 180839.8245 187308.5932 188997.4119 197446.7598 198076.1528 198277.3717 203211.9922 206369.9282 208013.8011 209503.5715 214322.3445 214624.5953 219913.8093 220819.8304 225208.6631 234337.5539 242555.4905 245684.3831 368743.7411 370079.1193 575795.0827 4664543.343 4889993.606 5070384.856 5164063.869 5199662.382 5275901.966 5311352.134 5363954.410 5390915.795 5418397.803 5480002.552 5501062.077 5538279.147 5553368.922 5561966.636 5574953.100 5607854.017 5615133.890 5621955.070 5639247.504 5688657.124 5713534.711 5841144.797 5925302.261 6006171.313 6143138.723 6309327.649 6698999.976 10188685.66 2048949230.
