    unsorted:	 203853.9893 203178.0227 202168.9123 200549.1295 207648.4238 206724.6914 196969.3338 194254.8653 191953.3258 186379.3162 212064.2380 185232.9661 214252.7675 180614.8666 172135.2558 170694.5930 165877.5395 222165.2316 225545.8656 160817.4772 157326.8140 232510.6595 151648.8201 237118.8994 238728.6329 143140.3059 245656.8997 134423.0096 129297.5929 116832.7960 265765.8135 267088.1198 100539.7629 96324.60551 87883.95261 75850.29988 65937.91279 57405.62687 53256.38515 45119.55305 41732.52481 34151.93188 32332.85957 21818.38711 20216.76111 13449.09282 12107.37636 6841.357281 290669.2303 328.9207338 325787.0958 370071.4293 384904.3008 435201.3037 465265.4230 469589.6246 485144.3402 515422.8338 537412.6365 559653.6913 644699.5366 680891.5504 814864.5071 897264.4116 982435.9713 1213300.783 1392980.910 1649024.659 1800305.672 2347701.605 3075298.457 3454277.903 7289419.969 11204278.00
      sorted:	 328.9207338 6841.357281 12107.37636 13449.09282 20216.76111 21818.38711 32332.85957 34151.93188 41732.52481 45119.55305 53256.38515 57405.62687 65937.91279 75850.29988 87883.95261 96324.60551 100539.7629 116832.7960 129297.5929 134423.0096 143140.3059 151648.8201 157326.8140 160817.4772 165877.5395 170694.5930 172135.2558 180614.8666 185232.9661 186379.3162 191953.3258 194254.8653 196969.3338 200549.1295 202168.9123 203178.0227 203853.9893 206724.6914 207648.4238 212064.2380 214252.7675 222165.2316 225545.8656 232510.6595 237118.8994 238728.6329 245656.8997 265765.8135 267088.1198 290669.2303 325787.0958 370071.4293 384904.3008 435201.3037 465265.4230 469589.6246 485144.3402 515422.8338 537412.6365 559653.6913 644699.5366 680891.5504 814864.5071 897264.4116 982435.9713 1213300.783 1392980.910 1649024.659 1800305.672 2347701.605 3075298.457 3454277.903 7289419.969 11204278.00
