    unsorted:	 25.00000000 25.00000000 25.00000000 25.00000000 25.00000000 197926.8112 199178.2257 199577.6206 196841.0514 190779.7318 191872.3987 204698.7839 186861.8823 208359.7531 212219.8587 177879.0432 172495.1712 216912.9699 170295.2903 168353.5332 164304.5093 227882.7378 157854.4557 233688.4290 231618.6760 235576.0722 149465.2813 240868.9709 140220.0317 131396.6114 119941.0842 257694.6696 109491.1918 93983.80327 79661.58455 69288.85997 60908.18938 51861.72225 48316.22206 44762.53409 39707.72310 32785.15325 262.8690236 183.1766794 495.2713252 652.2753799 1026.250120 24535.62971 21968.95482 16752.83643 13524.84929 7170.594814 275502.0799 280897.2860 293260.9747 317500.1858 318697.7459 352300.4584 392034.9215 475388.6276 519098.1677 550577.6421 559023.6033 586768.0313 630586.9693 666079.4011 759266.4652 835274.8540 1013548.725 1074878.833 1232834.141 1497238.090 1698216.630 2025708.987 2206312.967 2793643.558 3525978.210 4101230.799 4829887.532 10799709.06
      sorted:	 25.00000000 25.00000000 25.00000000 25.00000000 25.00000000 183.1766794 262.8690236 495.2713252 652.2753799 1026.250120 7170.594814 13524.84929 16752.83643 21968.95482 24535.62971 32785.15325 39707.72310 44762.53409 48316.22206 51861.72225 60908.18938 69288.85997 79661.58455 93983.80327 109491.1918 119941.0842 131396.6114 140220.0317 149465.2813 157854.4557 164304.5093 168353.5332 170295.2903 172495.1712 177879.0432 186861.8823 190779.7318 191872.3987 196841.0514 197926.8112 199178.2257 199577.6206 204698.7839 208359.7531 212219.8587 216912.9699 227882.7378 231618.6760 233688.4290 235576.0722 240868.9709 257694.6696 275502.0799 280897.2860 293260.9747 317500.1858 318697.7459 352300.4584 392034.9215 475388.6276 519098.1677 550577.6421 559023.6033 586768.0313 630586.9693 666079.4011 759266.4652 835274.8540 1013548.725 1074878.833 1232834.141 1497238.090 1698216.630 2025708.987 2206312.967 2793643.558 3525978.210 4101230.799 4829887.532 10799709.06
