    unsorted:	 25.00000000 25.00000000 25.00000000 25.00000000 25.00000000 188560.6962 189832.6202 191720.4805 192618.7183 197000.1205 197250.5813 201879.5891 207469.1393 211175.2246 214050.8754 216892.6361 177932.8404 174865.3709 220525.4554 169135.5097 162590.6523 163906.3422 157635.6931 227065.9653 236019.4096 233058.6059 236881.6917 150543.5055 249857.2294 140854.6389 132438.3821 119094.7588 267293.4672 272434.9847 104446.8583 89699.71090 83040.27291 69775.71577 60427.56429 52454.23970 50248.26346 42413.15254 37203.82540 29798.03845 24420.08018 22399.57443 260.0647107 172.4776675 488.0533745 644.6916995 986.0968584 16259.15991 13211.21883 7046.079481 288546.6135 312150.4591 316593.0072 351356.9017 391106.1568 475177.4852 515354.5455 557159.1958 561719.6064 587656.4201 637362.7535 673846.1501 769421.1425 839994.3982 1013993.045 1084016.758 1239926.910 1498552.172 1708540.207 2055075.509 2229459.822 2819309.674 3509275.687 4080362.883 4812789.543 10724941.63
      sorted:	 25.00000000 25.00000000 25.00000000 25.00000000 25.00000000 172.4776675 260.0647107 488.0533745 644.6916995 986.0968584 7046.079481 13211.21883 16259.15991 22399.57443 24420.08018 29798.03845 37203.82540 42413.15254 50248.26346 52454.23970 60427.56429 69775.71577 83040.27291 89699.71090 104446.8583 119094.7588 132438.3821 140854.6389 150543.5055 157635.6931 162590.6523 163906.3422 169135.5097 174865.3709 177932.8404 188560.6962 189832.6202 191720.4805 192618.7183 197000.1205 197250.5813 201879.5891 207469.1393 211175.2246 214050.8754 216892.6361 220525.4554 227065.9653 233058.6059 236019.4096 236881.6917 249857.2294 267293.4672 272434.9847 288546.6135 312150.4591 316593.0072 351356.9017 391106.1568 475177.4852 515354.5455 557159.1958 561719.6064 587656.4201 637362.7535 673846.1501 769421.1425 839994.3982 1013993.045 1084016.758 1239926.910 1498552.172 1708540.207 2055075.509 2229459.822 2819309.674 3509275.687 4080362.883 4812789.543 10724941.63
