    unsorted:	 25.00000000 25.00000000 25.00000000 25.00000000 25.00000000 192944.4849 193613.1025 196145.5576 200233.3428 204188.9535 204763.3640 206001.9633 211059.6699 213506.4576 214662.5120 216764.6976 186329.9633 181597.1965 176722.9085 173035.8285 167391.9329 231772.9298 160141.2918 158705.7088 233654.4235 239577.6898 146413.5023 140448.0991 129555.7501 118930.5999 256103.8902 259686.1018 110795.2376 96897.83220 85705.85186 74457.87669 64621.94607 61075.37525 47673.62455 44577.79411 38446.92125 30022.20591 25110.83447 21237.38745 16752.54493 260.9935303 208.3895851 474.5851382 659.4776841 1081.353080 13781.18343 7434.619686 281521.8201 297162.4139 306227.5512 323963.9922 332332.4856 372759.4310 405039.6021 481578.6565 537669.3371 566947.7995 575995.4854 600164.8327 636828.7121 685635.5407 784990.1989 847037.8645 1017046.747 1092005.734 1247791.521 1498629.302 1724631.113 2068659.221 2252287.855 2816458.200 3512842.908 4112039.256 4811058.854 11036805.94
      sorted:	 25.00000000 25.00000000 25.00000000 25.00000000 25.00000000 208.3895851 260.9935303 474.5851382 659.4776841 1081.353080 7434.619686 13781.18343 16752.54493 21237.38745 25110.83447 30022.20591 38446.92125 44577.79411 47673.62455 61075.37525 64621.94607 74457.87669 85705.85186 96897.83220 110795.2376 118930.5999 129555.7501 140448.0991 146413.5023 158705.7088 160141.2918 167391.9329 173035.8285 176722.9085 181597.1965 186329.9633 192944.4849 193613.1025 196145.5576 200233.3428 204188.9535 204763.3640 206001.9633 211059.6699 213506.4576 214662.5120 216764.6976 231772.9298 233654.4235 239577.6898 256103.8902 259686.1018 281521.8201 297162.4139 306227.5512 323963.9922 332332.4856 372759.4310 405039.6021 481578.6565 537669.3371 566947.7995 575995.4854 600164.8327 636828.7121 685635.5407 784990.1989 847037.8645 1017046.747 1092005.734 1247791.521 1498629.302 1724631.113 2068659.221 2252287.855 2816458.200 3512842.908 4112039.256 4811058.854 11036805.94
