    unsorted:	 180285.8840 177376.5345 184830.3097 185979.8015 189556.4687 169386.3700 168278.8622 166671.0943 162282.9037 158868.3367 207874.5052 204697.3782 202658.6723 210162.8740 212812.7204 215460.5469 220136.9430 220790.0940 223705.4281 153351.0634 146530.0083 238421.3871 234041.7909 240797.5151 136224.3948 124336.0524 119879.5978 111345.7819 103465.3142 260617.1434 88774.90953 84102.28539 70112.25032 58102.99641 47995.37978 43116.29245 37776.58827 23496.90977 19549.96723 10610.96792 9509.735278 370069.1159 368802.5853 576349.6257 5613876.903 5606406.499 5623373.483 5556250.978 5561593.122 5571525.367 5536681.272 5655621.296 5504055.268 5483274.113 5685234.105 5423124.859 5708753.808 5389723.622 5363952.777 5286500.626 5296476.601 5251057.524 5829941.515 5170623.404 5911626.062 5100437.901 6002206.489 4912647.360 6145382.222 4690540.591 6300816.742 6745268.213 10124283.57 2051281144.
      sorted:	 9509.735278 10610.96792 19549.96723 23496.90977 37776.58827 43116.29245 47995.37978 58102.99641 70112.25032 84102.28539 88774.90953 103465.3142 111345.7819 119879.5978 124336.0524 136224.3948 146530.0083 153351.0634 158868.3367 162282.9037 166671.0943 168278.8622 169386.3700 177376.5345 180285.8840 184830.3097 185979.8015 189556.4687 202658.6723 204697.3782 207874.5052 210162.8740 212812.7204 215460.5469 220136.9430 220790.0940 223705.4281 234041.7909 238421.3871 240797.5151 260617.1434 368802.5853 370069.1159 576349.6257 4690540.591 4912647.360 5100437.901 5170623.404 5251057.524 5286500.626 5296476.601 5363952.777 5389723.622 5423124.859 5483274.113 5504055.268 5536681.272 5556250.978 5561593.122 5571525.367 5606406.499 5613876.903 5623373.483 5655621.296 5685234.105 5708753.808 5829941.515 5911626.062 6002206.489 6145382.222 6300816.742 6745268.213 10124283.57 2051281144.
