    unsorted:	 195023.8805 194648.5733 197634.8719 199157.5165 199907.1119 201086.0356 187459.7770 188093.2855 181732.2969 180180.5749 178123.4519 210031.3893 211361.1791 217250.2843 217718.6799 215860.0046 220087.4599 169377.2976 167680.3772 162440.7751 160046.9876 228197.3548 151570.8465 146826.4982 240219.4980 243906.5096 249825.9272 133253.5969 123465.9636 118678.9573 108251.2923 267461.7902 269133.8687 97986.38756 83231.37296 76855.27252 67871.13518 58666.19818 55477.22181 44028.71441 41181.17044 34711.57802 27652.03084 22700.93923 21015.58852 13453.08635 12327.36316 6937.545625 293278.1631 352.7899743 330288.5478 370065.4740 389052.0520 424932.4332 461732.0850 472649.0741 483773.4574 511096.2301 537577.5740 557396.0932 638402.9117 678153.9018 818451.2406 909832.0034 996181.5137 1211577.432 1430647.263 1690492.705 1865084.779 2397182.066 3155934.859 3486333.694 7466699.072 11406965.40
      sorted:	 352.7899743 6937.545625 12327.36316 13453.08635 21015.58852 22700.93923 27652.03084 34711.57802 41181.17044 44028.71441 55477.22181 58666.19818 67871.13518 76855.27252 83231.37296 97986.38756 108251.2923 118678.9573 123465.9636 133253.5969 146826.4982 151570.8465 160046.9876 162440.7751 167680.3772 169377.2976 178123.4519 180180.5749 181732.2969 187459.7770 188093.2855 194648.5733 195023.8805 197634.8719 199157.5165 199907.1119 201086.0356 210031.3893 211361.1791 215860.0046 217250.2843 217718.6799 220087.4599 228197.3548 240219.4980 243906.5096 249825.9272 267461.7902 269133.8687 293278.1631 330288.5478 370065.4740 389052.0520 424932.4332 461732.0850 472649.0741 483773.4574 511096.2301 537577.5740 557396.0932 638402.9117 678153.9018 818451.2406 909832.0034 996181.5137 1211577.432 1430647.263 1690492.705 1865084.779 2397182.066 3155934.859 3486333.694 7466699.072 11406965.40
