    unsorted:	 25.00000000 25.00000000 25.00000000 25.00000000 25.00000000 199557.8088 198430.0914 200468.6910 195531.1701 205076.3254 205748.6137 206604.5351 208239.0383 192507.7160 189461.5826 213574.7828 179976.9067 174034.4481 172847.9208 221556.1767 166176.8252 160545.9831 155927.5252 231840.4056 236862.6824 234827.8233 149326.1276 242311.3209 139086.2687 126476.0842 255923.6269 116534.9723 108211.1567 94662.09174 83677.26625 71628.38384 62419.77189 55675.50895 53043.07940 43014.15154 36964.86265 31337.30421 24942.32340 22684.96505 17558.67664 262.8470627 186.0170982 483.1019121 665.2563179 1021.403350 13603.84038 7212.021233 275230.8088 280947.7823 294620.1043 320461.6795 317594.6600 349980.6832 394181.3426 474555.0847 518804.5301 555753.4490 561311.6165 587994.2486 632161.5106 670388.3796 764698.7427 829062.7947 1008633.772 1073233.616 1236961.462 1504938.458 1699470.354 2030101.698 2204455.153 2798086.609 3507344.895 4092592.496 4825133.013 10611970.29
      sorted:	 25.00000000 25.00000000 25.00000000 25.00000000 25.00000000 186.0170982 262.8470627 483.1019121 665.2563179 1021.403350 7212.021233 13603.84038 17558.67664 22684.96505 24942.32340 31337.30421 36964.86265 43014.15154 53043.07940 55675.50895 62419.77189 71628.38384 83677.26625 94662.09174 108211.1567 116534.9723 126476.0842 139086.2687 149326.1276 155927.5252 160545.9831 166176.8252 172847.9208 174034.4481 179976.9067 189461.5826 192507.7160 195531.1701 198430.0914 199557.8088 200468.6910 205076.3254 205748.6137 206604.5351 208239.0383 213574.7828 221556.1767 231840.4056 234827.8233 236862.6824 242311.3209 255923.6269 275230.8088 280947.7823 294620.1043 317594.6600 320461.6795 349980.6832 394181.3426 474555.0847 518804.5301 555753.4490 561311.6165 587994.2486 632161.5106 670388.3796 764698.7427 829062.7947 1008633.772 1073233.616 1236961.462 1504938.458 1699470.354 2030101.698 2204455.153 2798086.609 3507344.895 4092592.496 4825133.013 10611970.29
