    unsorted:	 25.00000000 25.00000000 25.00000000 25.00000000 25.00000000 197854.3353 195795.8252 199362.0179 201200.4578 192102.4502 188705.5510 205573.9058 210213.2870 210410.2383 213291.5264 215179.9358 180116.2152 176813.6162 173114.5505 166232.0941 161199.5672 158471.4836 227681.7717 232224.5200 232896.4416 235862.9277 148913.2027 141003.3903 129642.8937 117859.0597 111887.3184 256823.3063 259991.2333 96696.83057 84530.59982 72274.82832 63718.43822 49387.54224 44760.04815 40441.16733 37571.59940 32720.45160 25798.80055 21813.20166 258.6860447 197.3953876 476.0070480 648.0396473 1061.647919 16000.77373 13838.98471 7470.341965 285380.3409 296138.5933 306564.5057 326819.2252 331096.1556 369472.5027 404196.5032 480339.3043 533787.2840 564573.1853 573473.7803 596687.6497 637722.3676 677365.4093 778995.6087 841226.0530 1015974.073 1082920.182 1216401.958 1494068.691 1705733.021 2038776.253 2220444.835 2808719.407 3500589.168 4062418.592 4816483.081 10877816.65
      sorted:	 25.00000000 25.00000000 25.00000000 25.00000000 25.00000000 197.3953876 258.6860447 476.0070480 648.0396473 1061.647919 7470.341965 13838.98471 16000.77373 21813.20166 25798.80055 32720.45160 37571.59940 40441.16733 44760.04815 49387.54224 63718.43822 72274.82832 84530.59982 96696.83057 111887.3184 117859.0597 129642.8937 141003.3903 148913.2027 158471.4836 161199.5672 166232.0941 173114.5505 176813.6162 180116.2152 188705.5510 192102.4502 195795.8252 197854.3353 199362.0179 201200.4578 205573.9058 210213.2870 210410.2383 213291.5264 215179.9358 227681.7717 232224.5200 232896.4416 235862.9277 256823.3063 259991.2333 285380.3409 296138.5933 306564.5057 326819.2252 331096.1556 369472.5027 404196.5032 480339.3043 533787.2840 564573.1853 573473.7803 596687.6497 637722.3676 677365.4093 778995.6087 841226.0530 1015974.073 1082920.182 1216401.958 1494068.691 1705733.021 2038776.253 2220444.835 2808719.407 3500589.168 4062418.592 4816483.081 10877816.65
