    unsorted:	 195098.9339 196936.9025 191682.1095 187484.3105 186322.9109 180538.7497 200359.2771 205214.9793 210398.2505 214277.8637 216258.9516 217691.6381 174312.5082 170145.6784 168528.5945 159522.2121 158724.7215 224398.0194 228062.4508 232657.2486 235712.0552 235943.1588 151151.1936 140009.5054 131470.3087 122977.3506 119294.6333 108860.5752 103756.2425 254966.1254 91758.79517 84582.61846 76240.83836 69540.82886 54581.07012 41151.41264 33487.33289 25767.52803 12058.04738 10512.26285 9535.291152 370073.4122 368769.5111 575572.9956 5554599.493 5563255.833 5574779.646 5537729.504 5602072.974 5617731.562 5625200.128 5501921.695 5481752.751 5652036.073 5421242.554 5693450.119 5715593.825 5386930.540 5357328.921 5291185.852 5300919.299 5228915.646 5162305.691 5847148.488 5099999.271 5927372.156 6008648.459 4887487.801 6151381.360 4646704.543 6318095.702 6765714.451 10253844.38 2050252537.
      sorted:	 9535.291152 10512.26285 12058.04738 25767.52803 33487.33289 41151.41264 54581.07012 69540.82886 76240.83836 84582.61846 91758.79517 103756.2425 108860.5752 119294.6333 122977.3506 131470.3087 140009.5054 151151.1936 158724.7215 159522.2121 168528.5945 170145.6784 174312.5082 180538.7497 186322.9109 187484.3105 191682.1095 195098.9339 196936.9025 200359.2771 205214.9793 210398.2505 214277.8637 216258.9516 217691.6381 224398.0194 228062.4508 232657.2486 235712.0552 235943.1588 254966.1254 368769.5111 370073.4122 575572.9956 4646704.543 4887487.801 5099999.271 5162305.691 5228915.646 5291185.852 5300919.299 5357328.921 5386930.540 5421242.554 5481752.751 5501921.695 5537729.504 5554599.493 5563255.833 5574779.646 5602072.974 5617731.562 5625200.128 5652036.073 5693450.119 5715593.825 5847148.488 5927372.156 6008648.459 6151381.360 6318095.702 6765714.451 10253844.38 2050252537.
