    unsorted:	 197019.1963 197868.8581 195226.2375 194364.3536 200793.1492 202879.8162 207817.6244 207142.3845 208398.8335 210199.2085 191792.4487 217568.4383 182655.5041 178520.7616 221138.1872 172609.5029 225350.9459 170307.7134 229764.2746 232312.9417 160137.6252 158243.3098 151185.1605 241149.7871 244024.1404 250734.9976 139275.6764 134511.6441 128378.8593 121796.1967 111468.9051 270040.4158 270576.9381 100070.6316 81498.81421 77837.54367 72485.58042 60453.62158 56389.95247 44979.31999 41659.85073 35386.09309 30201.21858 22063.62982 20467.01960 13464.17618 12844.90231 6994.989276 295294.8630 452.9186115 332606.2049 370073.1304 382889.2231 439702.4598 463420.0973 467329.3258 483216.1744 510682.6450 537586.3383 558531.4239 643362.6213 681690.1574 808629.5921 893260.7281 973988.4876 1212015.837 1383812.687 1653753.832 1802442.045 2341212.979 3064682.417 3507784.967 7312454.032 11264059.69
      sorted:	 452.9186115 6994.989276 12844.90231 13464.17618 20467.01960 22063.62982 30201.21858 35386.09309 41659.85073 44979.31999 56389.95247 60453.62158 72485.58042 77837.54367 81498.81421 100070.6316 111468.9051 121796.1967 128378.8593 134511.6441 139275.6764 151185.1605 158243.3098 160137.6252 170307.7134 172609.5029 178520.7616 182655.5041 191792.4487 194364.3536 195226.2375 197019.1963 197868.8581 200793.1492 202879.8162 207142.3845 207817.6244 208398.8335 210199.2085 217568.4383 221138.1872 225350.9459 229764.2746 232312.9417 241149.7871 244024.1404 250734.9976 270040.4158 270576.9381 295294.8630 332606.2049 370073.1304 382889.2231 439702.4598 463420.0973 467329.3258 483216.1744 510682.6450 537586.3383 558531.4239 643362.6213 681690.1574 808629.5921 893260.7281 973988.4876 1212015.837 1383812.687 1653753.832 1802442.045 2341212.979 3064682.417 3507784.967 7312454.032 11264059.69
