    unsorted:	 25.00000000 25.00000000 25.00000000 25.00000000 25.00000000 199471.8499 199324.0348 199064.2048 203124.0698 202849.6812 206751.7738 209106.9253 211854.3660 216421.0474 215778.7930 193791.4296 189976.7154 183778.2381 175707.1274 170139.2378 165558.8263 233300.4625 230905.8824 234579.5057 159205.3401 150262.3123 246317.2914 138755.4102 135887.4152 125405.9077 254773.9137 116548.1395 108354.9110 96170.79549 84646.29402 75864.67117 275919.6025 64936.18904 56309.64239 49782.82709 43855.08136 38177.77533 30352.86148 24494.62648 21588.39246 16893.39871 262.3416976 188.8919637 491.1406634 655.7158814 1039.202944 13532.57029 7218.770534 283217.2742 297361.9349 319574.4991 320449.2078 355257.4914 396164.8390 481079.8658 515101.0712 556490.5523 561475.8044 590544.6253 635590.9581 669790.5845 764701.4150 843197.8482 1014203.125 1086754.277 1238268.585 1506282.658 1716105.587 2055220.512 2235440.092 2811393.123 3524261.204 4117309.171 4816731.891 10998954.04
      sorted:	 25.00000000 25.00000000 25.00000000 25.00000000 25.00000000 188.8919637 262.3416976 491.1406634 655.7158814 1039.202944 7218.770534 13532.57029 16893.39871 21588.39246 24494.62648 30352.86148 38177.77533 43855.08136 49782.82709 56309.64239 64936.18904 75864.67117 84646.29402 96170.79549 108354.9110 116548.1395 125405.9077 135887.4152 138755.4102 150262.3123 159205.3401 165558.8263 170139.2378 175707.1274 183778.2381 189976.7154 193791.4296 199064.2048 199324.0348 199471.8499 202849.6812 203124.0698 206751.7738 209106.9253 211854.3660 215778.7930 216421.0474 230905.8824 233300.4625 234579.5057 246317.2914 254773.9137 275919.6025 283217.2742 297361.9349 319574.4991 320449.2078 355257.4914 396164.8390 481079.8658 515101.0712 556490.5523 561475.8044 590544.6253 635590.9581 669790.5845 764701.4150 843197.8482 1014203.125 1086754.277 1238268.585 1506282.658 1716105.587 2055220.512 2235440.092 2811393.123 3524261.204 4117309.171 4816731.891 10998954.04
