    unsorted:	 25.00000000 25.00000000 25.00000000 25.00000000 25.00000000 194743.7371 195383.3784 199069.9681 191267.2117 204000.9805 203607.5468 209053.8091 208582.9682 213619.8993 214648.1152 186331.6081 176971.6956 222911.5946 172693.9581 167903.9959 165599.1589 159608.1649 153391.3320 234768.4444 238889.9672 241119.0046 146534.8848 138681.5262 127840.2031 257845.1106 260432.3168 118513.4017 109772.6793 96173.82649 84267.58759 75470.65857 65458.11872 54675.51924 49654.92144 43746.36702 37128.19910 30281.14832 25163.11597 21680.49368 16943.16685 261.1085927 198.3127473 484.4261329 659.6152209 1065.464307 14020.86405 7228.484495 284126.1573 292275.7329 294568.6778 319317.3024 325274.3340 351009.3253 395472.9734 471569.7902 521659.5306 560723.2753 572206.8788 591540.9294 629991.5004 676899.9778 777224.5337 848291.6832 1019353.199 1107267.954 1235356.960 1505535.834 1725325.577 2059824.352 2240791.675 2832820.778 3570889.067 4175625.887 4852599.910 10844100.22
      sorted:	 25.00000000 25.00000000 25.00000000 25.00000000 25.00000000 198.3127473 261.1085927 484.4261329 659.6152209 1065.464307 7228.484495 14020.86405 16943.16685 21680.49368 25163.11597 30281.14832 37128.19910 43746.36702 49654.92144 54675.51924 65458.11872 75470.65857 84267.58759 96173.82649 109772.6793 118513.4017 127840.2031 138681.5262 146534.8848 153391.3320 159608.1649 165599.1589 167903.9959 172693.9581 176971.6956 186331.6081 191267.2117 194743.7371 195383.3784 199069.9681 203607.5468 204000.9805 208582.9682 209053.8091 213619.8993 214648.1152 222911.5946 234768.4444 238889.9672 241119.0046 257845.1106 260432.3168 284126.1573 292275.7329 294568.6778 319317.3024 325274.3340 351009.3253 395472.9734 471569.7902 521659.5306 560723.2753 572206.8788 591540.9294 629991.5004 676899.9778 777224.5337 848291.6832 1019353.199 1107267.954 1235356.960 1505535.834 1725325.577 2059824.352 2240791.675 2832820.778 3570889.067 4175625.887 4852599.910 10844100.22
