    unsorted:	 189585.5255 189259.2120 187692.0243 197988.6229 198684.5641 195672.4669 181658.6958 180323.2550 206564.7982 216027.5766 216185.9562 214501.5893 218980.0107 219329.8042 222062.8823 168063.6877 167134.9774 163713.4933 159146.4571 228067.9947 151661.0480 142895.0047 136971.7311 239236.8573 245093.6479 120406.7102 124711.0498 111973.3410 251862.8398 104052.8669 87906.52421 84648.54481 73185.11555 59561.77018 49626.21216 44660.33711 35074.65365 26261.10096 14991.65469 10275.24254 9231.483149 370069.0391 368824.4834 576156.3595 5557590.941 5560872.571 5569833.171 5614792.613 5610789.192 5620486.708 5535738.265 5643971.702 5502645.214 5483963.671 5689890.522 5425902.680 5711253.477 5387735.784 5368580.484 5300337.448 5277836.197 5237499.061 5826149.603 5166588.161 5914756.091 5084167.828 5994899.526 4898395.621 6132721.025 4707501.512 6283711.016 6675452.875 9977272.767 2051007342.
      sorted:	 9231.483149 10275.24254 14991.65469 26261.10096 35074.65365 44660.33711 49626.21216 59561.77018 73185.11555 84648.54481 87906.52421 104052.8669 111973.3410 120406.7102 124711.0498 136971.7311 142895.0047 151661.0480 159146.4571 163713.4933 167134.9774 168063.6877 180323.2550 181658.6958 187692.0243 189259.2120 189585.5255 195672.4669 197988.6229 198684.5641 206564.7982 214501.5893 216027.5766 216185.9562 218980.0107 219329.8042 222062.8823 228067.9947 239236.8573 245093.6479 251862.8398 368824.4834 370069.0391 576156.3595 4707501.512 4898395.621 5084167.828 5166588.161 5237499.061 5277836.197 5300337.448 5368580.484 5387735.784 5425902.680 5483963.671 5502645.214 5535738.265 5557590.941 5560872.571 5569833.171 5610789.192 5614792.613 5620486.708 5643971.702 5689890.522 5711253.477 5826149.603 5914756.091 5994899.526 6132721.025 6283711.016 6675452.875 9977272.767 2051007342.
