    unsorted:	 25.00000000 25.00000000 25.00000000 25.00000000 25.00000000 188387.4544 188912.9632 189537.7063 192553.9625 203646.4041 204975.4420 206376.1834 207996.6527 199371.2019 211963.7965 176706.8798 174874.4201 171309.2725 220566.2535 163486.4876 160747.1837 230119.2090 228666.5069 232026.0480 155943.8413 242254.5896 243857.4391 144604.4245 250468.2139 138338.5194 129395.9653 118785.0730 109238.5390 96140.02341 272408.4483 85956.02775 72320.13819 61264.19463 57253.22816 54774.26838 43952.91767 37431.90956 30404.68070 24782.19828 21328.32072 16342.14797 259.6636433 184.5556670 476.4589884 651.2616332 1016.502710 13738.60812 7290.315692 280533.1470 300275.4884 320558.3516 328873.7018 362643.1839 400906.7300 478885.7215 540096.6831 563983.7840 578081.3538 596011.4679 633492.4878 682013.9763 787291.3235 845956.5998 1021451.532 1093261.467 1228338.338 1509606.699 1705334.730 2046006.830 2230262.567 2813058.948 3544714.597 4092415.892 4826594.077 10881227.81
      sorted:	 25.00000000 25.00000000 25.00000000 25.00000000 25.00000000 184.5556670 259.6636433 476.4589884 651.2616332 1016.502710 7290.315692 13738.60812 16342.14797 21328.32072 24782.19828 30404.68070 37431.90956 43952.91767 54774.26838 57253.22816 61264.19463 72320.13819 85956.02775 96140.02341 109238.5390 118785.0730 129395.9653 138338.5194 144604.4245 155943.8413 160747.1837 163486.4876 171309.2725 174874.4201 176706.8798 188387.4544 188912.9632 189537.7063 192553.9625 199371.2019 203646.4041 204975.4420 206376.1834 207996.6527 211963.7965 220566.2535 228666.5069 230119.2090 232026.0480 242254.5896 243857.4391 250468.2139 272408.4483 280533.1470 300275.4884 320558.3516 328873.7018 362643.1839 400906.7300 478885.7215 540096.6831 563983.7840 578081.3538 596011.4679 633492.4878 682013.9763 787291.3235 845956.5998 1021451.532 1093261.467 1228338.338 1509606.699 1705334.730 2046006.830 2230262.567 2813058.948 3544714.597 4092415.892 4826594.077 10881227.81
