    unsorted:	 206837.9219 207483.8792 203193.9398 209356.0734 200907.6323 199077.6078 194445.6482 194786.0950 214196.6146 189169.5521 187218.7124 185415.6264 217356.2189 224306.8574 225803.3193 228114.3820 230691.8770 232225.1062 174721.5370 172187.5169 171284.7638 165170.3031 163688.3280 240227.5865 152868.6618 149962.3725 249977.7985 134609.5492 128886.3654 116557.0786 268360.6554 269710.0845 102865.4630 97926.18071 86721.40191 78096.08534 73789.52831 59209.47044 55048.05443 291945.8511 40713.70775 35725.87358 33718.82835 29546.47652 22229.67334 21107.61935 13454.98779 12673.10170 6897.262976 448.7369404 328775.3338 370072.3126 386393.7554 431511.8309 460734.4479 464813.4534 482578.3853 511954.1404 538087.2057 551507.0532 633285.2969 671473.5102 812398.9217 894810.4870 985951.7912 1210240.990 1399160.743 1657858.420 1818104.542 2370529.330 3107452.755 3487607.436 7366263.996 11328326.93
      sorted:	 448.7369404 6897.262976 12673.10170 13454.98779 21107.61935 22229.67334 29546.47652 33718.82835 35725.87358 40713.70775 55048.05443 59209.47044 73789.52831 78096.08534 86721.40191 97926.18071 102865.4630 116557.0786 128886.3654 134609.5492 149962.3725 152868.6618 163688.3280 165170.3031 171284.7638 172187.5169 174721.5370 185415.6264 187218.7124 189169.5521 194445.6482 194786.0950 199077.6078 200907.6323 203193.9398 206837.9219 207483.8792 209356.0734 214196.6146 217356.2189 224306.8574 225803.3193 228114.3820 230691.8770 232225.1062 240227.5865 249977.7985 268360.6554 269710.0845 291945.8511 328775.3338 370072.3126 386393.7554 431511.8309 460734.4479 464813.4534 482578.3853 511954.1404 538087.2057 551507.0532 633285.2969 671473.5102 812398.9217 894810.4870 985951.7912 1210240.990 1399160.743 1657858.420 1818104.542 2370529.330 3107452.755 3487607.436 7366263.996 11328326.93
