    unsorted:	 25.00000000 25.00000000 25.00000000 25.00000000 25.00000000 188045.1645 188962.7457 193162.7323 191374.2168 184682.9902 196505.3646 206446.9599 206886.5215 203483.6318 210252.8857 175081.5864 169365.9045 170699.0890 165082.0717 219477.4533 157674.4659 154233.9871 228670.1411 229587.3275 233882.6232 146123.1457 239823.4472 244693.8039 138329.9236 249336.2468 130054.1128 121448.4733 113603.7611 98236.64153 85875.60383 270768.0726 276895.9100 71445.34427 60649.14605 51958.52696 49768.66737 44186.55086 40450.86892 33259.47434 260.6671335 174.7157863 483.5773272 635.9783609 1005.162830 25424.94680 22490.10683 15766.43600 13550.02824 7302.505863 303727.6686 316682.9595 331990.1335 364351.3862 399663.6295 477324.9878 540496.8356 571227.7133 579545.9101 602242.2709 638258.0197 685603.2136 787040.8945 849245.3374 1030625.219 1104731.985 1237725.788 1521903.616 1743217.159 2074566.379 2273281.941 2829454.192 3550377.605 4152996.883 4824842.160 11245603.00
      sorted:	 25.00000000 25.00000000 25.00000000 25.00000000 25.00000000 174.7157863 260.6671335 483.5773272 635.9783609 1005.162830 7302.505863 13550.02824 15766.43600 22490.10683 25424.94680 33259.47434 40450.86892 44186.55086 49768.66737 51958.52696 60649.14605 71445.34427 85875.60383 98236.64153 113603.7611 121448.4733 130054.1128 138329.9236 146123.1457 154233.9871 157674.4659 165082.0717 169365.9045 170699.0890 175081.5864 184682.9902 188045.1645 188962.7457 191374.2168 193162.7323 196505.3646 203483.6318 206446.9599 206886.5215 210252.8857 219477.4533 228670.1411 229587.3275 233882.6232 239823.4472 244693.8039 249336.2468 270768.0726 276895.9100 303727.6686 316682.9595 331990.1335 364351.3862 399663.6295 477324.9878 540496.8356 571227.7133 579545.9101 602242.2709 638258.0197 685603.2136 787040.8945 849245.3374 1030625.219 1104731.985 1237725.788 1521903.616 1743217.159 2074566.379 2273281.941 2829454.192 3550377.605 4152996.883 4824842.160 11245603.00
