    unsorted:	 205412.9327 204703.3594 207132.6351 201557.9718 200071.6414 197137.9678 195716.8768 210494.0096 212108.4380 187308.9844 186379.3770 182271.7719 180523.7126 217149.1957 174556.5929 168980.7437 226591.1363 231450.0798 230396.9730 232679.4084 160393.8735 163530.9808 240465.1481 244402.0559 151697.5561 248959.1973 145110.4599 132663.6123 126011.1453 116923.9091 268446.3300 274276.0022 103763.5055 98177.69307 83128.37973 78207.05597 64920.11258 58167.68714 53059.35581 43277.80652 40415.79143 35088.38459 30504.43999 22203.93859 20920.13322 13463.52569 12894.69593 294652.5512 6983.531009 479.8361954 330224.6156 370068.3163 388688.9032 442478.0047 467763.8243 473353.8561 487946.6039 516708.6755 537534.1538 562850.9528 649357.2786 679255.7898 814023.7445 887101.6544 971284.5226 1210545.334 1371630.295 1645415.036 1792074.246 2335513.881 3063292.549 3506409.397 7266275.137 11193100.54
      sorted:	 479.8361954 6983.531009 12894.69593 13463.52569 20920.13322 22203.93859 30504.43999 35088.38459 40415.79143 43277.80652 53059.35581 58167.68714 64920.11258 78207.05597 83128.37973 98177.69307 103763.5055 116923.9091 126011.1453 132663.6123 145110.4599 151697.5561 160393.8735 163530.9808 168980.7437 174556.5929 180523.7126 182271.7719 186379.3770 187308.9844 195716.8768 197137.9678 200071.6414 201557.9718 204703.3594 205412.9327 207132.6351 210494.0096 212108.4380 217149.1957 226591.1363 230396.9730 231450.0798 232679.4084 240465.1481 244402.0559 248959.1973 268446.3300 274276.0022 294652.5512 330224.6156 370068.3163 388688.9032 442478.0047 467763.8243 473353.8561 487946.6039 516708.6755 537534.1538 562850.9528 649357.2786 679255.7898 814023.7445 887101.6544 971284.5226 1210545.334 1371630.295 1645415.036 1792074.246 2335513.881 3063292.549 3506409.397 7266275.137 11193100.54
