    unsorted:	 25.00000000 25.00000000 25.00000000 25.00000000 25.00000000 211857.2921 212422.1916 210085.4064 209629.3899 205134.6009 203466.0439 199989.1015 197066.6859 192583.2383 192386.2730 217797.5219 185003.8996 174304.9183 175328.5984 177923.7044 228472.1821 165576.3843 160615.2992 153825.1320 240093.5112 238415.3758 243111.4760 146363.2475 251007.7155 138388.2475 126333.8914 113412.9003 108729.8677 96606.01200 86556.62009 273428.3680 280427.0180 72014.66310 61919.23167 53489.63159 47384.10687 43580.95553 38165.45133 30293.48148 24559.40678 22199.26972 16559.16033 261.4792816 178.6595417 492.9766286 649.8515838 1019.419330 13552.50602 7167.354210 293591.5168 316539.5030 323758.8755 354653.4035 391323.4439 471710.2180 526609.4339 560065.3628 565611.3365 594295.3561 637785.2297 676919.0125 775869.1506 842767.4649 1015869.138 1082618.850 1242554.334 1498761.642 1704347.868 2036417.778 2217893.979 2796505.829 3526126.069 4091052.870 4822111.515 10794076.66
      sorted:	 25.00000000 25.00000000 25.00000000 25.00000000 25.00000000 178.6595417 261.4792816 492.9766286 649.8515838 1019.419330 7167.354210 13552.50602 16559.16033 22199.26972 24559.40678 30293.48148 38165.45133 43580.95553 47384.10687 53489.63159 61919.23167 72014.66310 86556.62009 96606.01200 108729.8677 113412.9003 126333.8914 138388.2475 146363.2475 153825.1320 160615.2992 165576.3843 174304.9183 175328.5984 177923.7044 185003.8996 192386.2730 192583.2383 197066.6859 199989.1015 203466.0439 205134.6009 209629.3899 210085.4064 211857.2921 212422.1916 217797.5219 228472.1821 238415.3758 240093.5112 243111.4760 251007.7155 273428.3680 280427.0180 293591.5168 316539.5030 323758.8755 354653.4035 391323.4439 471710.2180 526609.4339 560065.3628 565611.3365 594295.3561 637785.2297 676919.0125 775869.1506 842767.4649 1015869.138 1082618.850 1242554.334 1498761.642 1704347.868 2036417.778 2217893.979 2796505.829 3526126.069 4091052.870 4822111.515 10794076.66
