    unsorted:	 198813.0777 197849.1753 195919.1710 203956.3898 207393.8601 211950.1202 214245.8570 217416.6894 223152.5112 220535.8944 227726.0460 184355.7227 181555.2556 177457.5008 172410.8352 170881.3899 166499.6889 231214.6096 160614.8065 155886.3244 152864.7881 237183.8676 242136.4263 143323.0317 135216.7361 250769.8873 120632.3770 123851.7875 110349.0007 104456.2412 86903.15168 87104.88575 69365.32325 58038.17770 48099.29293 43730.13778 41892.57728 21631.83770 17045.15058 9998.653532 5442.593423 370070.3101 368824.4771 576029.3175 5617166.436 5613441.748 5622571.832 5557777.518 5561163.260 5572747.672 5535457.971 5650691.928 5504355.725 5484144.238 5686370.059 5426436.686 5711675.055 5387530.064 5367734.011 5288657.233 5286941.862 5218542.629 5827607.473 5167949.558 5090853.655 5919781.070 5998735.262 4912073.264 6133888.444 4700531.916 6297608.519 6692434.262 10085561.35 2051191167.
      sorted:	 5442.593423 9998.653532 17045.15058 21631.83770 41892.57728 43730.13778 48099.29293 58038.17770 69365.32325 86903.15168 87104.88575 104456.2412 110349.0007 120632.3770 123851.7875 135216.7361 143323.0317 152864.7881 155886.3244 160614.8065 166499.6889 170881.3899 172410.8352 177457.5008 181555.2556 184355.7227 195919.1710 197849.1753 198813.0777 203956.3898 207393.8601 211950.1202 214245.8570 217416.6894 220535.8944 223152.5112 227726.0460 231214.6096 237183.8676 242136.4263 250769.8873 368824.4771 370070.3101 576029.3175 4700531.916 4912073.264 5090853.655 5167949.558 5218542.629 5286941.862 5288657.233 5367734.011 5387530.064 5426436.686 5484144.238 5504355.725 5535457.971 5557777.518 5561163.260 5572747.672 5613441.748 5617166.436 5622571.832 5650691.928 5686370.059 5711675.055 5827607.473 5919781.070 5998735.262 6133888.444 6297608.519 6692434.262 10085561.35 2051191167.
