    unsorted:	 167740.2035 170143.7643 177705.1029 176736.7431 163153.5217 185650.3899 191234.9467 196235.3852 198048.9195 158566.5302 204894.1034 207010.8558 209377.0096 218587.5137 218003.6657 219884.6904 225357.7449 151837.5100 148316.3923 229639.1453 231461.5654 238029.7497 139898.3910 130692.9003 122960.9986 119519.5020 252177.1639 255779.8532 108933.9908 104994.3178 92331.81732 86953.73887 82168.24327 60366.83499 44635.24652 41607.56594 33578.76961 22246.46879 14496.67240 10546.67352 7302.116127 370067.0412 368804.6046 576155.5721 5613359.446 5618071.404 5625815.647 5559639.727 5565504.397 5576345.703 5537756.435 5656584.843 5504967.968 5482758.662 5682512.645 5423776.087 5709955.432 5391896.855 5369631.781 5304719.331 5295609.355 5238427.477 5832670.746 5167510.972 5105136.855 5912734.168 6002165.412 4923837.405 6149107.145 4692197.434 6313133.638 6742280.801 10276293.24 2052491885.
      sorted:	 7302.116127 10546.67352 14496.67240 22246.46879 33578.76961 41607.56594 44635.24652 60366.83499 82168.24327 86953.73887 92331.81732 104994.3178 108933.9908 119519.5020 122960.9986 130692.9003 139898.3910 148316.3923 151837.5100 158566.5302 163153.5217 167740.2035 170143.7643 176736.7431 177705.1029 185650.3899 191234.9467 196235.3852 198048.9195 204894.1034 207010.8558 209377.0096 218003.6657 218587.5137 219884.6904 225357.7449 229639.1453 231461.5654 238029.7497 252177.1639 255779.8532 368804.6046 370067.0412 576155.5721 4692197.434 4923837.405 5105136.855 5167510.972 5238427.477 5295609.355 5304719.331 5369631.781 5391896.855 5423776.087 5482758.662 5504967.968 5537756.435 5559639.727 5565504.397 5576345.703 5613359.446 5618071.404 5625815.647 5656584.843 5682512.645 5709955.432 5832670.746 5912734.168 6002165.412 6149107.145 6313133.638 6742280.801 10276293.24 2052491885.
