    unsorted:	 205760.0152 205829.8032 204219.2874 199805.4363 199255.9895 192871.3127 193700.1517 190559.4802 188616.5908 212314.1491 211463.7314 183794.9608 219095.4327 221199.4981 174926.6220 172950.4006 170396.9159 167614.0169 228493.4953 233802.0716 234361.8512 239483.4606 240700.0846 160539.8430 155716.8084 151408.4787 255293.5259 136030.5548 129689.7124 117776.3066 269373.3952 273160.7794 102276.5877 97049.63274 88609.12667 78409.48789 64744.33575 57888.95929 52402.87413 43798.78483 40014.46890 32959.70687 34669.07489 22501.05476 21355.66465 13471.38350 13032.06088 295136.4339 6956.483781 502.5466186 330839.7317 370068.3273 389104.4366 443051.3684 472793.6766 481028.0042 490520.4538 518148.5848 538473.0407 569561.2985 654119.9330 689497.9002 824326.9862 916248.7164 994556.3176 1211556.728 1417545.650 1677157.183 1830263.546 2356258.852 3110946.122 3515252.619 7422141.413 11336317.04
      sorted:	 502.5466186 6956.483781 13032.06088 13471.38350 21355.66465 22501.05476 32959.70687 34669.07489 40014.46890 43798.78483 52402.87413 57888.95929 64744.33575 78409.48789 88609.12667 97049.63274 102276.5877 117776.3066 129689.7124 136030.5548 151408.4787 155716.8084 160539.8430 167614.0169 170396.9159 172950.4006 174926.6220 183794.9608 188616.5908 190559.4802 192871.3127 193700.1517 199255.9895 199805.4363 204219.2874 205760.0152 205829.8032 211463.7314 212314.1491 219095.4327 221199.4981 228493.4953 233802.0716 234361.8512 239483.4606 240700.0846 255293.5259 269373.3952 273160.7794 295136.4339 330839.7317 370068.3273 389104.4366 443051.3684 472793.6766 481028.0042 490520.4538 518148.5848 538473.0407 569561.2985 654119.9330 689497.9002 824326.9862 916248.7164 994556.3176 1211556.728 1417545.650 1677157.183 1830263.546 2356258.852 3110946.122 3515252.619 7422141.413 11336317.04
