    unsorted:	 198754.9712 200233.3528 197867.7609 204884.4204 203657.8848 207097.2968 208092.1125 208837.3478 193673.3097 189334.3023 188425.5513 187851.8002 215074.2357 176632.4653 226740.3587 224895.4653 230501.2184 236130.5973 236229.2279 168802.9679 166513.0172 161229.4870 159513.3529 154553.1702 245635.1197 144985.0872 255088.2980 133311.4978 125242.4607 117609.9749 267393.5400 107753.5129 275703.2658 99274.17398 86929.93488 78504.12164 70568.73107 59920.85193 55778.64269 45186.66110 42025.53861 35586.48284 30190.91413 22653.93429 21262.35917 13462.29957 12686.70835 295568.0357 7061.437510 451.5690833 328679.4768 370069.7840 386916.5186 427223.9384 453458.3001 458809.3578 476371.8562 505442.1426 536956.4641 542031.2672 624049.1574 670425.2120 804722.0011 873366.9292 973324.0481 1192930.787 1377994.378 1635831.233 1792795.647 2349381.316 3076497.926 3490420.073 7327420.566 11274977.24
      sorted:	 451.5690833 7061.437510 12686.70835 13462.29957 21262.35917 22653.93429 30190.91413 35586.48284 42025.53861 45186.66110 55778.64269 59920.85193 70568.73107 78504.12164 86929.93488 99274.17398 107753.5129 117609.9749 125242.4607 133311.4978 144985.0872 154553.1702 159513.3529 161229.4870 166513.0172 168802.9679 176632.4653 187851.8002 188425.5513 189334.3023 193673.3097 197867.7609 198754.9712 200233.3528 203657.8848 204884.4204 207097.2968 208092.1125 208837.3478 215074.2357 224895.4653 226740.3587 230501.2184 236130.5973 236229.2279 245635.1197 255088.2980 267393.5400 275703.2658 295568.0357 328679.4768 370069.7840 386916.5186 427223.9384 453458.3001 458809.3578 476371.8562 505442.1426 536956.4641 542031.2672 624049.1574 670425.2120 804722.0011 873366.9292 973324.0481 1192930.787 1377994.378 1635831.233 1792795.647 2349381.316 3076497.926 3490420.073 7327420.566 11274977.24
