    unsorted:	 25.00000000 25.00000000 25.00000000 25.00000000 25.00000000 191101.7008 192379.1410 189418.8327 195001.6426 196531.3347 198358.0186 201169.5680 205470.2989 206558.2141 210238.3589 181236.7731 220880.7365 221964.1659 173033.9064 168197.4635 167679.4567 159346.5439 228443.6702 231185.9711 235801.7727 156123.1277 239591.4556 146474.1081 139425.0962 249650.7638 130901.0326 125101.3173 113032.7402 267955.1046 96837.76044 274825.7988 284301.8946 81726.20814 71138.09994 62208.30824 55120.78116 46742.64283 43067.46267 37722.34308 32251.22945 24555.70044 21824.56686 17055.35474 262.4902945 180.4160780 504.7325990 654.1042616 1021.416394 13616.29356 6980.163158 316732.8262 310663.8423 340514.5308 389420.8800 475026.4285 529345.3700 572602.9720 579057.1025 607756.4625 643502.8401 690439.0185 789733.8289 849953.3346 1034183.046 1122926.572 1260227.776 1535463.455 1767483.830 2090822.006 2252705.171 2844311.699 3587354.097 4195727.412 4823657.687 11080301.50
      sorted:	 25.00000000 25.00000000 25.00000000 25.00000000 25.00000000 180.4160780 262.4902945 504.7325990 654.1042616 1021.416394 6980.163158 13616.29356 17055.35474 21824.56686 24555.70044 32251.22945 37722.34308 43067.46267 46742.64283 55120.78116 62208.30824 71138.09994 81726.20814 96837.76044 113032.7402 125101.3173 130901.0326 139425.0962 146474.1081 156123.1277 159346.5439 167679.4567 168197.4635 173033.9064 181236.7731 189418.8327 191101.7008 192379.1410 195001.6426 196531.3347 198358.0186 201169.5680 205470.2989 206558.2141 210238.3589 220880.7365 221964.1659 228443.6702 231185.9711 235801.7727 239591.4556 249650.7638 267955.1046 274825.7988 284301.8946 310663.8423 316732.8262 340514.5308 389420.8800 475026.4285 529345.3700 572602.9720 579057.1025 607756.4625 643502.8401 690439.0185 789733.8289 849953.3346 1034183.046 1122926.572 1260227.776 1535463.455 1767483.830 2090822.006 2252705.171 2844311.699 3587354.097 4195727.412 4823657.687 11080301.50
