    unsorted:	 25.00000000 25.00000000 25.00000000 25.00000000 25.00000000 200658.4969 198974.5675 197853.5878 203674.2888 207591.3344 205895.0994 188694.5420 189756.8499 185144.8160 215262.1616 217657.8287 224751.3992 225782.6798 228293.5040 176929.9590 233003.7738 168907.0409 167330.8668 158517.3572 154637.1528 150039.2253 147576.1463 243623.2278 140696.7183 248191.6758 130657.2110 119920.1534 259369.2178 263988.6595 108134.6161 94294.96818 81874.36266 70338.14531 56908.44103 59932.40598 52119.08978 45456.01574 38796.80722 31793.05855 262.2796789 153.2720823 505.5728401 650.3685608 956.8664165 24071.14594 21692.77204 16926.45207 13321.64461 7088.621238 290812.7906 310227.1836 320522.1375 352049.2182 392558.9243 477461.5934 527749.8662 557611.8368 567583.9599 592580.0685 635559.3983 673503.4015 769452.2587 836877.9051 1016640.033 1084977.347 1230122.779 1502563.335 1709963.056 2048408.468 2230433.043 2819512.005 3556095.111 4120785.801 4829342.198 10838164.99
      sorted:	 25.00000000 25.00000000 25.00000000 25.00000000 25.00000000 153.2720823 262.2796789 505.5728401 650.3685608 956.8664165 7088.621238 13321.64461 16926.45207 21692.77204 24071.14594 31793.05855 38796.80722 45456.01574 52119.08978 56908.44103 59932.40598 70338.14531 81874.36266 94294.96818 108134.6161 119920.1534 130657.2110 140696.7183 147576.1463 150039.2253 154637.1528 158517.3572 167330.8668 168907.0409 176929.9590 185144.8160 188694.5420 189756.8499 197853.5878 198974.5675 200658.4969 203674.2888 205895.0994 207591.3344 215262.1616 217657.8287 224751.3992 225782.6798 228293.5040 233003.7738 243623.2278 248191.6758 259369.2178 263988.6595 290812.7906 310227.1836 320522.1375 352049.2182 392558.9243 477461.5934 527749.8662 557611.8368 567583.9599 592580.0685 635559.3983 673503.4015 769452.2587 836877.9051 1016640.033 1084977.347 1230122.779 1502563.335 1709963.056 2048408.468 2230433.043 2819512.005 3556095.111 4120785.801 4829342.198 10838164.99
