    unsorted:	 200646.7776 200300.7077 198914.8387 202560.3255 208226.8244 209298.2428 194874.9640 190548.9746 190836.9963 212220.5717 215457.4845 183579.8656 180010.3219 224814.1575 224531.0031 230596.3721 174503.1440 170390.5897 235819.6694 161494.3192 157668.1373 153695.2907 242633.7680 246652.5871 147495.9442 249634.1960 137415.5793 258841.2751 130990.7441 119738.8589 105520.3050 101007.3610 278056.7263 281312.1014 84946.33896 81111.90560 64353.05467 58929.01718 42873.56895 47434.27533 39772.18181 36570.34945 32009.71169 23100.12800 21712.22446 13405.83642 13806.60266 7251.897661 304637.6895 492.8407419 336408.7256 370058.8690 393952.8992 459835.3370 480800.2316 490709.7327 502192.2872 532661.2717 538870.3437 585533.1589 678472.1232 700696.4127 831290.3247 921907.5693 985895.6054 1207428.845 1403176.901 1671053.430 1812441.442 2322791.080 3081096.991 3514492.434 7296218.894 11260676.19
      sorted:	 492.8407419 7251.897661 13405.83642 13806.60266 21712.22446 23100.12800 32009.71169 36570.34945 39772.18181 42873.56895 47434.27533 58929.01718 64353.05467 81111.90560 84946.33896 101007.3610 105520.3050 119738.8589 130990.7441 137415.5793 147495.9442 153695.2907 157668.1373 161494.3192 170390.5897 174503.1440 180010.3219 183579.8656 190548.9746 190836.9963 194874.9640 198914.8387 200300.7077 200646.7776 202560.3255 208226.8244 209298.2428 212220.5717 215457.4845 224531.0031 224814.1575 230596.3721 235819.6694 242633.7680 246652.5871 249634.1960 258841.2751 278056.7263 281312.1014 304637.6895 336408.7256 370058.8690 393952.8992 459835.3370 480800.2316 490709.7327 502192.2872 532661.2717 538870.3437 585533.1589 678472.1232 700696.4127 831290.3247 921907.5693 985895.6054 1207428.845 1403176.901 1671053.430 1812441.442 2322791.080 3081096.991 3514492.434 7296218.894 11260676.19
