    unsorted:	 217109.3281 217043.0111 216139.3970 219215.8511 220342.9074 209843.3622 206519.4305 203557.9842 201414.6479 199525.5182 194118.7935 193121.1558 186821.2697 183004.7378 228128.4518 174312.3644 171201.8066 167021.2681 156568.0260 153494.6204 147748.2467 238488.9407 240021.6442 138280.4729 128176.5443 121214.7153 119413.2495 107646.3509 102969.0493 259305.5997 90390.11399 84005.43114 72932.20955 62678.58526 52961.36981 41956.60051 41381.82036 24856.80830 14616.91817 10146.44208 4880.565141 370069.1687 368794.6417 575930.7050 5556152.340 5562033.678 5572167.882 5537933.107 5611004.872 5617049.735 5622880.960 5650342.804 5499845.881 5481976.667 5694598.734 5421509.248 5715254.837 5387428.547 5363642.776 5296789.777 5285394.048 5235284.057 5839778.135 5163042.018 5916497.214 5092722.770 6009604.654 4892814.394 6140350.306 4669353.175 6313194.762 6726374.590 10166446.26 2050898339.
      sorted:	 4880.565141 10146.44208 14616.91817 24856.80830 41381.82036 41956.60051 52961.36981 62678.58526 72932.20955 84005.43114 90390.11399 102969.0493 107646.3509 119413.2495 121214.7153 128176.5443 138280.4729 147748.2467 153494.6204 156568.0260 167021.2681 171201.8066 174312.3644 183004.7378 186821.2697 193121.1558 194118.7935 199525.5182 201414.6479 203557.9842 206519.4305 209843.3622 216139.3970 217043.0111 217109.3281 219215.8511 220342.9074 228128.4518 238488.9407 240021.6442 259305.5997 368794.6417 370069.1687 575930.7050 4669353.175 4892814.394 5092722.770 5163042.018 5235284.057 5285394.048 5296789.777 5363642.776 5387428.547 5421509.248 5481976.667 5499845.881 5537933.107 5556152.340 5562033.678 5572167.882 5611004.872 5617049.735 5622880.960 5650342.804 5694598.734 5715254.837 5839778.135 5916497.214 6009604.654 6140350.306 6313194.762 6726374.590 10166446.26 2050898339.
