    unsorted:	 188870.8229 189405.8532 190687.0175 185994.7660 198469.9174 197312.9269 202197.0123 203289.8938 204854.1287 205777.7165 181651.5776 208937.3586 177796.8904 220683.9095 220365.4459 221695.6636 222082.5044 171635.9209 164740.5813 165448.5001 163621.1611 229770.0796 154434.5908 150028.5971 237104.1076 242901.7165 250424.9882 135207.7949 129676.5284 116512.8929 268890.7628 270869.7074 100545.7928 95241.03562 81724.80763 76549.19514 66436.47179 58592.84849 55510.32300 45404.81266 41193.45503 34626.18482 29969.95943 22194.89153 20872.26817 13453.99927 12609.75704 293417.7503 6860.270444 407.1518031 331293.5345 370066.2999 389435.0207 440865.2857 464641.1555 471738.9557 489061.4702 513809.1937 537873.8330 562504.7154 647022.0702 685134.4847 813331.3195 881303.5631 979754.9851 1199920.387 1378906.045 1645646.289 1795162.292 2340252.748 3059064.747 3525803.854 7246459.128 11135126.87
      sorted:	 407.1518031 6860.270444 12609.75704 13453.99927 20872.26817 22194.89153 29969.95943 34626.18482 41193.45503 45404.81266 55510.32300 58592.84849 66436.47179 76549.19514 81724.80763 95241.03562 100545.7928 116512.8929 129676.5284 135207.7949 150028.5971 154434.5908 163621.1611 164740.5813 165448.5001 171635.9209 177796.8904 181651.5776 185994.7660 188870.8229 189405.8532 190687.0175 197312.9269 198469.9174 202197.0123 203289.8938 204854.1287 205777.7165 208937.3586 220365.4459 220683.9095 221695.6636 222082.5044 229770.0796 237104.1076 242901.7165 250424.9882 268890.7628 270869.7074 293417.7503 331293.5345 370066.2999 389435.0207 440865.2857 464641.1555 471738.9557 489061.4702 513809.1937 537873.8330 562504.7154 647022.0702 685134.4847 813331.3195 881303.5631 979754.9851 1199920.387 1378906.045 1645646.289 1795162.292 2340252.748 3059064.747 3525803.854 7246459.128 11135126.87
