    unsorted:	 190404.0592 189094.7763 186451.4146 183048.2321 195087.9303 177598.6733 198729.5992 166234.1737 169025.5539 162939.1898 159230.3283 157816.5574 208706.3745 211239.4594 151473.3970 215768.1671 218314.5861 220861.3387 224438.0426 234526.2231 233046.9608 239167.9618 141358.4878 242423.9565 134125.2343 124859.3245 120081.6593 250189.0052 113637.7628 106772.7378 92423.69918 85529.86774 61899.82056 55627.61914 49651.86964 39425.80316 37975.39605 30412.06134 10237.84350 9693.017601 11722.97722 370065.0138 368785.0980 575943.9158 5558006.482 5562240.666 5576720.367 5605134.334 5613342.487 5618351.233 5536424.311 5646119.587 5498309.290 5482172.785 5675123.337 5425416.220 5706263.243 5391274.041 5367961.645 5297483.554 5309642.664 5233693.414 5821689.056 5174351.341 5917477.984 5091307.874 5997537.177 4899821.480 6127472.159 4687616.648 6273978.948 6687160.047 10058538.75 2050292263.
      sorted:	 9693.017601 10237.84350 11722.97722 30412.06134 37975.39605 39425.80316 49651.86964 55627.61914 61899.82056 85529.86774 92423.69918 106772.7378 113637.7628 120081.6593 124859.3245 134125.2343 141358.4878 151473.3970 157816.5574 159230.3283 162939.1898 166234.1737 169025.5539 177598.6733 183048.2321 186451.4146 189094.7763 190404.0592 195087.9303 198729.5992 208706.3745 211239.4594 215768.1671 218314.5861 220861.3387 224438.0426 233046.9608 234526.2231 239167.9618 242423.9565 250189.0052 368785.0980 370065.0138 575943.9158 4687616.648 4899821.480 5091307.874 5174351.341 5233693.414 5297483.554 5309642.664 5367961.645 5391274.041 5425416.220 5482172.785 5498309.290 5536424.311 5558006.482 5562240.666 5576720.367 5605134.334 5613342.487 5618351.233 5646119.587 5675123.337 5706263.243 5821689.056 5917477.984 5997537.177 6127472.159 6273978.948 6687160.047 10058538.75 2050292263.
