    unsorted:	 187303.4524 186676.4701 184384.3452 192956.7185 196978.6111 199388.0643 175198.3679 172533.0933 167192.2460 166345.6715 205936.7612 210562.1669 213295.0948 218552.5097 218730.9474 217908.2494 224262.1276 159122.5388 155464.1240 150089.0093 228393.3255 140097.9088 135184.0452 239851.6456 238912.6221 127232.2935 120137.5543 116210.6625 257351.8708 105920.1387 87489.16758 84974.72157 74358.22684 62159.76509 51843.69393 43417.15788 34150.38584 27545.19355 17987.72681 9901.082302 5410.868624 370072.2338 368734.5331 576113.9962 5555076.185 5560061.020 5573923.498 5612527.944 5607904.942 5623876.495 5533832.147 5502529.804 5481079.912 5649692.577 5690080.963 5421520.851 5710900.904 5384239.608 5365819.509 5276934.381 5288861.206 5222292.961 5176022.692 5837173.250 5909149.444 5090105.795 6008048.274 4911514.546 6147270.327 4687174.167 6296756.373 6740162.265 10311879.31 2050655324.
      sorted:	 5410.868624 9901.082302 17987.72681 27545.19355 34150.38584 43417.15788 51843.69393 62159.76509 74358.22684 84974.72157 87489.16758 105920.1387 116210.6625 120137.5543 127232.2935 135184.0452 140097.9088 150089.0093 155464.1240 159122.5388 166345.6715 167192.2460 172533.0933 175198.3679 184384.3452 186676.4701 187303.4524 192956.7185 196978.6111 199388.0643 205936.7612 210562.1669 213295.0948 217908.2494 218552.5097 218730.9474 224262.1276 228393.3255 238912.6221 239851.6456 257351.8708 368734.5331 370072.2338 576113.9962 4687174.167 4911514.546 5090105.795 5176022.692 5222292.961 5276934.381 5288861.206 5365819.509 5384239.608 5421520.851 5481079.912 5502529.804 5533832.147 5555076.185 5560061.020 5573923.498 5607904.942 5612527.944 5623876.495 5649692.577 5690080.963 5710900.904 5837173.250 5909149.444 6008048.274 6147270.327 6296756.373 6740162.265 10311879.31 2050655324.
