    unsorted:	 25.00000000 25.00000000 25.00000000 25.00000000 25.00000000 196675.3911 194879.9604 199322.8023 192627.2955 205638.2806 203884.9230 188734.9457 185770.1993 179017.4868 211755.5300 216156.8281 221126.9689 172666.2391 160268.8857 164617.4113 158155.6014 154632.8268 229085.1495 231296.4685 149376.1843 237673.6182 238063.9142 140494.7949 131889.4138 252744.5926 120533.7369 260235.3019 109429.8615 94143.65011 81809.33256 70269.73208 61998.12855 50060.60916 47206.59786 42455.07990 39116.50646 28668.86880 24317.33452 20950.73300 15778.43180 13465.74442 256.3369362 204.8139356 474.5648504 649.2158214 1063.872194 7160.419780 280218.9192 295368.9700 296197.8639 317297.9479 323661.0024 352644.5617 393987.0265 479620.4932 525037.7541 549073.6018 562536.6136 587198.2256 628991.9618 666474.5963 762716.5462 833263.5260 998328.4268 1053738.675 1216461.168 1501363.285 1671695.748 1998027.633 2223122.723 2778568.647 3525346.422 4045788.591 4834999.473 10587558.10
      sorted:	 25.00000000 25.00000000 25.00000000 25.00000000 25.00000000 204.8139356 256.3369362 474.5648504 649.2158214 1063.872194 7160.419780 13465.74442 15778.43180 20950.73300 24317.33452 28668.86880 39116.50646 42455.07990 47206.59786 50060.60916 61998.12855 70269.73208 81809.33256 94143.65011 109429.8615 120533.7369 131889.4138 140494.7949 149376.1843 154632.8268 158155.6014 160268.8857 164617.4113 172666.2391 179017.4868 185770.1993 188734.9457 192627.2955 194879.9604 196675.3911 199322.8023 203884.9230 205638.2806 211755.5300 216156.8281 221126.9689 229085.1495 231296.4685 237673.6182 238063.9142 252744.5926 260235.3019 280218.9192 295368.9700 296197.8639 317297.9479 323661.0024 352644.5617 393987.0265 479620.4932 525037.7541 549073.6018 562536.6136 587198.2256 628991.9618 666474.5963 762716.5462 833263.5260 998328.4268 1053738.675 1216461.168 1501363.285 1671695.748 1998027.633 2223122.723 2778568.647 3525346.422 4045788.591 4834999.473 10587558.10
