    unsorted:	 193039.7399 192574.1884 192367.7610 195863.7697 197974.7565 189148.4098 200890.5354 203759.4787 205039.1060 210303.6026 213405.3125 180426.4865 173547.5628 175610.3046 168187.6172 169101.7245 165355.2016 220193.4542 223369.6655 228493.5769 229450.2886 234807.9799 241495.8186 242256.3656 152684.1776 149756.8679 249720.4037 135046.2594 127254.7236 117235.7076 269718.5376 270849.6618 101697.0492 96657.12976 83923.92072 77672.55902 71607.68772 57797.76085 51623.69586 44766.17245 39818.26160 34383.97207 29867.43299 21910.94695 20891.48275 13455.84521 12537.13366 6988.824359 293665.9200 452.2890400 330368.6559 370067.4084 388580.1427 431815.4497 464495.0486 467678.0683 483352.7009 511889.4146 537599.0109 552020.9776 634299.4770 675770.6758 811042.3437 883391.8661 983438.9211 1202303.356 1374853.297 1636136.799 1787399.952 2352444.427 3049779.883 3449424.648 7290877.011 11205219.06
      sorted:	 452.2890400 6988.824359 12537.13366 13455.84521 20891.48275 21910.94695 29867.43299 34383.97207 39818.26160 44766.17245 51623.69586 57797.76085 71607.68772 77672.55902 83923.92072 96657.12976 101697.0492 117235.7076 127254.7236 135046.2594 149756.8679 152684.1776 165355.2016 168187.6172 169101.7245 173547.5628 175610.3046 180426.4865 189148.4098 192367.7610 192574.1884 193039.7399 195863.7697 197974.7565 200890.5354 203759.4787 205039.1060 210303.6026 213405.3125 220193.4542 223369.6655 228493.5769 229450.2886 234807.9799 241495.8186 242256.3656 249720.4037 269718.5376 270849.6618 293665.9200 330368.6559 370067.4084 388580.1427 431815.4497 464495.0486 467678.0683 483352.7009 511889.4146 537599.0109 552020.9776 634299.4770 675770.6758 811042.3437 883391.8661 983438.9211 1202303.356 1374853.297 1636136.799 1787399.952 2352444.427 3049779.883 3449424.648 7290877.011 11205219.06
