    unsorted:	 25.00000000 25.00000000 25.00000000 25.00000000 25.00000000 190211.2110 193144.2446 188731.6565 195773.4167 198169.9794 201641.8220 202763.4250 206328.0770 208938.5575 181077.4176 215406.4910 217585.2945 222350.7013 170922.3300 168323.8853 166438.7683 165017.5355 157262.3089 227942.9386 235139.0934 235728.1417 233161.6319 149250.5650 250976.5527 137792.0451 128128.7303 117472.4861 106058.9156 264314.0199 272155.0784 93231.41656 85774.53652 73135.60481 62843.49299 52526.04055 48705.24543 41057.37299 39209.39109 31178.64679 24686.55380 21980.82165 259.5650293 158.5469632 500.7525497 652.9100751 981.5480772 16561.23156 13436.74088 7220.148174 297366.9715 314306.4635 326797.9311 360451.6854 396423.2525 473435.1180 528772.8629 550876.5268 569322.0806 590174.2236 628491.4562 673546.8425 766705.8291 833837.8706 999326.5741 1060081.109 1225527.492 1488180.486 1670551.797 2000849.393 2207953.088 2779417.742 3500355.159 4028955.952 4821728.257 10491183.53
      sorted:	 25.00000000 25.00000000 25.00000000 25.00000000 25.00000000 158.5469632 259.5650293 500.7525497 652.9100751 981.5480772 7220.148174 13436.74088 16561.23156 21980.82165 24686.55380 31178.64679 39209.39109 41057.37299 48705.24543 52526.04055 62843.49299 73135.60481 85774.53652 93231.41656 106058.9156 117472.4861 128128.7303 137792.0451 149250.5650 157262.3089 165017.5355 166438.7683 168323.8853 170922.3300 181077.4176 188731.6565 190211.2110 193144.2446 195773.4167 198169.9794 201641.8220 202763.4250 206328.0770 208938.5575 215406.4910 217585.2945 222350.7013 227942.9386 233161.6319 235139.0934 235728.1417 250976.5527 264314.0199 272155.0784 297366.9715 314306.4635 326797.9311 360451.6854 396423.2525 473435.1180 528772.8629 550876.5268 569322.0806 590174.2236 628491.4562 673546.8425 766705.8291 833837.8706 999326.5741 1060081.109 1225527.492 1488180.486 1670551.797 2000849.393 2207953.088 2779417.742 3500355.159 4028955.952 4821728.257 10491183.53
