    unsorted:	 196664.2665 197012.6549 198903.8581 192705.8882 190108.1728 188794.8299 188038.0066 202429.9295 205277.4300 206690.5000 183566.1260 211989.0897 177951.1863 218544.3876 219871.6494 221731.5357 222651.5192 170467.3121 169427.8278 232222.2064 158653.4593 155921.5709 153456.6934 149793.4978 236428.7634 241559.9100 136646.8629 128374.1796 254015.1363 117799.1202 104067.3364 266435.5873 97838.88353 87308.21616 274696.4439 76535.80969 66787.95811 57855.53102 53984.01000 42525.61953 39476.62327 34483.35058 30049.75709 22341.47837 20614.31356 13457.37769 12554.44697 6918.127605 291212.3934 402.9103969 327682.1005 370062.6139 383649.6613 429951.3768 461149.3774 465078.9460 480739.9604 509279.9063 537352.5225 552964.2831 635982.6278 677992.3596 814249.0352 889006.1859 988335.5951 1191116.697 1385509.183 1636227.435 1787349.659 2341295.668 3075815.091 3534427.570 7287089.767 11188460.84
      sorted:	 402.9103969 6918.127605 12554.44697 13457.37769 20614.31356 22341.47837 30049.75709 34483.35058 39476.62327 42525.61953 53984.01000 57855.53102 66787.95811 76535.80969 87308.21616 97838.88353 104067.3364 117799.1202 128374.1796 136646.8629 149793.4978 153456.6934 155921.5709 158653.4593 169427.8278 170467.3121 177951.1863 183566.1260 188038.0066 188794.8299 190108.1728 192705.8882 196664.2665 197012.6549 198903.8581 202429.9295 205277.4300 206690.5000 211989.0897 218544.3876 219871.6494 221731.5357 222651.5192 232222.2064 236428.7634 241559.9100 254015.1363 266435.5873 274696.4439 291212.3934 327682.1005 370062.6139 383649.6613 429951.3768 461149.3774 465078.9460 480739.9604 509279.9063 537352.5225 552964.2831 635982.6278 677992.3596 814249.0352 889006.1859 988335.5951 1191116.697 1385509.183 1636227.435 1787349.659 2341295.668 3075815.091 3534427.570 7287089.767 11188460.84
