    unsorted:	 25.00000000 25.00000000 25.00000000 25.00000000 25.00000000 195617.2791 197090.1902 198996.3068 202481.2917 203488.7300 191929.0105 190568.3659 205900.9008 208892.8689 209999.8463 183174.0575 217249.0895 218330.8059 174354.8300 170863.5115 160574.0938 164038.9726 158814.7321 227765.1824 234240.0681 242893.4591 142402.3957 137216.7131 130801.1985 254527.8519 257342.9326 120031.6063 109714.8653 96521.24466 87398.53869 280129.0414 73282.53623 55452.61053 62966.99724 50947.39136 45585.87474 40421.21399 32457.28641 260.8095475 199.1286841 477.5822272 653.4938173 1061.322820 25584.42285 22126.96734 16415.43214 14085.60527 7394.652643 290825.4538 301151.7036 320419.6476 332038.5500 364183.3931 403540.0223 481043.0209 549796.5909 575704.8713 588595.2821 608280.2787 644678.7842 698590.2928 801185.3196 853958.6101 1023092.809 1097982.223 1239940.752 1514891.889 1714514.355 2045677.345 2233541.253 2797365.066 3571923.976 4110980.723 4812142.648 11029361.45
      sorted:	 25.00000000 25.00000000 25.00000000 25.00000000 25.00000000 199.1286841 260.8095475 477.5822272 653.4938173 1061.322820 7394.652643 14085.60527 16415.43214 22126.96734 25584.42285 32457.28641 40421.21399 45585.87474 50947.39136 55452.61053 62966.99724 73282.53623 87398.53869 96521.24466 109714.8653 120031.6063 130801.1985 137216.7131 142402.3957 158814.7321 160574.0938 164038.9726 170863.5115 174354.8300 183174.0575 190568.3659 191929.0105 195617.2791 197090.1902 198996.3068 202481.2917 203488.7300 205900.9008 208892.8689 209999.8463 217249.0895 218330.8059 227765.1824 234240.0681 242893.4591 254527.8519 257342.9326 280129.0414 290825.4538 301151.7036 320419.6476 332038.5500 364183.3931 403540.0223 481043.0209 549796.5909 575704.8713 588595.2821 608280.2787 644678.7842 698590.2928 801185.3196 853958.6101 1023092.809 1097982.223 1239940.752 1514891.889 1714514.355 2045677.345 2233541.253 2797365.066 3571923.976 4110980.723 4812142.648 11029361.45
