    unsorted:	 25.00000000 25.00000000 25.00000000 25.00000000 25.00000000 200154.9174 199638.6223 197803.8620 194642.3302 192666.3121 202379.9161 189121.5270 210002.8033 212655.4324 218400.6786 219537.5981 221179.7570 181256.6499 179301.7125 226850.5561 228570.3920 170237.8766 168425.4306 164465.9706 161181.9553 154446.8113 241159.5858 146307.6219 247875.7124 138786.8226 127858.1781 118268.7232 111454.5799 265300.8459 261642.8807 96185.26180 82794.48135 71599.26405 62012.89340 56208.92288 53161.54933 44812.09492 39088.23120 29314.56992 24740.38533 22768.61308 263.6630862 150.2732889 489.0009290 643.8854116 952.0484762 16853.55565 13187.03333 7126.230614 295276.5540 309092.7748 319335.8346 353455.0946 394087.2796 479703.1595 515099.6373 562208.0733 572570.1718 594903.8266 635347.6789 679535.6923 776498.9669 839677.1741 1023498.747 1115818.456 1262936.145 1522380.341 1777668.977 2113382.993 2301497.190 2861037.616 3550374.673 4218083.637 4828988.685 11243469.22
      sorted:	 25.00000000 25.00000000 25.00000000 25.00000000 25.00000000 150.2732889 263.6630862 489.0009290 643.8854116 952.0484762 7126.230614 13187.03333 16853.55565 22768.61308 24740.38533 29314.56992 39088.23120 44812.09492 53161.54933 56208.92288 62012.89340 71599.26405 82794.48135 96185.26180 111454.5799 118268.7232 127858.1781 138786.8226 146307.6219 154446.8113 161181.9553 164465.9706 168425.4306 170237.8766 179301.7125 181256.6499 189121.5270 192666.3121 194642.3302 197803.8620 199638.6223 200154.9174 202379.9161 210002.8033 212655.4324 218400.6786 219537.5981 221179.7570 226850.5561 228570.3920 241159.5858 247875.7124 261642.8807 265300.8459 295276.5540 309092.7748 319335.8346 353455.0946 394087.2796 479703.1595 515099.6373 562208.0733 572570.1718 594903.8266 635347.6789 679535.6923 776498.9669 839677.1741 1023498.747 1115818.456 1262936.145 1522380.341 1777668.977 2113382.993 2301497.190 2861037.616 3550374.673 4218083.637 4828988.685 11243469.22
