    unsorted:	 25.00000000 25.00000000 25.00000000 25.00000000 25.00000000 184792.3648 184884.8916 204968.0177 206086.0244 201058.5601 199823.4977 210541.0091 210082.4512 193566.7745 190051.0123 175785.8929 177129.3038 169895.0014 221048.6901 226717.0294 162772.3048 158841.0861 154689.8870 147034.5120 234842.1809 239111.7192 241558.4621 140063.1522 127925.6617 118441.9207 258268.9338 110787.2747 267806.1874 96650.20771 83766.87666 73310.28238 66172.83070 56097.99845 49671.79391 46491.53421 41639.47339 30798.55803 25929.14897 23355.06472 261.0318011 205.9871157 468.5700283 646.5733934 1087.654469 16103.85231 14034.35381 7487.421008 289062.9863 301993.9783 308373.1530 330940.9875 332764.9721 370865.1609 405304.9648 476516.3570 538718.2595 572266.5693 579737.0235 603285.0764 637967.0658 692466.7477 797581.5710 851700.6681 1031080.493 1111057.632 1242042.694 1512715.818 1756761.041 2100394.703 2290263.341 2842484.498 3571097.781 4175596.331 4840771.632 11356443.82
      sorted:	 25.00000000 25.00000000 25.00000000 25.00000000 25.00000000 205.9871157 261.0318011 468.5700283 646.5733934 1087.654469 7487.421008 14034.35381 16103.85231 23355.06472 25929.14897 30798.55803 41639.47339 46491.53421 49671.79391 56097.99845 66172.83070 73310.28238 83766.87666 96650.20771 110787.2747 118441.9207 127925.6617 140063.1522 147034.5120 154689.8870 158841.0861 162772.3048 169895.0014 175785.8929 177129.3038 184792.3648 184884.8916 190051.0123 193566.7745 199823.4977 201058.5601 204968.0177 206086.0244 210082.4512 210541.0091 221048.6901 226717.0294 234842.1809 239111.7192 241558.4621 258268.9338 267806.1874 289062.9863 301993.9783 308373.1530 330940.9875 332764.9721 370865.1609 405304.9648 476516.3570 538718.2595 572266.5693 579737.0235 603285.0764 637967.0658 692466.7477 797581.5710 851700.6681 1031080.493 1111057.632 1242042.694 1512715.818 1756761.041 2100394.703 2290263.341 2842484.498 3571097.781 4175596.331 4840771.632 11356443.82
