    unsorted:	 206357.6741 215099.0733 215592.1588 216906.4854 219515.3666 219377.8172 201572.2872 197388.9119 193128.4409 190145.3089 186634.4253 183403.7582 179997.7472 223455.9979 227307.1856 168434.1079 169680.7141 166068.3148 160950.2877 158454.1016 152112.3341 237623.0105 238816.8623 144900.7962 136640.6349 120022.6606 124695.4154 257144.3157 110375.4700 102810.7234 87209.49949 74691.69716 73919.18864 59033.66954 50005.59387 42381.08158 33473.50823 28019.15179 19364.53570 9625.043230 5512.172563 370066.2105 368800.5783 575927.8460 5611181.665 5608695.430 5619476.457 5574806.824 5566882.215 5556939.097 5535914.331 5648026.068 5503204.030 5483150.745 5677050.965 5424943.847 5704286.754 5393006.578 5370143.783 5310097.243 5286605.477 5225945.673 5829800.424 5166688.380 5913228.119 5075876.143 5999344.582 4895919.234 6148137.100 4693953.775 6299683.888 6694499.749 10110865.32 2051997008.
      sorted:	 5512.172563 9625.043230 19364.53570 28019.15179 33473.50823 42381.08158 50005.59387 59033.66954 73919.18864 74691.69716 87209.49949 102810.7234 110375.4700 120022.6606 124695.4154 136640.6349 144900.7962 152112.3341 158454.1016 160950.2877 166068.3148 168434.1079 169680.7141 179997.7472 183403.7582 186634.4253 190145.3089 193128.4409 197388.9119 201572.2872 206357.6741 215099.0733 215592.1588 216906.4854 219377.8172 219515.3666 223455.9979 227307.1856 237623.0105 238816.8623 257144.3157 368800.5783 370066.2105 575927.8460 4693953.775 4895919.234 5075876.143 5166688.380 5225945.673 5286605.477 5310097.243 5370143.783 5393006.578 5424943.847 5483150.745 5503204.030 5535914.331 5556939.097 5566882.215 5574806.824 5608695.430 5611181.665 5619476.457 5648026.068 5677050.965 5704286.754 5829800.424 5913228.119 5999344.582 6148137.100 6299683.888 6694499.749 10110865.32 2051997008.
