    unsorted:	 200356.7866 201176.7212 197692.5161 203250.0219 192779.0231 186184.4820 185082.0352 210872.0450 175821.7320 216107.1917 220360.0386 220693.0681 228317.8010 226830.6525 230192.7909 167608.2864 156907.3499 158456.0546 160173.0887 151071.2525 148137.4602 143260.6353 136846.6427 239516.5429 124429.2013 120770.9480 114411.3974 247661.2263 106637.7313 256023.5927 90545.33432 88195.30088 72024.86207 58966.67099 43660.73605 46338.91275 42593.62922 30400.43516 16970.82493 9872.675282 4747.845358 370059.1935 368718.1447 575145.6768 5557158.936 5560390.723 5569936.993 5539692.893 5618268.766 5610024.146 5625397.432 5501167.015 5480805.960 5661900.222 5680025.057 5421331.303 5714426.215 5389332.322 5359933.801 5296289.770 5271922.468 5833425.799 5171226.674 5155799.816 5928797.514 5064010.238 6012009.921 4895124.194 6167726.461 4660897.075 6330010.987 6695292.231 10430947.62 2048529071.
      sorted:	 4747.845358 9872.675282 16970.82493 30400.43516 42593.62922 43660.73605 46338.91275 58966.67099 72024.86207 88195.30088 90545.33432 106637.7313 114411.3974 120770.9480 124429.2013 136846.6427 143260.6353 148137.4602 151071.2525 156907.3499 158456.0546 160173.0887 167608.2864 175821.7320 185082.0352 186184.4820 192779.0231 197692.5161 200356.7866 201176.7212 203250.0219 210872.0450 216107.1917 220360.0386 220693.0681 226830.6525 228317.8010 230192.7909 239516.5429 247661.2263 256023.5927 368718.1447 370059.1935 575145.6768 4660897.075 4895124.194 5064010.238 5155799.816 5171226.674 5271922.468 5296289.770 5359933.801 5389332.322 5421331.303 5480805.960 5501167.015 5539692.893 5557158.936 5560390.723 5569936.993 5610024.146 5618268.766 5625397.432 5661900.222 5680025.057 5714426.215 5833425.799 5928797.514 6012009.921 6167726.461 6330010.987 6695292.231 10430947.62 2048529071.
