    unsorted:	 25.00000000 25.00000000 25.00000000 25.00000000 25.00000000 208826.0306 210199.9703 210432.3730 203996.0546 199796.5144 198582.2346 191252.3625 189504.2417 185916.6473 216193.9769 220230.6552 179229.9096 225893.2338 172623.5298 168691.9641 161461.5240 158888.7297 234679.5404 235275.6764 235982.3552 154549.5006 145213.3744 141193.7197 132758.8098 122051.1602 257603.0603 263013.2610 112251.9723 96866.96825 81419.38192 70963.28984 65633.16787 57154.23581 52582.03837 44832.56731 41170.24798 31270.34377 25749.02224 23356.34248 16792.67770 262.8265206 202.8079491 459.8827905 657.1170430 1067.091375 14084.66353 7476.546784 285891.2620 297585.6453 306918.9263 327313.5592 330979.7187 367556.3159 403024.7103 475285.4564 535022.8638 565139.7148 574071.7400 595575.4099 632144.8112 679840.1767 779228.4106 835736.3823 1014104.183 1095223.028 1216292.033 1505822.964 1739275.444 2058004.782 2240472.905 2830946.406 3537057.673 4113727.572 4828744.974 11031209.07
      sorted:	 25.00000000 25.00000000 25.00000000 25.00000000 25.00000000 202.8079491 262.8265206 459.8827905 657.1170430 1067.091375 7476.546784 14084.66353 16792.67770 23356.34248 25749.02224 31270.34377 41170.24798 44832.56731 52582.03837 57154.23581 65633.16787 70963.28984 81419.38192 96866.96825 112251.9723 122051.1602 132758.8098 141193.7197 145213.3744 154549.5006 158888.7297 161461.5240 168691.9641 172623.5298 179229.9096 185916.6473 189504.2417 191252.3625 198582.2346 199796.5144 203996.0546 208826.0306 210199.9703 210432.3730 216193.9769 220230.6552 225893.2338 234679.5404 235275.6764 235982.3552 257603.0603 263013.2610 285891.2620 297585.6453 306918.9263 327313.5592 330979.7187 367556.3159 403024.7103 475285.4564 535022.8638 565139.7148 574071.7400 595575.4099 632144.8112 679840.1767 779228.4106 835736.3823 1014104.183 1095223.028 1216292.033 1505822.964 1739275.444 2058004.782 2240472.905 2830946.406 3537057.673 4113727.572 4828744.974 11031209.07
