    unsorted:	 25.00000000 25.00000000 25.00000000 25.00000000 25.00000000 193440.9983 193367.0848 191719.5667 196823.9181 198447.0134 201368.0740 206268.5364 205451.0486 209522.2399 212686.3227 215747.0551 218399.3404 181034.6918 178066.5333 173944.2366 168261.8224 167219.7035 158688.2454 232916.7549 236502.8790 243615.5980 149170.9852 140371.0356 130166.0265 255964.0609 260147.0044 119219.3640 109400.4954 94773.32300 81423.90778 70022.52521 62339.02805 51768.06172 48493.76829 43631.09186 38681.69496 30289.96299 25588.38266 21799.64084 16481.95841 14008.05794 258.7844653 205.2890945 469.0047334 657.3965264 1072.567629 7580.759086 281838.2011 295881.6820 311396.4577 325443.4106 337456.9137 376073.2649 408023.1981 480772.6687 542052.8715 573251.2079 583109.4932 607620.1284 643380.9489 695638.9444 795954.4467 852328.6133 1023343.616 1095275.727 1226729.730 1501996.007 1699613.863 2031447.049 2221620.749 2787564.446 3503461.173 4056675.592 4825040.021 10776928.36
      sorted:	 25.00000000 25.00000000 25.00000000 25.00000000 25.00000000 205.2890945 258.7844653 469.0047334 657.3965264 1072.567629 7580.759086 14008.05794 16481.95841 21799.64084 25588.38266 30289.96299 38681.69496 43631.09186 48493.76829 51768.06172 62339.02805 70022.52521 81423.90778 94773.32300 109400.4954 119219.3640 130166.0265 140371.0356 149170.9852 158688.2454 167219.7035 168261.8224 173944.2366 178066.5333 181034.6918 191719.5667 193367.0848 193440.9983 196823.9181 198447.0134 201368.0740 205451.0486 206268.5364 209522.2399 212686.3227 215747.0551 218399.3404 232916.7549 236502.8790 243615.5980 255964.0609 260147.0044 281838.2011 295881.6820 311396.4577 325443.4106 337456.9137 376073.2649 408023.1981 480772.6687 542052.8715 573251.2079 583109.4932 607620.1284 643380.9489 695638.9444 795954.4467 852328.6133 1023343.616 1095275.727 1226729.730 1501996.007 1699613.863 2031447.049 2221620.749 2787564.446 3503461.173 4056675.592 4825040.021 10776928.36
