    unsorted:	 202864.8206 203990.2517 204315.6524 201665.2877 207837.0113 209966.8299 197318.4188 194744.2305 192956.6990 190475.2737 211894.2328 184638.6628 217175.0253 181608.5888 223098.6076 226930.0527 174450.5883 170223.6338 231618.3032 164460.8459 237590.6622 238481.5042 160241.7764 153774.6163 244460.8386 144468.6131 135728.5254 256373.7936 126702.1200 117697.9540 267653.4885 103032.2950 99020.28835 276509.8735 83334.47175 79196.14816 73006.81169 60449.77164 51947.22620 47426.12411 43086.97715 36300.17125 30593.48646 291938.3010 23099.21987 21506.25558 13497.37710 13130.08294 7092.061781 464.1628739 330706.8917 370071.2096 389090.7519 436811.4341 468950.2027 474392.1908 491074.3861 518913.8409 538126.0272 566004.3143 649606.5661 683174.9701 819437.8102 901328.5290 991481.8042 1205685.486 1402825.737 1666853.585 1826457.615 2329475.333 3121384.978 3518886.581 7461126.654 11446473.55
      sorted:	 464.1628739 7092.061781 13130.08294 13497.37710 21506.25558 23099.21987 30593.48646 36300.17125 43086.97715 47426.12411 51947.22620 60449.77164 73006.81169 79196.14816 83334.47175 99020.28835 103032.2950 117697.9540 126702.1200 135728.5254 144468.6131 153774.6163 160241.7764 164460.8459 170223.6338 174450.5883 181608.5888 184638.6628 190475.2737 192956.6990 194744.2305 197318.4188 201665.2877 202864.8206 203990.2517 204315.6524 207837.0113 209966.8299 211894.2328 217175.0253 223098.6076 226930.0527 231618.3032 237590.6622 238481.5042 244460.8386 256373.7936 267653.4885 276509.8735 291938.3010 330706.8917 370071.2096 389090.7519 436811.4341 468950.2027 474392.1908 491074.3861 518913.8409 538126.0272 566004.3143 649606.5661 683174.9701 819437.8102 901328.5290 991481.8042 1205685.486 1402825.737 1666853.585 1826457.615 2329475.333 3121384.978 3518886.581 7461126.654 11446473.55
