    unsorted:	 25.00000000 25.00000000 25.00000000 25.00000000 25.00000000 202975.4929 203881.9307 200516.0213 196271.3321 195727.0011 207532.8246 211115.6267 215849.5259 188363.9837 185058.5353 180942.9452 226343.1003 228705.3799 230345.5715 230290.2255 233165.3797 171286.1054 168165.2172 158512.7265 162537.9514 157679.3460 149042.4771 141943.8992 250385.5798 253965.8602 133805.8330 120637.4867 106122.2871 276871.1849 90643.73419 80754.11319 69805.73281 60221.88206 54741.00742 47467.45771 45881.92868 41228.92098 31516.49214 25690.50926 23335.08321 262.8016710 188.4712855 486.9603579 654.0585364 1040.997203 16855.85390 13801.14919 7340.789947 286087.2682 301866.6738 321500.7152 327421.5076 363087.3748 399723.8839 482217.7533 531893.4199 565011.6632 573901.3541 597062.0794 637514.4452 685019.5804 786847.0031 841228.9879 1021104.764 1097466.211 1246369.141 1514875.855 1729237.401 2059896.186 2236822.692 2821404.486 3530352.084 4089651.800 4821362.102 10963544.96
      sorted:	 25.00000000 25.00000000 25.00000000 25.00000000 25.00000000 188.4712855 262.8016710 486.9603579 654.0585364 1040.997203 7340.789947 13801.14919 16855.85390 23335.08321 25690.50926 31516.49214 41228.92098 45881.92868 47467.45771 54741.00742 60221.88206 69805.73281 80754.11319 90643.73419 106122.2871 120637.4867 133805.8330 141943.8992 149042.4771 157679.3460 158512.7265 162537.9514 168165.2172 171286.1054 180942.9452 185058.5353 188363.9837 195727.0011 196271.3321 200516.0213 202975.4929 203881.9307 207532.8246 211115.6267 215849.5259 226343.1003 228705.3799 230290.2255 230345.5715 233165.3797 250385.5798 253965.8602 276871.1849 286087.2682 301866.6738 321500.7152 327421.5076 363087.3748 399723.8839 482217.7533 531893.4199 565011.6632 573901.3541 597062.0794 637514.4452 685019.5804 786847.0031 841228.9879 1021104.764 1097466.211 1246369.141 1514875.855 1729237.401 2059896.186 2236822.692 2821404.486 3530352.084 4089651.800 4821362.102 10963544.96
