    unsorted:	 210999.6914 211124.7361 210044.5805 218380.1074 217812.5572 221928.4547 222393.2845 204182.5297 196215.9220 198118.1383 189006.6301 185846.7248 184256.7967 178015.2004 177351.5942 171576.8095 166931.6165 167456.5469 226969.7477 159314.1720 152777.8596 241449.3835 142683.2863 135150.3258 246165.3887 249478.4865 121208.9365 124673.9384 110559.5449 105399.3999 90520.50649 85902.79621 69563.89914 56374.59217 46349.12355 40905.70393 33015.08891 24680.24293 13845.46836 10079.22442 4737.918493 370071.1541 368845.2113 576413.9737 5562146.659 5566152.165 5573777.868 5613621.285 5616040.409 5624502.862 5537562.124 5644395.747 5506917.344 5485100.968 5679035.787 5426800.412 5703316.106 5392510.601 5370253.210 5298744.762 5308780.311 5255251.130 5824099.620 5176882.573 5111586.506 5909287.858 5979313.604 4933150.342 6118510.840 4724377.847 6300570.961 6709720.125 10029483.14 2052322258.
      sorted:	 4737.918493 10079.22442 13845.46836 24680.24293 33015.08891 40905.70393 46349.12355 56374.59217 69563.89914 85902.79621 90520.50649 105399.3999 110559.5449 121208.9365 124673.9384 135150.3258 142683.2863 152777.8596 159314.1720 166931.6165 167456.5469 171576.8095 177351.5942 178015.2004 184256.7967 185846.7248 189006.6301 196215.9220 198118.1383 204182.5297 210044.5805 210999.6914 211124.7361 217812.5572 218380.1074 221928.4547 222393.2845 226969.7477 241449.3835 246165.3887 249478.4865 368845.2113 370071.1541 576413.9737 4724377.847 4933150.342 5111586.506 5176882.573 5255251.130 5298744.762 5308780.311 5370253.210 5392510.601 5426800.412 5485100.968 5506917.344 5537562.124 5562146.659 5566152.165 5573777.868 5613621.285 5616040.409 5624502.862 5644395.747 5679035.787 5703316.106 5824099.620 5909287.858 5979313.604 6118510.840 6300570.961 6709720.125 10029483.14 2052322258.
