    unsorted:	 172685.4620 174833.7244 177045.6051 181092.9681 164174.7701 161622.3288 156093.0210 154460.8619 149457.1857 189538.5716 193225.6132 196438.8238 200890.2903 206150.3389 211965.2468 212423.0097 219240.2614 221064.3495 223921.5044 142226.5470 231451.4395 229850.4812 134991.9685 244859.7902 244294.8682 123123.7214 120356.0120 255153.9450 109186.4486 105388.5935 93821.20549 86478.46373 72555.55790 60440.71853 51517.10253 41628.47394 39132.86036 30313.22939 12720.99267 10161.77996 8962.542539 370065.3093 368779.6271 576595.7765 5612683.730 5609210.281 5620744.808 5576170.226 5566400.303 5556399.578 5536395.900 5645842.728 5503323.688 5481864.632 5681641.463 5423539.310 5708071.073 5389757.852 5367432.687 5307674.022 5291733.301 5238291.882 5182079.893 5826055.071 5910155.792 5095636.374 5988096.236 4917668.821 6116130.333 4686229.652 6308795.936 6736883.702 10096991.21 2050473236.
      sorted:	 8962.542539 10161.77996 12720.99267 30313.22939 39132.86036 41628.47394 51517.10253 60440.71853 72555.55790 86478.46373 93821.20549 105388.5935 109186.4486 120356.0120 123123.7214 134991.9685 142226.5470 149457.1857 154460.8619 156093.0210 161622.3288 164174.7701 172685.4620 174833.7244 177045.6051 181092.9681 189538.5716 193225.6132 196438.8238 200890.2903 206150.3389 211965.2468 212423.0097 219240.2614 221064.3495 223921.5044 229850.4812 231451.4395 244294.8682 244859.7902 255153.9450 368779.6271 370065.3093 576595.7765 4686229.652 4917668.821 5095636.374 5182079.893 5238291.882 5291733.301 5307674.022 5367432.687 5389757.852 5423539.310 5481864.632 5503323.688 5536395.900 5556399.578 5566400.303 5576170.226 5609210.281 5612683.730 5620744.808 5645842.728 5681641.463 5708071.073 5826055.071 5910155.792 5988096.236 6116130.333 6308795.936 6736883.702 10096991.21 2050473236.
