    unsorted:	 25.00000000 25.00000000 25.00000000 25.00000000 25.00000000 199191.8492 198857.4796 198441.3659 200930.7917 201933.8295 203133.3285 203906.6896 194446.8420 191217.2197 188064.3439 214652.8394 179517.2907 171867.1463 169900.2337 166602.6036 220506.5601 223095.3800 162441.8621 226490.3254 239396.6095 237689.6691 150376.1382 144194.6199 244995.6236 139041.6271 128125.1944 120421.9967 260141.4640 263434.2949 109877.9098 98578.38010 85311.81210 70703.76585 60351.41421 52467.15005 49036.66993 43561.37346 37763.21581 32562.65942 23952.03180 21544.60728 16842.57992 262.3745354 159.1390890 510.1505052 650.6686858 972.4348158 13004.02117 6993.388196 287571.3956 312092.5713 310325.6654 343387.1185 387520.2399 475062.2565 509651.3645 544960.1710 556154.6309 586381.9609 633555.6160 666773.2745 757436.0865 829702.6100 1001257.068 1058456.149 1248155.019 1510948.542 1682616.323 2019010.124 2227245.956 2769183.668 3530277.384 4090175.206 4824458.660 10807415.99
      sorted:	 25.00000000 25.00000000 25.00000000 25.00000000 25.00000000 159.1390890 262.3745354 510.1505052 650.6686858 972.4348158 6993.388196 13004.02117 16842.57992 21544.60728 23952.03180 32562.65942 37763.21581 43561.37346 49036.66993 52467.15005 60351.41421 70703.76585 85311.81210 98578.38010 109877.9098 120421.9967 128125.1944 139041.6271 144194.6199 150376.1382 162441.8621 166602.6036 169900.2337 171867.1463 179517.2907 188064.3439 191217.2197 194446.8420 198441.3659 198857.4796 199191.8492 200930.7917 201933.8295 203133.3285 203906.6896 214652.8394 220506.5601 223095.3800 226490.3254 237689.6691 239396.6095 244995.6236 260141.4640 263434.2949 287571.3956 310325.6654 312092.5713 343387.1185 387520.2399 475062.2565 509651.3645 544960.1710 556154.6309 586381.9609 633555.6160 666773.2745 757436.0865 829702.6100 1001257.068 1058456.149 1248155.019 1510948.542 1682616.323 2019010.124 2227245.956 2769183.668 3530277.384 4090175.206 4824458.660 10807415.99
