    unsorted:	 198124.3943 198694.9297 194063.1311 190690.2999 188071.1028 207744.2097 206655.9260 211682.6239 214545.3660 216501.6978 222900.0353 223000.9047 180765.1577 226744.4133 172436.3202 169237.4838 165027.5948 160595.3717 157060.7322 231129.4410 150755.1915 233586.1199 143206.6887 239278.2514 135742.4755 124579.3578 121568.8405 110248.6697 254924.5790 104387.3244 89273.22236 85102.63414 75847.63564 61081.31625 49588.94700 39220.32227 33883.84723 18761.09488 13872.25828 10083.66632 8477.514781 370072.3773 368805.8472 575885.8685 5564866.574 5559077.709 5573155.831 5609860.953 5620916.341 5627253.528 5537401.830 5506025.559 5656973.842 5683209.969 5482278.612 5707232.113 5422985.895 5390043.547 5365432.993 5297410.133 5297915.705 5211410.633 5837923.463 5163466.216 5927329.324 5087867.882 6007174.717 4913244.362 6132770.583 4676795.451 6314250.554 6718389.998 10269992.18 2050563776.
      sorted:	 8477.514781 10083.66632 13872.25828 18761.09488 33883.84723 39220.32227 49588.94700 61081.31625 75847.63564 85102.63414 89273.22236 104387.3244 110248.6697 121568.8405 124579.3578 135742.4755 143206.6887 150755.1915 157060.7322 160595.3717 165027.5948 169237.4838 172436.3202 180765.1577 188071.1028 190690.2999 194063.1311 198124.3943 198694.9297 206655.9260 207744.2097 211682.6239 214545.3660 216501.6978 222900.0353 223000.9047 226744.4133 231129.4410 233586.1199 239278.2514 254924.5790 368805.8472 370072.3773 575885.8685 4676795.451 4913244.362 5087867.882 5163466.216 5211410.633 5297410.133 5297915.705 5365432.993 5390043.547 5422985.895 5482278.612 5506025.559 5537401.830 5559077.709 5564866.574 5573155.831 5609860.953 5620916.341 5627253.528 5656973.842 5683209.969 5707232.113 5837923.463 5927329.324 6007174.717 6132770.583 6314250.554 6718389.998 10269992.18 2050563776.
