    unsorted:	 215864.7286 214544.6297 213461.8818 209851.6606 209021.0720 204757.2082 200572.1262 199099.2897 196196.0249 194969.5113 190961.2604 189123.3223 219652.3200 184018.6655 175914.1952 169437.1467 168518.0517 165776.5645 158884.9911 233317.1640 235685.7138 240714.6961 241656.1025 242586.6841 150708.5565 147770.6114 258573.3071 134437.4087 125371.6666 266255.7645 117553.9919 105922.3402 276980.3081 99647.06271 84778.01124 78846.40602 73853.42240 291604.7658 59689.01594 53637.13646 42960.53188 37739.85991 35691.08686 29681.26896 20705.26934 22297.02640 13496.64199 13161.63471 7042.686774 491.6521060 331579.1348 370065.8686 384205.0368 431579.7427 462354.2147 474271.2500 481579.0692 508488.7081 537651.4309 557720.3534 641242.4880 685259.0943 812743.4642 909241.7238 985071.6277 1200130.677 1395672.500 1664233.471 1820505.777 2353778.876 3094235.787 3555771.305 7349769.932 11277526.31
      sorted:	 491.6521060 7042.686774 13161.63471 13496.64199 20705.26934 22297.02640 29681.26896 35691.08686 37739.85991 42960.53188 53637.13646 59689.01594 73853.42240 78846.40602 84778.01124 99647.06271 105922.3402 117553.9919 125371.6666 134437.4087 147770.6114 150708.5565 158884.9911 165776.5645 168518.0517 169437.1467 175914.1952 184018.6655 189123.3223 190961.2604 194969.5113 196196.0249 199099.2897 200572.1262 204757.2082 209021.0720 209851.6606 213461.8818 214544.6297 215864.7286 219652.3200 233317.1640 235685.7138 240714.6961 241656.1025 242586.6841 258573.3071 266255.7645 276980.3081 291604.7658 331579.1348 370065.8686 384205.0368 431579.7427 462354.2147 474271.2500 481579.0692 508488.7081 537651.4309 557720.3534 641242.4880 685259.0943 812743.4642 909241.7238 985071.6277 1200130.677 1395672.500 1664233.471 1820505.777 2353778.876 3094235.787 3555771.305 7349769.932 11277526.31
