    unsorted:	 205135.6672 204643.2978 203526.6607 206061.4543 199969.9169 198930.5759 197901.9043 193524.8314 193391.7841 191095.2074 190679.9397 211036.7277 217086.4975 181109.5294 221406.4356 225420.9799 227393.6310 173257.3713 169387.1522 163926.9310 157179.9565 241099.0253 243646.3498 245405.4096 150142.7250 139906.7644 133626.5898 257101.9153 121565.6985 114371.8315 270569.8631 102524.8098 100457.9569 276358.9936 83836.46768 79640.71917 72434.12731 61066.30739 56607.08148 43794.89078 38015.21576 35562.29184 31116.00113 23042.69768 21802.90539 13480.51932 13006.95772 7240.473737 440.6340294 307395.7684 338771.5874 370060.5973 393661.9251 451511.6174 480732.2894 485448.2107 503596.8534 531442.6172 538096.2733 584951.7827 667682.7731 698466.5353 824614.8967 916695.8212 993715.4451 1210294.758 1430783.992 1689554.348 1858035.014 2358823.709 3167460.232 3406986.734 7528222.430 11594749.90
      sorted:	 440.6340294 7240.473737 13006.95772 13480.51932 21802.90539 23042.69768 31116.00113 35562.29184 38015.21576 43794.89078 56607.08148 61066.30739 72434.12731 79640.71917 83836.46768 100457.9569 102524.8098 114371.8315 121565.6985 133626.5898 139906.7644 150142.7250 157179.9565 163926.9310 169387.1522 173257.3713 181109.5294 190679.9397 191095.2074 193391.7841 193524.8314 197901.9043 198930.5759 199969.9169 203526.6607 204643.2978 205135.6672 206061.4543 211036.7277 217086.4975 221406.4356 225420.9799 227393.6310 241099.0253 243646.3498 245405.4096 257101.9153 270569.8631 276358.9936 307395.7684 338771.5874 370060.5973 393661.9251 451511.6174 480732.2894 485448.2107 503596.8534 531442.6172 538096.2733 584951.7827 667682.7731 698466.5353 824614.8967 916695.8212 993715.4451 1210294.758 1430783.992 1689554.348 1858035.014 2358823.709 3167460.232 3406986.734 7528222.430 11594749.90
