    unsorted:	 198977.1847 199871.1543 202138.7387 189050.4271 189514.5987 188418.7647 208024.3714 208825.2302 212178.0227 214508.5065 217154.4321 177376.7384 173548.0545 224646.9878 223030.0384 226867.3538 168870.6336 160291.7880 162601.6683 159014.1896 153395.0115 240053.5688 241510.9486 144576.4178 135709.1598 123688.2596 119316.4968 107961.3635 102971.3405 261669.5674 87848.84756 84535.92825 69368.01478 56275.24242 49144.11603 44819.88450 38137.83395 21786.41445 16271.25866 10243.87466 8013.732610 370071.7574 368830.6477 576026.1983 5557650.234 5560248.912 5570211.461 5614718.040 5608760.415 5623833.901 5536603.321 5650882.557 5503133.008 5484005.454 5688811.039 5424016.422 5715128.262 5387500.133 5360470.148 5296315.806 5288009.955 5220838.900 5833293.722 5155894.838 5096979.693 5929224.548 6009524.204 4889965.664 6155166.546 4672753.622 6310662.380 6709036.626 10152731.94 2052061897.
      sorted:	 8013.732610 10243.87466 16271.25866 21786.41445 38137.83395 44819.88450 49144.11603 56275.24242 69368.01478 84535.92825 87848.84756 102971.3405 107961.3635 119316.4968 123688.2596 135709.1598 144576.4178 153395.0115 159014.1896 160291.7880 162601.6683 168870.6336 173548.0545 177376.7384 188418.7647 189050.4271 189514.5987 198977.1847 199871.1543 202138.7387 208024.3714 208825.2302 212178.0227 214508.5065 217154.4321 223030.0384 224646.9878 226867.3538 240053.5688 241510.9486 261669.5674 368830.6477 370071.7574 576026.1983 4672753.622 4889965.664 5096979.693 5155894.838 5220838.900 5288009.955 5296315.806 5360470.148 5387500.133 5424016.422 5484005.454 5503133.008 5536603.321 5557650.234 5560248.912 5570211.461 5608760.415 5614718.040 5623833.901 5650882.557 5688811.039 5715128.262 5833293.722 5929224.548 6009524.204 6155166.546 6310662.380 6709036.626 10152731.94 2052061897.
