    unsorted:	 199844.3063 200419.0500 195484.2255 194540.1587 191796.7825 189504.7463 188582.3556 204001.5008 203471.6826 185752.2386 208650.6166 176297.3859 174589.9859 173394.0886 214674.3966 215883.9305 219201.9768 166641.9691 161186.2262 159148.5438 227669.1986 230167.6053 231785.7769 234519.1541 151840.7244 145030.6188 249679.3107 132062.7360 123247.1069 114875.7577 262150.7169 265053.2050 97981.66258 94887.49009 85449.49859 75012.59740 67385.27006 56814.74256 52656.41957 42451.18840 39238.87070 33557.53386 31713.25185 22343.76505 19906.25228 13445.95751 12113.46169 284518.8848 6688.771939 357.4546840 322868.5504 370071.8736 387846.1272 433082.5086 463214.8625 468793.2338 482989.3680 513111.3804 537390.9110 554895.1400 639239.0207 678535.9194 814645.0190 895163.5821 989302.0953 1221070.019 1404485.796 1653034.678 1824099.184 2363686.103 3118352.727 3521264.924 7410389.684 11401753.70
      sorted:	 357.4546840 6688.771939 12113.46169 13445.95751 19906.25228 22343.76505 31713.25185 33557.53386 39238.87070 42451.18840 52656.41957 56814.74256 67385.27006 75012.59740 85449.49859 94887.49009 97981.66258 114875.7577 123247.1069 132062.7360 145030.6188 151840.7244 159148.5438 161186.2262 166641.9691 173394.0886 174589.9859 176297.3859 185752.2386 188582.3556 189504.7463 191796.7825 194540.1587 195484.2255 199844.3063 200419.0500 203471.6826 204001.5008 208650.6166 214674.3966 215883.9305 219201.9768 227669.1986 230167.6053 231785.7769 234519.1541 249679.3107 262150.7169 265053.2050 284518.8848 322868.5504 370071.8736 387846.1272 433082.5086 463214.8625 468793.2338 482989.3680 513111.3804 537390.9110 554895.1400 639239.0207 678535.9194 814645.0190 895163.5821 989302.0953 1221070.019 1404485.796 1653034.678 1824099.184 2363686.103 3118352.727 3521264.924 7410389.684 11401753.70
