    unsorted:	 25.00000000 25.00000000 25.00000000 25.00000000 25.00000001 201698.0469 202001.2654 202883.3436 198001.3293 194283.6209 208817.9095 211532.3511 213686.6279 219275.3354 222960.5155 190310.9411 224844.2893 182332.8235 177588.5808 175823.8244 175516.2681 229742.3906 233517.7753 235849.2623 162954.1535 159951.2627 153492.7135 150378.7269 245369.6039 139476.5140 132142.0819 121505.7223 261276.2897 109863.2025 267593.5953 97190.82958 85175.12175 70138.27253 60506.54818 55186.05919 51234.26821 42298.35676 37092.02066 30305.57485 24607.84065 22327.81070 17066.45828 261.9214472 158.6731384 499.9941439 654.1524915 973.7422382 13272.25182 7101.559363 291747.7055 310913.4221 316959.5719 347428.0519 391037.9276 470179.9143 511454.0312 555167.4776 566309.9029 588130.0735 632080.6718 673983.3264 769746.5948 829814.4647 1016819.148 1096948.090 1242111.353 1505438.146 1733384.052 2071370.871 2250823.680 2834788.505 3507363.740 4144146.961 4825035.258 10825159.18
      sorted:	 25.00000000 25.00000000 25.00000000 25.00000000 25.00000001 158.6731384 261.9214472 499.9941439 654.1524915 973.7422382 7101.559363 13272.25182 17066.45828 22327.81070 24607.84065 30305.57485 37092.02066 42298.35676 51234.26821 55186.05919 60506.54818 70138.27253 85175.12175 97190.82958 109863.2025 121505.7223 132142.0819 139476.5140 150378.7269 153492.7135 159951.2627 162954.1535 175516.2681 175823.8244 177588.5808 182332.8235 190310.9411 194283.6209 198001.3293 201698.0469 202001.2654 202883.3436 208817.9095 211532.3511 213686.6279 219275.3354 222960.5155 224844.2893 229742.3906 233517.7753 235849.2623 245369.6039 261276.2897 267593.5953 291747.7055 310913.4221 316959.5719 347428.0519 391037.9276 470179.9143 511454.0312 555167.4776 566309.9029 588130.0735 632080.6718 673983.3264 769746.5948 829814.4647 1016819.148 1096948.090 1242111.353 1505438.146 1733384.052 2071370.871 2250823.680 2834788.505 3507363.740 4144146.961 4825035.258 10825159.18
