    unsorted:	 196685.3164 196497.3520 198972.7706 197818.7101 201021.4219 202400.1705 203647.5018 193124.3281 190860.6018 206602.7397 208430.7676 210762.9896 216618.7446 182878.5818 220036.0927 178448.4277 173880.5333 225898.8875 232454.1179 231649.8035 233402.6711 166744.4621 164047.1150 242958.1227 154043.5411 151479.6733 252132.1653 135994.2768 129473.1532 116790.6671 267044.7040 270151.3802 102315.8418 95397.03435 80217.37191 77031.99391 63855.40897 57577.85378 49545.88992 42492.51381 39490.72714 33404.22508 35384.70261 22389.96411 21207.06923 13460.19423 12699.43259 6974.685941 292791.5589 489.2126535 328150.8446 370079.1726 384373.9033 428657.0791 460898.3179 464741.7245 481571.6180 511527.6500 537714.7443 554548.2539 635882.9925 676520.2127 807781.4538 882949.4630 980998.4739 1193392.288 1373023.424 1639335.581 1774595.162 2339530.849 2993929.195 3480489.957 7130081.680 10983050.14
      sorted:	 489.2126535 6974.685941 12699.43259 13460.19423 21207.06923 22389.96411 33404.22508 35384.70261 39490.72714 42492.51381 49545.88992 57577.85378 63855.40897 77031.99391 80217.37191 95397.03435 102315.8418 116790.6671 129473.1532 135994.2768 151479.6733 154043.5411 164047.1150 166744.4621 173880.5333 178448.4277 182878.5818 190860.6018 193124.3281 196497.3520 196685.3164 197818.7101 198972.7706 201021.4219 202400.1705 203647.5018 206602.7397 208430.7676 210762.9896 216618.7446 220036.0927 225898.8875 231649.8035 232454.1179 233402.6711 242958.1227 252132.1653 267044.7040 270151.3802 292791.5589 328150.8446 370079.1726 384373.9033 428657.0791 460898.3179 464741.7245 481571.6180 511527.6500 537714.7443 554548.2539 635882.9925 676520.2127 807781.4538 882949.4630 980998.4739 1193392.288 1373023.424 1639335.581 1774595.162 2339530.849 2993929.195 3480489.957 7130081.680 10983050.14
