    unsorted:	 208995.9267 209454.2018 206528.3764 201308.9840 202389.1079 199222.4999 213061.5185 192218.2772 188728.2293 181009.9873 184737.9668 178269.1651 215197.5815 171170.9440 167233.0894 221771.7033 223726.1504 161388.1651 157774.8534 151757.1221 229997.7988 233962.2930 142500.0287 237994.8910 134566.9057 123165.9150 119770.0351 253358.0486 106476.3039 99814.99435 87088.27455 83674.78093 73093.01964 53374.46884 47109.16610 41483.16135 40653.72335 31796.19639 14892.89421 16523.99131 9829.719647 370076.9723 368836.2915 575915.5734 5559374.831 5563854.971 5578333.647 5611406.640 5606388.804 5619960.858 5539017.451 5643351.884 5501164.289 5484143.058 5680467.046 5425060.080 5707263.876 5392709.326 5365299.378 5307958.485 5301231.140 5249246.336 5820670.068 5160469.048 5087053.572 5926577.976 6003916.236 4879838.085 6136697.622 4670862.419 6293447.384 6668296.330 9864778.671 2052233560.
      sorted:	 9829.719647 14892.89421 16523.99131 31796.19639 40653.72335 41483.16135 47109.16610 53374.46884 73093.01964 83674.78093 87088.27455 99814.99435 106476.3039 119770.0351 123165.9150 134566.9057 142500.0287 151757.1221 157774.8534 161388.1651 167233.0894 171170.9440 178269.1651 181009.9873 184737.9668 188728.2293 192218.2772 199222.4999 201308.9840 202389.1079 206528.3764 208995.9267 209454.2018 213061.5185 215197.5815 221771.7033 223726.1504 229997.7988 233962.2930 237994.8910 253358.0486 368836.2915 370076.9723 575915.5734 4670862.419 4879838.085 5087053.572 5160469.048 5249246.336 5301231.140 5307958.485 5365299.378 5392709.326 5425060.080 5484143.058 5501164.289 5539017.451 5559374.831 5563854.971 5578333.647 5606388.804 5611406.640 5619960.858 5643351.884 5680467.046 5707263.876 5820670.068 5926577.976 6003916.236 6136697.622 6293447.384 6668296.330 9864778.671 2052233560.
