    unsorted:	 209881.3396 209012.7182 211021.0798 212759.5480 204800.4895 201316.6726 199206.3254 217791.9704 218951.8915 190987.3941 193293.6223 188563.3277 186086.7858 227136.3966 177346.7376 170085.9025 169385.5645 233854.0637 235301.1269 236705.7429 161863.6203 156929.7215 242921.5620 152389.3092 146619.7513 250584.6602 137449.3058 256382.1486 131483.8883 119916.3411 108089.0786 276567.1153 275844.7181 100146.6558 80834.00475 76834.61076 70770.99524 61424.16602 51150.76833 45573.24183 42699.05563 37020.64107 29325.15330 23044.56676 21936.73028 13509.48478 13222.07582 304240.3411 7256.826964 505.5301414 336076.3920 370070.1880 386237.6072 441985.9896 467544.4071 471980.2086 485282.6865 512997.6475 538447.3186 558898.4056 643131.5763 675503.1572 810156.0303 897762.2745 968181.8448 1207888.260 1410722.344 1655911.397 1819688.427 2360461.592 3097533.825 3441238.070 7409615.235 11338240.91
      sorted:	 505.5301414 7256.826964 13222.07582 13509.48478 21936.73028 23044.56676 29325.15330 37020.64107 42699.05563 45573.24183 51150.76833 61424.16602 70770.99524 76834.61076 80834.00475 100146.6558 108089.0786 119916.3411 131483.8883 137449.3058 146619.7513 152389.3092 156929.7215 161863.6203 169385.5645 170085.9025 177346.7376 186086.7858 188563.3277 190987.3941 193293.6223 199206.3254 201316.6726 204800.4895 209012.7182 209881.3396 211021.0798 212759.5480 217791.9704 218951.8915 227136.3966 233854.0637 235301.1269 236705.7429 242921.5620 250584.6602 256382.1486 275844.7181 276567.1153 304240.3411 336076.3920 370070.1880 386237.6072 441985.9896 467544.4071 471980.2086 485282.6865 512997.6475 538447.3186 558898.4056 643131.5763 675503.1572 810156.0303 897762.2745 968181.8448 1207888.260 1410722.344 1655911.397 1819688.427 2360461.592 3097533.825 3441238.070 7409615.235 11338240.91
