    unsorted:	 25.00000000 25.00000000 25.00000000 25.00000000 25.00000000 200538.4200 201246.3221 201923.6682 197780.8650 197327.2837 194651.6377 206565.9226 208162.0527 212158.0073 188540.0025 215649.7073 182224.2796 172104.6633 171232.7362 170092.4845 166061.0151 225112.2930 228245.2197 160116.2735 232481.9679 240471.2752 149660.6140 244615.4794 251129.6781 138290.4441 126110.0783 113509.8167 108592.4968 94145.03619 81780.04439 274340.5428 69577.80018 53436.88028 59485.91409 48951.84468 43173.45797 36618.88210 30977.74990 257.9375777 190.5209386 485.5450557 642.3498607 1038.221590 24558.17914 21150.10725 15586.76025 13461.75669 7362.834439 281512.2713 303352.0852 320105.0316 327924.2214 362487.6308 400913.0738 482155.0267 535118.3096 558972.7098 574882.2146 601004.9758 642082.8881 681688.4366 776934.3106 846777.9629 1004920.420 1070558.089 1227825.933 1503428.447 1679244.097 2012488.854 2215634.188 2756616.574 3512515.463 4025221.734 4800238.454 10518299.26
      sorted:	 25.00000000 25.00000000 25.00000000 25.00000000 25.00000000 190.5209386 257.9375777 485.5450557 642.3498607 1038.221590 7362.834439 13461.75669 15586.76025 21150.10725 24558.17914 30977.74990 36618.88210 43173.45797 48951.84468 53436.88028 59485.91409 69577.80018 81780.04439 94145.03619 108592.4968 113509.8167 126110.0783 138290.4441 149660.6140 160116.2735 166061.0151 170092.4845 171232.7362 172104.6633 182224.2796 188540.0025 194651.6377 197327.2837 197780.8650 200538.4200 201246.3221 201923.6682 206565.9226 208162.0527 212158.0073 215649.7073 225112.2930 228245.2197 232481.9679 240471.2752 244615.4794 251129.6781 274340.5428 281512.2713 303352.0852 320105.0316 327924.2214 362487.6308 400913.0738 482155.0267 535118.3096 558972.7098 574882.2146 601004.9758 642082.8881 681688.4366 776934.3106 846777.9629 1004920.420 1070558.089 1227825.933 1503428.447 1679244.097 2012488.854 2215634.188 2756616.574 3512515.463 4025221.734 4800238.454 10518299.26
