    unsorted:	 194428.7425 198460.6873 197373.9885 199755.9954 202220.4263 192212.7628 191214.8474 189898.4066 203698.1803 206835.1840 209239.1398 185224.0643 176832.9465 217274.8797 173045.7130 169631.1537 165983.9146 164869.4140 234914.1965 234863.0186 229446.2804 228912.9157 225830.6635 154641.2021 242024.7019 150024.9316 135194.8872 255340.4998 130102.4599 264550.0934 117815.2413 105864.1199 275307.8439 98079.90649 79486.13207 76593.05279 65523.08043 57726.85696 49900.88897 44706.69053 40460.44452 34814.56522 31601.47097 21636.11925 20670.91661 13460.13466 12669.79190 292422.6080 6971.882504 448.1743528 328078.3745 370070.9997 387445.6688 429095.5961 456218.4735 461419.0664 478815.9364 507867.0383 536904.4526 546518.5969 626868.9650 674745.2921 808593.9272 879768.1598 976816.3585 1195130.769 1373613.515 1632091.293 1784399.759 2337675.088 3064426.191 3509915.137 7328489.643 11242233.73
      sorted:	 448.1743528 6971.882504 12669.79190 13460.13466 20670.91661 21636.11925 31601.47097 34814.56522 40460.44452 44706.69053 49900.88897 57726.85696 65523.08043 76593.05279 79486.13207 98079.90649 105864.1199 117815.2413 130102.4599 135194.8872 150024.9316 154641.2021 164869.4140 165983.9146 169631.1537 173045.7130 176832.9465 185224.0643 189898.4066 191214.8474 192212.7628 194428.7425 197373.9885 198460.6873 199755.9954 202220.4263 203698.1803 206835.1840 209239.1398 217274.8797 225830.6635 228912.9157 229446.2804 234863.0186 234914.1965 242024.7019 255340.4998 264550.0934 275307.8439 292422.6080 328078.3745 370070.9997 387445.6688 429095.5961 456218.4735 461419.0664 478815.9364 507867.0383 536904.4526 546518.5969 626868.9650 674745.2921 808593.9272 879768.1598 976816.3585 1195130.769 1373613.515 1632091.293 1784399.759 2337675.088 3064426.191 3509915.137 7328489.643 11242233.73
