    unsorted:	 25.00000000 25.00000000 25.00000000 25.00000000 25.00000000 199742.1607 198404.7886 201878.3330 205344.8593 206522.3538 194986.1589 192734.5549 208656.0855 211218.7314 190458.0412 219003.4771 220201.1346 226861.4860 175892.4324 172236.4201 170081.5197 164526.9229 158669.2089 156909.1908 233582.7907 236285.1474 144347.0599 140075.7716 244654.7575 131428.9594 119948.3941 258781.5410 107286.0731 93984.88345 86926.56679 75334.65937 64474.28381 57184.87511 51025.78093 44562.07155 39374.86713 30358.16948 24605.72046 22029.49046 17421.50122 262.2686843 185.6790237 481.2153491 664.1883456 1020.924714 13951.68627 7147.883653 278747.7205 286523.7327 290382.3881 319896.7020 320566.8408 347130.7500 391757.8248 478044.7262 528696.5663 561644.0007 568456.0254 593295.5155 635390.8511 677397.7815 776869.0981 838934.0356 1008304.490 1081952.422 1227307.383 1502034.736 1699001.734 2020240.898 2191121.199 2790458.818 3563590.031 4126780.325 4825629.609 10795194.04
      sorted:	 25.00000000 25.00000000 25.00000000 25.00000000 25.00000000 185.6790237 262.2686843 481.2153491 664.1883456 1020.924714 7147.883653 13951.68627 17421.50122 22029.49046 24605.72046 30358.16948 39374.86713 44562.07155 51025.78093 57184.87511 64474.28381 75334.65937 86926.56679 93984.88345 107286.0731 119948.3941 131428.9594 140075.7716 144347.0599 156909.1908 158669.2089 164526.9229 170081.5197 172236.4201 175892.4324 190458.0412 192734.5549 194986.1589 198404.7886 199742.1607 201878.3330 205344.8593 206522.3538 208656.0855 211218.7314 219003.4771 220201.1346 226861.4860 233582.7907 236285.1474 244654.7575 258781.5410 278747.7205 286523.7327 290382.3881 319896.7020 320566.8408 347130.7500 391757.8248 478044.7262 528696.5663 561644.0007 568456.0254 593295.5155 635390.8511 677397.7815 776869.0981 838934.0356 1008304.490 1081952.422 1227307.383 1502034.736 1699001.734 2020240.898 2191121.199 2790458.818 3563590.031 4126780.325 4825629.609 10795194.04
