    unsorted:	 25.00000000 25.00000000 25.00000000 25.00000000 25.00000000 207426.4621 206509.5245 203183.6579 204003.8458 199966.5105 194834.7295 195547.4189 191114.1423 213261.0199 215639.6458 188558.9640 179730.7003 221143.2009 223845.7667 226682.8427 172516.5868 230076.3636 168280.1701 165261.9118 163463.8598 237140.5029 156812.3352 147978.8229 143839.2057 249348.7805 130225.1272 117116.1787 111732.8692 266409.6237 267593.4705 95031.62954 81243.08128 69281.39350 59278.97538 54899.97550 48215.30800 43208.03862 38022.71274 29244.48263 24116.68065 22028.13115 260.2762264 155.2708589 489.2411115 640.1327869 957.0724893 16207.46866 13346.78149 7294.387948 300723.4062 312733.3634 331523.9961 365860.2077 398888.7145 481598.7967 535299.0784 557797.9892 574006.3061 595411.5231 636175.6370 675172.5912 770838.8032 836661.9448 1008698.415 1080686.389 1229430.729 1497187.261 1692771.873 2022027.521 2214474.646 2792843.716 3499344.292 4058416.855 4804172.289 10802112.74
      sorted:	 25.00000000 25.00000000 25.00000000 25.00000000 25.00000000 155.2708589 260.2762264 489.2411115 640.1327869 957.0724893 7294.387948 13346.78149 16207.46866 22028.13115 24116.68065 29244.48263 38022.71274 43208.03862 48215.30800 54899.97550 59278.97538 69281.39350 81243.08128 95031.62954 111732.8692 117116.1787 130225.1272 143839.2057 147978.8229 156812.3352 163463.8598 165261.9118 168280.1701 172516.5868 179730.7003 188558.9640 191114.1423 194834.7295 195547.4189 199966.5105 203183.6579 204003.8458 206509.5245 207426.4621 213261.0199 215639.6458 221143.2009 223845.7667 226682.8427 230076.3636 237140.5029 249348.7805 266409.6237 267593.4705 300723.4062 312733.3634 331523.9961 365860.2077 398888.7145 481598.7967 535299.0784 557797.9892 574006.3061 595411.5231 636175.6370 675172.5912 770838.8032 836661.9448 1008698.415 1080686.389 1229430.729 1497187.261 1692771.873 2022027.521 2214474.646 2792843.716 3499344.292 4058416.855 4804172.289 10802112.74
