    unsorted:	 201534.3192 202404.8493 200813.0384 203924.2437 205121.9702 207226.9304 208216.3588 197242.9653 194864.3122 194192.5979 190673.9863 216238.4495 180637.0533 180281.6895 224042.4800 225614.2199 226321.3385 231485.6637 172512.3583 169118.4560 167176.0258 166167.4880 156930.3048 239903.5534 240970.4930 150194.6190 254090.1713 133845.3929 121877.0520 114465.1099 106712.9950 101296.6142 272370.9044 273429.4264 83787.25018 78906.23611 64395.45274 57818.24000 53281.86656 42158.26055 37123.84617 34885.93396 30095.69653 20351.67134 21869.97313 13463.00333 12699.80011 7114.001909 300382.2823 456.9116702 334080.4863 370072.1583 390381.2194 443871.2324 467504.2637 475939.2235 491905.6945 518830.2887 538224.4459 562810.1119 645686.3528 683843.8072 808749.7175 887871.4007 982024.0281 1206869.616 1381690.405 1644419.528 1812603.887 2344230.533 3141123.130 3443978.247 7324884.688 11411858.57
      sorted:	 456.9116702 7114.001909 12699.80011 13463.00333 20351.67134 21869.97313 30095.69653 34885.93396 37123.84617 42158.26055 53281.86656 57818.24000 64395.45274 78906.23611 83787.25018 101296.6142 106712.9950 114465.1099 121877.0520 133845.3929 150194.6190 156930.3048 166167.4880 167176.0258 169118.4560 172512.3583 180281.6895 180637.0533 190673.9863 194192.5979 194864.3122 197242.9653 200813.0384 201534.3192 202404.8493 203924.2437 205121.9702 207226.9304 208216.3588 216238.4495 224042.4800 225614.2199 226321.3385 231485.6637 239903.5534 240970.4930 254090.1713 272370.9044 273429.4264 300382.2823 334080.4863 370072.1583 390381.2194 443871.2324 467504.2637 475939.2235 491905.6945 518830.2887 538224.4459 562810.1119 645686.3528 683843.8072 808749.7175 887871.4007 982024.0281 1206869.616 1381690.405 1644419.528 1812603.887 2344230.533 3141123.130 3443978.247 7324884.688 11411858.57
