    unsorted:	 25.00000000 25.00000000 25.00000000 25.00000000 25.00000000 199231.8495 199525.5145 200464.9601 204015.8958 204079.1409 195518.3938 188867.9522 191197.8128 208197.4667 210626.6371 181774.6938 177680.0691 218946.7419 221423.1571 172419.9537 166302.1954 159401.3551 231534.0285 234666.2807 150671.6363 139753.2159 137576.3126 248530.3935 130110.6228 253137.4904 120261.4857 108668.7078 263015.2353 94676.16809 84768.85515 71904.21919 62796.05843 52845.83698 50452.11306 43032.74756 37193.78914 31234.84649 25365.08705 22810.51561 17049.85217 260.8193589 215.9039972 466.0603225 665.3830742 1090.002612 13829.96939 7125.096690 279507.7400 294845.4353 300803.5782 321072.5650 322373.2214 354883.4970 398208.9491 480677.4309 531540.5553 571782.0754 582096.5278 605575.8615 643651.7755 696229.1276 798417.9570 858397.5534 1028878.897 1104042.169 1254277.883 1517079.238 1719765.560 2057968.922 2245933.291 2801749.780 3546272.631 4092752.664 4831827.769 10639855.97
      sorted:	 25.00000000 25.00000000 25.00000000 25.00000000 25.00000000 215.9039972 260.8193589 466.0603225 665.3830742 1090.002612 7125.096690 13829.96939 17049.85217 22810.51561 25365.08705 31234.84649 37193.78914 43032.74756 50452.11306 52845.83698 62796.05843 71904.21919 84768.85515 94676.16809 108668.7078 120261.4857 130110.6228 137576.3126 139753.2159 150671.6363 159401.3551 166302.1954 172419.9537 177680.0691 181774.6938 188867.9522 191197.8128 195518.3938 199231.8495 199525.5145 200464.9601 204015.8958 204079.1409 208197.4667 210626.6371 218946.7419 221423.1571 231534.0285 234666.2807 248530.3935 253137.4904 263015.2353 279507.7400 294845.4353 300803.5782 321072.5650 322373.2214 354883.4970 398208.9491 480677.4309 531540.5553 571782.0754 582096.5278 605575.8615 643651.7755 696229.1276 798417.9570 858397.5534 1028878.897 1104042.169 1254277.883 1517079.238 1719765.560 2057968.922 2245933.291 2801749.780 3546272.631 4092752.664 4831827.769 10639855.97
