    unsorted:	 199813.6001 200704.3793 196330.0641 192066.5997 188300.2079 183426.1073 205656.9007 210826.6513 173418.2062 171292.9610 169775.3385 163027.4961 159452.0207 160050.4193 214904.8105 217365.8744 222204.3616 221117.9566 225111.0521 153809.0121 230941.4270 145501.9362 239080.5986 240857.0541 137566.1108 125780.8214 119085.6148 113745.1066 104844.8345 258899.6284 83882.55683 85843.31812 75801.79559 58154.26063 44612.20118 38797.63670 36748.99937 29405.61831 19850.72570 10801.72644 6027.388886 370068.5274 368768.7261 575752.7491 5563800.522 5555315.045 5571161.374 5613761.882 5607738.163 5622983.446 5532052.509 5648328.372 5501856.065 5482779.438 5678049.167 5423744.184 5707431.775 5389478.766 5371216.647 5297865.350 5285719.033 5234764.773 5171402.741 5841728.361 5911994.441 5093583.535 6004559.398 4904819.281 6145609.032 4671544.740 6284620.842 6719775.209 10264507.08 2050850177.
      sorted:	 6027.388886 10801.72644 19850.72570 29405.61831 36748.99937 38797.63670 44612.20118 58154.26063 75801.79559 83882.55683 85843.31812 104844.8345 113745.1066 119085.6148 125780.8214 137566.1108 145501.9362 153809.0121 159452.0207 160050.4193 163027.4961 169775.3385 171292.9610 173418.2062 183426.1073 188300.2079 192066.5997 196330.0641 199813.6001 200704.3793 205656.9007 210826.6513 214904.8105 217365.8744 221117.9566 222204.3616 225111.0521 230941.4270 239080.5986 240857.0541 258899.6284 368768.7261 370068.5274 575752.7491 4671544.740 4904819.281 5093583.535 5171402.741 5234764.773 5285719.033 5297865.350 5371216.647 5389478.766 5423744.184 5482779.438 5501856.065 5532052.509 5555315.045 5563800.522 5571161.374 5607738.163 5613761.882 5622983.446 5648328.372 5678049.167 5707431.775 5841728.361 5911994.441 6004559.398 6145609.032 6284620.842 6719775.209 10264507.08 2050850177.
