    unsorted:	 181324.2506 179999.5631 183791.3603 186595.1274 187762.2217 170796.8417 166040.2357 162028.3972 156969.9910 149380.3145 149957.6640 201653.0203 202549.8114 208399.6638 210164.0965 218359.3283 222393.3598 223182.1130 225048.6923 229491.3401 228630.4013 138605.9074 129965.4942 123952.1614 120292.0478 112572.2869 242696.4002 246603.0224 105553.6969 253101.9918 87733.80002 85367.63536 71771.61148 60234.37793 50710.40793 44036.45464 42616.75914 23009.65207 18106.56351 9721.878205 4207.243762 370062.3723 368740.3475 575448.6420 5615282.385 5613036.668 5563518.396 5556044.148 5571140.600 5537140.416 5626243.678 5649471.973 5503499.949 5481833.200 5684959.447 5422961.817 5716421.700 5389372.065 5366170.385 5306013.140 5274840.741 5189521.572 5164574.213 5839393.262 5073307.138 5920624.714 6010788.252 4896426.706 6157302.188 4658140.370 6326585.021 6711783.740 10358640.64 2049573898.
      sorted:	 4207.243762 9721.878205 18106.56351 23009.65207 42616.75914 44036.45464 50710.40793 60234.37793 71771.61148 85367.63536 87733.80002 105553.6969 112572.2869 120292.0478 123952.1614 129965.4942 138605.9074 149380.3145 149957.6640 156969.9910 162028.3972 166040.2357 170796.8417 179999.5631 181324.2506 183791.3603 186595.1274 187762.2217 201653.0203 202549.8114 208399.6638 210164.0965 218359.3283 222393.3598 223182.1130 225048.6923 228630.4013 229491.3401 242696.4002 246603.0224 253101.9918 368740.3475 370062.3723 575448.6420 4658140.370 4896426.706 5073307.138 5164574.213 5189521.572 5274840.741 5306013.140 5366170.385 5389372.065 5422961.817 5481833.200 5503499.949 5537140.416 5556044.148 5563518.396 5571140.600 5613036.668 5615282.385 5626243.678 5649471.973 5684959.447 5716421.700 5839393.262 5920624.714 6010788.252 6157302.188 6326585.021 6711783.740 10358640.64 2049573898.
