    unsorted:	 204547.6632 205214.6122 206949.5128 202217.1443 200140.6642 209259.8954 211366.9510 196651.3730 191131.5874 189198.4290 187160.7387 186613.7257 214293.7024 177635.4990 173943.9628 170546.1441 224682.1929 227023.3948 229714.0067 236453.2150 161682.2146 156652.4300 153317.1484 151543.9606 240355.9152 244127.6682 139810.9699 135121.0347 252864.8375 120777.5813 103823.4793 99080.27430 273670.3602 274420.5213 83539.97277 79239.67184 69168.53293 58961.95027 41886.41505 46930.77371 38410.72833 35078.30550 31068.75132 22116.68541 21025.34636 13476.09608 12955.69792 7169.734987 299033.2881 397.6877408 332174.0409 370065.7051 381502.8943 439878.1204 466193.8602 471615.9967 488214.2604 515328.8899 537768.3290 561059.8479 648118.4098 677659.0367 813827.0667 898287.5256 977803.8572 1198528.233 1405396.704 1655805.531 1804745.407 2355483.498 3127978.607 3452837.527 7391504.436 11427227.22
      sorted:	 397.6877408 7169.734987 12955.69792 13476.09608 21025.34636 22116.68541 31068.75132 35078.30550 38410.72833 41886.41505 46930.77371 58961.95027 69168.53293 79239.67184 83539.97277 99080.27430 103823.4793 120777.5813 135121.0347 139810.9699 151543.9606 153317.1484 156652.4300 161682.2146 170546.1441 173943.9628 177635.4990 186613.7257 187160.7387 189198.4290 191131.5874 196651.3730 200140.6642 202217.1443 204547.6632 205214.6122 206949.5128 209259.8954 211366.9510 214293.7024 224682.1929 227023.3948 229714.0067 236453.2150 240355.9152 244127.6682 252864.8375 273670.3602 274420.5213 299033.2881 332174.0409 370065.7051 381502.8943 439878.1204 466193.8602 471615.9967 488214.2604 515328.8899 537768.3290 561059.8479 648118.4098 677659.0367 813827.0667 898287.5256 977803.8572 1198528.233 1405396.704 1655805.531 1804745.407 2355483.498 3127978.607 3452837.527 7391504.436 11427227.22
