    unsorted:	 25.00000000 25.00000000 25.00000000 25.00000000 25.00000000 189842.9064 187836.5530 193147.3043 194984.7012 197304.8986 183691.2684 204125.3987 205737.6974 209922.1833 177299.1095 175128.1437 172456.9905 217523.1749 221708.4875 221845.4211 220946.6503 227529.0510 167048.6676 235432.9009 158708.8801 242657.6920 152822.7864 246614.0571 141295.9848 138996.6319 129686.6363 118183.0184 260576.5268 263084.2822 106784.0593 96709.80696 85656.00409 73070.33184 62221.38835 54859.56486 52489.27479 42992.15643 36806.32161 32163.39779 23994.54055 21406.53079 16980.07348 262.7609352 159.7692303 502.6809418 649.8854027 973.1274732 13137.99357 7089.112297 293824.8112 309525.4132 319292.6753 352196.5969 392582.9929 476762.7922 512607.9016 556919.8674 564182.5879 590437.3973 637898.0226 675449.8888 770373.7440 837297.4313 1018597.860 1096564.781 1260750.563 1513372.729 1719786.799 2059526.746 2273008.088 2816682.394 3529987.794 4140701.777 4822319.837 10950091.29
      sorted:	 25.00000000 25.00000000 25.00000000 25.00000000 25.00000000 159.7692303 262.7609352 502.6809418 649.8854027 973.1274732 7089.112297 13137.99357 16980.07348 21406.53079 23994.54055 32163.39779 36806.32161 42992.15643 52489.27479 54859.56486 62221.38835 73070.33184 85656.00409 96709.80696 106784.0593 118183.0184 129686.6363 138996.6319 141295.9848 152822.7864 158708.8801 167048.6676 172456.9905 175128.1437 177299.1095 183691.2684 187836.5530 189842.9064 193147.3043 194984.7012 197304.8986 204125.3987 205737.6974 209922.1833 217523.1749 220946.6503 221708.4875 221845.4211 227529.0510 235432.9009 242657.6920 246614.0571 260576.5268 263084.2822 293824.8112 309525.4132 319292.6753 352196.5969 392582.9929 476762.7922 512607.9016 556919.8674 564182.5879 590437.3973 637898.0226 675449.8888 770373.7440 837297.4313 1018597.860 1096564.781 1260750.563 1513372.729 1719786.799 2059526.746 2273008.088 2816682.394 3529987.794 4140701.777 4822319.837 10950091.29
