    unsorted:	 198544.8160 195039.9009 201068.0597 191515.6371 188906.3057 207534.0723 211432.3013 214056.2257 219220.4043 220963.1858 180905.4233 178019.7396 169965.7977 168868.7100 164014.8582 225910.7069 226750.1709 159598.3317 231347.9622 152550.3550 150363.2483 239554.3182 140352.8304 136012.3580 244364.1915 124208.3815 121034.7258 111147.1921 256826.2142 105691.8171 91955.00769 87017.30397 68524.61416 57014.50962 47520.14559 40411.10299 32367.64177 26346.71450 19312.03650 9944.396071 6742.220209 370063.1932 368773.0721 575803.2745 5557023.403 5565019.625 5573944.472 5537386.249 5619776.107 5622444.167 5612026.148 5643708.067 5502713.178 5481759.494 5689962.880 5421633.300 5716489.594 5386594.652 5362301.234 5297679.496 5272759.005 5200726.538 5160743.574 5830785.151 5100716.112 5919279.604 5997903.322 4904999.909 6157218.629 4675188.151 6327096.129 6720263.203 10233002.02 2050117980.
      sorted:	 6742.220209 9944.396071 19312.03650 26346.71450 32367.64177 40411.10299 47520.14559 57014.50962 68524.61416 87017.30397 91955.00769 105691.8171 111147.1921 121034.7258 124208.3815 136012.3580 140352.8304 150363.2483 152550.3550 159598.3317 164014.8582 168868.7100 169965.7977 178019.7396 180905.4233 188906.3057 191515.6371 195039.9009 198544.8160 201068.0597 207534.0723 211432.3013 214056.2257 219220.4043 220963.1858 225910.7069 226750.1709 231347.9622 239554.3182 244364.1915 256826.2142 368773.0721 370063.1932 575803.2745 4675188.151 4904999.909 5100716.112 5160743.574 5200726.538 5272759.005 5297679.496 5362301.234 5386594.652 5421633.300 5481759.494 5502713.178 5537386.249 5557023.403 5565019.625 5573944.472 5612026.148 5619776.107 5622444.167 5643708.067 5689962.880 5716489.594 5830785.151 5919279.604 5997903.322 6157218.629 6327096.129 6720263.203 10233002.02 2050117980.
