    unsorted:	 195078.6452 192672.3154 197375.9993 189595.5427 203232.3751 204199.0653 185680.2950 184271.7009 210268.9302 212722.8794 216136.9766 217156.5899 221735.0025 176590.6221 223771.4957 226831.8052 166323.4997 165069.0420 160842.0360 155929.5664 151461.1555 141584.5088 238282.7577 137544.8219 241679.5473 125619.0988 120378.2330 115050.9359 249187.6132 103701.4995 84198.44740 84393.29409 72532.84395 59090.48100 49635.04078 44561.43264 34712.99315 24203.19711 17395.02422 9729.677861 7429.630175 370074.5034 368813.7076 576300.8976 5612072.221 5604608.647 5620350.818 5576998.684 5561702.060 5554775.239 5536270.579 5646156.714 5504203.423 5483585.679 5687308.316 5424335.183 5710336.963 5391414.751 5363975.593 5307372.648 5281658.026 5244335.367 5822884.311 5166359.292 5098788.669 5916718.347 5993166.556 4893532.965 6134727.758 4666915.773 6313604.118 6695229.872 9969606.264 2051145868.
      sorted:	 7429.630175 9729.677861 17395.02422 24203.19711 34712.99315 44561.43264 49635.04078 59090.48100 72532.84395 84198.44740 84393.29409 103701.4995 115050.9359 120378.2330 125619.0988 137544.8219 141584.5088 151461.1555 155929.5664 160842.0360 165069.0420 166323.4997 176590.6221 184271.7009 185680.2950 189595.5427 192672.3154 195078.6452 197375.9993 203232.3751 204199.0653 210268.9302 212722.8794 216136.9766 217156.5899 221735.0025 223771.4957 226831.8052 238282.7577 241679.5473 249187.6132 368813.7076 370074.5034 576300.8976 4666915.773 4893532.965 5098788.669 5166359.292 5244335.367 5281658.026 5307372.648 5363975.593 5391414.751 5424335.183 5483585.679 5504203.423 5536270.579 5554775.239 5561702.060 5576998.684 5604608.647 5612072.221 5620350.818 5646156.714 5687308.316 5710336.963 5822884.311 5916718.347 5993166.556 6134727.758 6313604.118 6695229.872 9969606.264 2051145868.
