    unsorted:	 178836.0995 177968.6105 183765.5389 194045.6011 195581.1335 196380.2085 199063.9889 172949.2902 169743.8493 168144.9348 161945.0983 205897.8788 208831.8292 157875.9211 218224.9350 218896.9704 221610.1839 226418.9608 226532.3956 231610.2007 150993.1840 145610.9030 241295.7005 242907.7759 137356.0376 248729.9637 124877.2035 120347.6104 111014.9345 104510.5666 86337.99093 83287.04251 70305.47877 60204.80816 51008.55515 39394.92303 35159.65567 31044.49212 14515.29520 10013.52889 6122.133959 370067.2699 368809.0575 575911.5118 5614759.271 5610267.708 5565210.628 5558058.272 5572784.677 5624450.251 5535401.819 5501704.426 5483108.199 5651576.927 5693446.717 5422361.706 5718596.266 5386806.728 5363655.444 5299167.450 5286199.774 5228540.035 5837712.139 5162153.168 5093730.409 5923687.901 6006682.004 4902323.070 4689092.431 6158655.568 6312410.599 6731048.944 10153642.67 2051023928.
      sorted:	 6122.133959 10013.52889 14515.29520 31044.49212 35159.65567 39394.92303 51008.55515 60204.80816 70305.47877 83287.04251 86337.99093 104510.5666 111014.9345 120347.6104 124877.2035 137356.0376 145610.9030 150993.1840 157875.9211 161945.0983 168144.9348 169743.8493 172949.2902 177968.6105 178836.0995 183765.5389 194045.6011 195581.1335 196380.2085 199063.9889 205897.8788 208831.8292 218224.9350 218896.9704 221610.1839 226418.9608 226532.3956 231610.2007 241295.7005 242907.7759 248729.9637 368809.0575 370067.2699 575911.5118 4689092.431 4902323.070 5093730.409 5162153.168 5228540.035 5286199.774 5299167.450 5363655.444 5386806.728 5422361.706 5483108.199 5501704.426 5535401.819 5558058.272 5565210.628 5572784.677 5610267.708 5614759.271 5624450.251 5651576.927 5693446.717 5718596.266 5837712.139 5923687.901 6006682.004 6158655.568 6312410.599 6731048.944 10153642.67 2051023928.
