    unsorted:	 192096.0430 191908.2352 191475.0382 190047.4711 196572.1715 195953.9144 202936.7689 204739.2947 206248.0065 207901.0731 210513.8147 213116.9947 215969.7155 224539.1400 224415.1794 179628.6589 227927.4563 174938.2795 168218.6002 234869.3456 162336.9487 160040.7249 238317.6382 153451.3403 245665.4171 140278.3415 135375.5813 251492.4069 128903.9241 119308.9803 107644.9620 267827.7699 99746.67839 274776.5553 81529.65305 78612.14228 69099.73681 60001.87831 55649.19767 46887.08963 43177.70099 35928.38943 30547.01831 22408.31827 21328.56233 13465.31048 12827.50212 7111.898557 303118.8043 403.5880562 332401.7226 370075.3311 380647.0477 438110.1564 463707.8110 469542.6478 483507.3960 515287.7763 537843.1172 559507.7843 642080.5752 680045.5347 810410.7937 892268.0974 972074.2709 1194758.770 1389868.378 1659647.510 1806483.145 2354767.355 3078168.507 3422416.514 7370385.949 11293960.05
      sorted:	 403.5880562 7111.898557 12827.50212 13465.31048 21328.56233 22408.31827 30547.01831 35928.38943 43177.70099 46887.08963 55649.19767 60001.87831 69099.73681 78612.14228 81529.65305 99746.67839 107644.9620 119308.9803 128903.9241 135375.5813 140278.3415 153451.3403 160040.7249 162336.9487 168218.6002 174938.2795 179628.6589 190047.4711 191475.0382 191908.2352 192096.0430 195953.9144 196572.1715 202936.7689 204739.2947 206248.0065 207901.0731 210513.8147 213116.9947 215969.7155 224415.1794 224539.1400 227927.4563 234869.3456 238317.6382 245665.4171 251492.4069 267827.7699 274776.5553 303118.8043 332401.7226 370075.3311 380647.0477 438110.1564 463707.8110 469542.6478 483507.3960 515287.7763 537843.1172 559507.7843 642080.5752 680045.5347 810410.7937 892268.0974 972074.2709 1194758.770 1389868.378 1659647.510 1806483.145 2354767.355 3078168.507 3422416.514 7370385.949 11293960.05
