    unsorted:	 25.00000000 25.00000000 25.00000000 25.00000000 25.00000000 188990.6283 189929.4175 191209.1530 199352.1298 200121.1367 197526.3527 202684.7643 203592.3825 206249.5620 211833.4363 213883.4538 218660.2212 177552.9351 173503.8749 169246.2587 162102.4559 164100.4014 229933.4285 155987.5430 148945.3275 233940.1906 236750.5627 142131.1001 132896.6423 123862.5813 251221.2272 113702.4283 259644.7077 97338.44517 82947.51231 71565.75414 62946.81289 53174.43034 50620.40180 43479.03989 40620.99426 32646.78193 25512.36423 22996.35836 262.1519461 194.4349932 462.9144633 649.8992624 1033.950376 16493.36980 13802.31999 7292.973455 282550.3296 291695.1774 298012.4560 323610.6232 324575.5942 355624.2634 397563.6355 478564.4718 521945.4291 562831.4692 569587.0560 600752.8436 639308.7989 686199.3450 786433.7719 851860.7177 1024521.369 1101340.140 1242144.253 1499866.745 1757796.082 2082534.691 2248313.602 2836468.613 3558135.594 4192465.660 4829225.952 11109084.23
      sorted:	 25.00000000 25.00000000 25.00000000 25.00000000 25.00000000 194.4349932 262.1519461 462.9144633 649.8992624 1033.950376 7292.973455 13802.31999 16493.36980 22996.35836 25512.36423 32646.78193 40620.99426 43479.03989 50620.40180 53174.43034 62946.81289 71565.75414 82947.51231 97338.44517 113702.4283 123862.5813 132896.6423 142131.1001 148945.3275 155987.5430 162102.4559 164100.4014 169246.2587 173503.8749 177552.9351 188990.6283 189929.4175 191209.1530 197526.3527 199352.1298 200121.1367 202684.7643 203592.3825 206249.5620 211833.4363 213883.4538 218660.2212 229933.4285 233940.1906 236750.5627 251221.2272 259644.7077 282550.3296 291695.1774 298012.4560 323610.6232 324575.5942 355624.2634 397563.6355 478564.4718 521945.4291 562831.4692 569587.0560 600752.8436 639308.7989 686199.3450 786433.7719 851860.7177 1024521.369 1101340.140 1242144.253 1499866.745 1757796.082 2082534.691 2248313.602 2836468.613 3558135.594 4192465.660 4829225.952 11109084.23
