    unsorted:	 177657.5512 177701.8546 176879.7132 182967.5561 184855.4418 167709.7090 165677.4379 193847.8846 205488.3633 202068.9048 209076.6203 211130.7130 215836.5548 224780.2544 225537.4224 221853.8379 226797.3605 229806.8237 232898.2352 235628.3647 158515.2545 152996.1051 150669.6740 142317.7343 134638.8686 125209.3769 119172.5961 112371.6429 104468.9022 259323.7482 86510.34649 77934.83881 70028.80240 56316.63201 47174.57399 41920.02519 30635.93502 28721.93041 19147.44788 10597.19315 9345.774515 370066.8772 368761.5006 575642.0013 5555606.282 5561113.943 5570578.695 5607200.772 5614422.394 5620769.237 5534148.493 5645080.152 5503357.936 5483678.192 5681693.154 5424868.943 5703500.566 5389109.726 5368216.870 5296164.134 5282665.894 5824820.442 5215067.573 5165037.354 5105025.667 5910711.579 6006108.231 4906301.766 6154410.096 4684269.640 6309297.608 6678498.986 10216541.95 2050221607.
      sorted:	 9345.774515 10597.19315 19147.44788 28721.93041 30635.93502 41920.02519 47174.57399 56316.63201 70028.80240 77934.83881 86510.34649 104468.9022 112371.6429 119172.5961 125209.3769 134638.8686 142317.7343 150669.6740 152996.1051 158515.2545 165677.4379 167709.7090 176879.7132 177657.5512 177701.8546 182967.5561 184855.4418 193847.8846 202068.9048 205488.3633 209076.6203 211130.7130 215836.5548 221853.8379 224780.2544 225537.4224 226797.3605 229806.8237 232898.2352 235628.3647 259323.7482 368761.5006 370066.8772 575642.0013 4684269.640 4906301.766 5105025.667 5165037.354 5215067.573 5282665.894 5296164.134 5368216.870 5389109.726 5424868.943 5483678.192 5503357.936 5534148.493 5555606.282 5561113.943 5570578.695 5607200.772 5614422.394 5620769.237 5645080.152 5681693.154 5703500.566 5824820.442 5910711.579 6006108.231 6154410.096 6309297.608 6678498.986 10216541.95 2050221607.
