    unsorted:	 202335.4743 202608.6805 203949.7271 205717.4635 206186.3504 207266.7442 194067.1646 194954.3406 193114.0456 212757.7673 213541.7914 185201.5669 179056.0170 178545.8854 219828.0713 170996.3959 171797.4107 165421.2241 223727.4993 162802.9601 226889.1869 154719.0013 238809.8323 238034.9676 149268.1739 245754.5138 252285.3648 133788.1010 126983.2225 116461.4596 270302.8364 272191.8919 100752.3746 95545.87313 81380.76632 77185.24073 73807.53275 59844.62638 55588.52281 43521.80621 40003.35916 35495.01927 29931.95633 23001.19824 21507.64551 13462.19828 12766.39898 7065.148146 299646.5208 421.3052117 333994.9570 370069.6598 385410.3397 434246.0106 463585.0805 468133.2983 482941.1329 512292.6172 537650.7981 558426.8533 639550.7419 679613.9196 811190.0318 883672.3368 977157.7598 1193426.064 1371661.611 1640698.308 1801363.587 2349810.117 3045813.942 3494003.330 7295905.413 11269258.02
      sorted:	 421.3052117 7065.148146 12766.39898 13462.19828 21507.64551 23001.19824 29931.95633 35495.01927 40003.35916 43521.80621 55588.52281 59844.62638 73807.53275 77185.24073 81380.76632 95545.87313 100752.3746 116461.4596 126983.2225 133788.1010 149268.1739 154719.0013 162802.9601 165421.2241 170996.3959 171797.4107 178545.8854 179056.0170 185201.5669 193114.0456 194067.1646 194954.3406 202335.4743 202608.6805 203949.7271 205717.4635 206186.3504 207266.7442 212757.7673 213541.7914 219828.0713 223727.4993 226889.1869 238034.9676 238809.8323 245754.5138 252285.3648 270302.8364 272191.8919 299646.5208 333994.9570 370069.6598 385410.3397 434246.0106 463585.0805 468133.2983 482941.1329 512292.6172 537650.7981 558426.8533 639550.7419 679613.9196 811190.0318 883672.3368 977157.7598 1193426.064 1371661.611 1640698.308 1801363.587 2349810.117 3045813.942 3494003.330 7295905.413 11269258.02
