    unsorted:	 201185.8507 201582.2786 204531.8276 203747.1490 195942.8379 194481.2929 211417.3209 211862.1092 190652.2664 189382.3533 214780.6664 216917.8203 220568.5356 180739.9368 225539.8959 176240.3119 173896.7972 170272.5147 227885.5765 163561.0883 160751.6579 233015.3367 153422.8066 242979.5337 244873.4266 144241.7949 254039.3197 132953.5730 121457.4884 116266.0079 106688.9744 98240.75629 270883.3393 89372.99774 80314.49454 75232.90851 283256.5996 61615.79299 57166.90796 46657.63023 43091.83372 37113.10669 29407.69828 21119.54094 23125.94869 13476.40196 13102.51925 7123.628075 474.7730507 311963.0614 339122.1577 370069.7433 389596.4787 446993.9305 473074.0604 483511.1387 491505.7657 521909.0404 538318.6862 574220.0614 655924.2498 692793.5678 829874.6546 926599.0871 992194.5883 1220097.418 1437861.723 1705651.723 1859850.317 2404340.146 3152633.166 3440259.109 7473072.719 11428295.09
      sorted:	 474.7730507 7123.628075 13102.51925 13476.40196 21119.54094 23125.94869 29407.69828 37113.10669 43091.83372 46657.63023 57166.90796 61615.79299 75232.90851 80314.49454 89372.99774 98240.75629 106688.9744 116266.0079 121457.4884 132953.5730 144241.7949 153422.8066 160751.6579 163561.0883 170272.5147 173896.7972 176240.3119 180739.9368 189382.3533 190652.2664 194481.2929 195942.8379 201185.8507 201582.2786 203747.1490 204531.8276 211417.3209 211862.1092 214780.6664 216917.8203 220568.5356 225539.8959 227885.5765 233015.3367 242979.5337 244873.4266 254039.3197 270883.3393 283256.5996 311963.0614 339122.1577 370069.7433 389596.4787 446993.9305 473074.0604 483511.1387 491505.7657 521909.0404 538318.6862 574220.0614 655924.2498 692793.5678 829874.6546 926599.0871 992194.5883 1220097.418 1437861.723 1705651.723 1859850.317 2404340.146 3152633.166 3440259.109 7473072.719 11428295.09
