    unsorted:	 193690.4508 195054.5101 189909.7201 182803.2513 180663.4890 199312.4349 175024.0988 172594.0789 169869.2652 167974.9565 205710.4171 161291.8566 214757.6201 215687.0875 219046.8790 222240.6548 222163.9894 226126.5303 228963.5707 153955.3432 150933.9631 241674.1213 138422.5671 130089.9166 245749.2949 126571.9141 119099.2946 114555.8831 256913.7227 103693.3857 88817.53030 83993.54993 76360.02362 58447.73297 50289.60498 43471.43589 39526.40275 22494.70001 18909.01789 9712.142311 4900.961591 370065.9286 368732.3100 575322.2849 5555175.071 5558300.484 5568976.505 5535245.475 5604640.533 5621385.942 5622561.322 5646298.568 5499974.740 5480082.820 5691567.685 5420681.702 5384165.442 5363621.953 5721674.120 5292511.740 5264632.471 5197769.351 5159270.147 5847865.124 5079167.241 5914723.631 6001454.009 4895770.139 4685607.035 6167267.271 6317198.086 6716405.102 10336002.52 2049192515.
      sorted:	 4900.961591 9712.142311 18909.01789 22494.70001 39526.40275 43471.43589 50289.60498 58447.73297 76360.02362 83993.54993 88817.53030 103693.3857 114555.8831 119099.2946 126571.9141 130089.9166 138422.5671 150933.9631 153955.3432 161291.8566 167974.9565 169869.2652 172594.0789 175024.0988 180663.4890 182803.2513 189909.7201 193690.4508 195054.5101 199312.4349 205710.4171 214757.6201 215687.0875 219046.8790 222163.9894 222240.6548 226126.5303 228963.5707 241674.1213 245749.2949 256913.7227 368732.3100 370065.9286 575322.2849 4685607.035 4895770.139 5079167.241 5159270.147 5197769.351 5264632.471 5292511.740 5363621.953 5384165.442 5420681.702 5480082.820 5499974.740 5535245.475 5555175.071 5558300.484 5568976.505 5604640.533 5621385.942 5622561.322 5646298.568 5691567.685 5721674.120 5847865.124 5914723.631 6001454.009 6167267.271 6317198.086 6716405.102 10336002.52 2049192515.
