    unsorted:	 25.00000000 25.00000000 25.00000000 25.00000000 25.00000000 201873.3284 200694.4647 199664.4585 197045.9046 195790.9809 204539.5994 205405.9026 208516.8597 192819.3304 185769.8765 180554.7694 177919.4350 215612.2521 174215.0016 170710.1076 226530.3485 163777.0717 158459.2021 230692.8290 233210.6763 235016.9805 235993.5538 144580.3073 139236.8782 131952.9363 254375.2987 119747.7770 106856.5137 91544.25714 85789.84842 74683.37530 64911.01533 59030.26998 56747.48301 44550.20634 38305.99668 31814.03919 25314.42999 22156.47731 16848.11242 261.9526209 170.6634350 474.6569852 653.1085176 988.5319022 13903.17108 7338.672705 271105.9212 277932.6566 300171.0741 315656.5795 329548.9193 360228.5545 396955.8121 474841.1437 539788.3311 573720.1482 579668.7534 606950.4727 644353.7353 696309.5126 802223.8472 852850.4680 1029442.191 1114335.602 1234343.729 1510117.752 1747167.757 2064551.583 2246065.542 2806811.149 3558255.508 4151455.027 4816291.088 11144720.27
      sorted:	 25.00000000 25.00000000 25.00000000 25.00000000 25.00000000 170.6634350 261.9526209 474.6569852 653.1085176 988.5319022 7338.672705 13903.17108 16848.11242 22156.47731 25314.42999 31814.03919 38305.99668 44550.20634 56747.48301 59030.26998 64911.01533 74683.37530 85789.84842 91544.25714 106856.5137 119747.7770 131952.9363 139236.8782 144580.3073 158459.2021 163777.0717 170710.1076 174215.0016 177919.4350 180554.7694 185769.8765 192819.3304 195790.9809 197045.9046 199664.4585 200694.4647 201873.3284 204539.5994 205405.9026 208516.8597 215612.2521 226530.3485 230692.8290 233210.6763 235016.9805 235993.5538 254375.2987 271105.9212 277932.6566 300171.0741 315656.5795 329548.9193 360228.5545 396955.8121 474841.1437 539788.3311 573720.1482 579668.7534 606950.4727 644353.7353 696309.5126 802223.8472 852850.4680 1029442.191 1114335.602 1234343.729 1510117.752 1747167.757 2064551.583 2246065.542 2806811.149 3558255.508 4151455.027 4816291.088 11144720.27
