    unsorted:	 204661.7250 204970.0871 203106.6650 200182.6128 209512.9921 214077.6817 215145.5951 219163.7782 220703.3570 190649.8813 190015.0183 180657.8561 178490.3450 173250.0523 170906.8296 167384.7046 160747.6979 159156.2349 227678.7604 230753.9716 235573.8485 152759.4154 145405.0805 136821.3694 246635.2749 245803.8992 123420.8825 121818.1664 106812.0711 99944.53387 93962.26819 86007.24815 71353.00457 57142.60315 43079.13556 41134.09016 37816.24666 20553.98350 16338.32252 10333.96154 5448.455009 370072.1678 368802.5319 575882.2467 5612082.548 5614154.172 5624436.926 5565000.709 5557273.835 5577714.745 5539349.229 5641457.610 5505760.328 5482452.661 5686106.819 5423297.586 5711008.783 5389296.499 5363807.752 5298234.990 5287591.894 5221966.508 5168051.271 5839208.327 5919218.083 5089224.672 6007833.402 4913056.899 6150350.055 4674893.849 6338289.442 6736051.667 10214136.13 2051108054.
      sorted:	 5448.455009 10333.96154 16338.32252 20553.98350 37816.24666 41134.09016 43079.13556 57142.60315 71353.00457 86007.24815 93962.26819 99944.53387 106812.0711 121818.1664 123420.8825 136821.3694 145405.0805 152759.4154 159156.2349 160747.6979 167384.7046 170906.8296 173250.0523 178490.3450 180657.8561 190015.0183 190649.8813 200182.6128 203106.6650 204661.7250 204970.0871 209512.9921 214077.6817 215145.5951 219163.7782 220703.3570 227678.7604 230753.9716 235573.8485 245803.8992 246635.2749 368802.5319 370072.1678 575882.2467 4674893.849 4913056.899 5089224.672 5168051.271 5221966.508 5287591.894 5298234.990 5363807.752 5389296.499 5423297.586 5482452.661 5505760.328 5539349.229 5557273.835 5565000.709 5577714.745 5612082.548 5614154.172 5624436.926 5641457.610 5686106.819 5711008.783 5839208.327 5919218.083 6007833.402 6150350.055 6338289.442 6736051.667 10214136.13 2051108054.
