    unsorted:	 190265.2240 191023.5101 189207.0522 188802.0730 194829.2322 196462.5837 197710.8429 198828.5067 203150.5541 207529.9938 209788.9776 211701.7285 216225.3959 176489.1318 173094.8132 168492.7040 166152.1709 163463.5362 222884.9626 225731.1064 226312.2302 227065.7423 228050.3157 152669.3678 240266.3657 142184.3343 135541.6808 126303.8961 253216.5140 117629.4188 104810.4542 99164.99947 269605.2339 271385.9173 87597.76915 77638.20242 69773.71511 57898.79213 50229.15344 43304.66286 39906.33232 34512.26605 28346.94589 21468.16787 20486.47549 13458.55850 12674.23946 6919.911715 291270.8001 443.3881077 329842.4700 370070.8907 387920.2505 436487.6033 464644.1340 468665.0264 483321.3778 511120.4386 537919.1115 555828.6467 639220.0695 677699.0388 815621.4920 898491.1253 990088.3797 1212049.730 1394111.785 1644056.714 1818024.267 2358422.153 3120977.632 3512550.632 7395724.076 11380283.06
      sorted:	 443.3881077 6919.911715 12674.23946 13458.55850 20486.47549 21468.16787 28346.94589 34512.26605 39906.33232 43304.66286 50229.15344 57898.79213 69773.71511 77638.20242 87597.76915 99164.99947 104810.4542 117629.4188 126303.8961 135541.6808 142184.3343 152669.3678 163463.5362 166152.1709 168492.7040 173094.8132 176489.1318 188802.0730 189207.0522 190265.2240 191023.5101 194829.2322 196462.5837 197710.8429 198828.5067 203150.5541 207529.9938 209788.9776 211701.7285 216225.3959 222884.9626 225731.1064 226312.2302 227065.7423 228050.3157 240266.3657 253216.5140 269605.2339 271385.9173 291270.8001 329842.4700 370070.8907 387920.2505 436487.6033 464644.1340 468665.0264 483321.3778 511120.4386 537919.1115 555828.6467 639220.0695 677699.0388 815621.4920 898491.1253 990088.3797 1212049.730 1394111.785 1644056.714 1818024.267 2358422.153 3120977.632 3512550.632 7395724.076 11380283.06
