    unsorted:	 209259.3209 209888.4192 210546.5062 208009.0414 212227.1349 195779.5992 194803.1191 196808.8835 193125.1755 200998.8361 191138.1955 188274.0399 220969.8175 221855.2074 175954.8474 174889.8188 170972.9809 228435.7340 231161.9713 233943.8373 165619.1318 240363.4936 157257.3168 153812.3117 243538.9876 148968.3126 254550.8661 136316.7489 126973.3939 117816.7025 274933.5649 277516.8638 104299.5318 98936.35472 82319.47871 79574.51700 68100.63310 60028.50164 56453.82538 44352.96573 38473.07238 35931.48933 30863.11830 22440.32513 21018.44194 13479.45584 13001.01568 7205.245778 302653.1173 452.3009224 332885.2970 370070.2462 385543.7733 440535.3227 469691.9980 474107.3346 486168.4312 515293.9078 538264.5061 561655.0143 645823.8299 677797.6200 810302.6270 896989.7697 978141.9260 1197201.581 1388695.847 1646703.087 1802651.968 2350784.053 3059956.079 3435154.867 7297481.961 11233129.67
      sorted:	 452.3009224 7205.245778 13001.01568 13479.45584 21018.44194 22440.32513 30863.11830 35931.48933 38473.07238 44352.96573 56453.82538 60028.50164 68100.63310 79574.51700 82319.47871 98936.35472 104299.5318 117816.7025 126973.3939 136316.7489 148968.3126 153812.3117 157257.3168 165619.1318 170972.9809 174889.8188 175954.8474 188274.0399 191138.1955 193125.1755 194803.1191 195779.5992 196808.8835 200998.8361 208009.0414 209259.3209 209888.4192 210546.5062 212227.1349 220969.8175 221855.2074 228435.7340 231161.9713 233943.8373 240363.4936 243538.9876 254550.8661 274933.5649 277516.8638 302653.1173 332885.2970 370070.2462 385543.7733 440535.3227 469691.9980 474107.3346 486168.4312 515293.9078 538264.5061 561655.0143 645823.8299 677797.6200 810302.6270 896989.7697 978141.9260 1197201.581 1388695.847 1646703.087 1802651.968 2350784.053 3059956.079 3435154.867 7297481.961 11233129.67
