    unsorted:	 25.00000000 25.00000000 25.00000000 25.00000000 25.00000001 198644.0446 197947.7808 198295.2746 190385.9316 192290.5461 203376.5644 205284.5408 185390.1587 211080.0447 215175.1109 177465.4829 172268.6787 170837.4951 229029.3208 229112.0036 224158.8535 231459.2860 162687.0835 160161.6821 239510.7060 154436.7089 240735.6140 145398.3288 248732.0424 137656.9284 125632.1310 112291.8082 107414.5065 94248.89354 82324.58185 269370.4795 72681.77253 63207.73529 58043.40986 51208.88132 44660.21252 38946.11793 31143.83153 24676.07551 22353.14515 16950.57554 262.6233530 183.3874103 489.9863814 656.4347004 1016.192838 13349.44072 7050.751497 278390.1729 292386.8219 319641.5480 315595.2604 350856.6935 391097.1329 475390.4297 515001.4351 549033.4442 558083.6069 585370.4884 631527.7783 667888.5442 762095.0343 831220.3411 1003647.002 1057535.280 1228961.477 1502577.565 1690813.602 2026531.125 2230718.873 2793348.946 3533532.435 4054430.122 4813901.698 10744980.69
      sorted:	 25.00000000 25.00000000 25.00000000 25.00000000 25.00000001 183.3874103 262.6233530 489.9863814 656.4347004 1016.192838 7050.751497 13349.44072 16950.57554 22353.14515 24676.07551 31143.83153 38946.11793 44660.21252 51208.88132 58043.40986 63207.73529 72681.77253 82324.58185 94248.89354 107414.5065 112291.8082 125632.1310 137656.9284 145398.3288 154436.7089 160161.6821 162687.0835 170837.4951 172268.6787 177465.4829 185390.1587 190385.9316 192290.5461 197947.7808 198295.2746 198644.0446 203376.5644 205284.5408 211080.0447 215175.1109 224158.8535 229029.3208 229112.0036 231459.2860 239510.7060 240735.6140 248732.0424 269370.4795 278390.1729 292386.8219 315595.2604 319641.5480 350856.6935 391097.1329 475390.4297 515001.4351 549033.4442 558083.6069 585370.4884 631527.7783 667888.5442 762095.0343 831220.3411 1003647.002 1057535.280 1228961.477 1502577.565 1690813.602 2026531.125 2230718.873 2793348.946 3533532.435 4054430.122 4813901.698 10744980.69
