    unsorted:	 190110.4742 187946.3036 196565.8954 198681.9308 180727.8345 181892.9999 204807.3010 206518.8314 208747.0275 173697.0466 213146.2501 216986.0256 221416.3464 221077.8165 221879.2241 167505.9294 165511.5874 158962.1356 155575.6890 150334.6312 232362.4509 234035.1326 139051.6067 127955.0561 123830.6488 119960.4508 112190.2679 247008.4280 105578.8704 256742.6485 90217.53560 86606.92161 77721.95397 60750.74323 47657.96908 42522.92409 39229.77538 27953.54758 17431.39583 10392.02064 6077.901512 370070.8113 368796.2471 576151.4365 5559079.031 5562713.385 5570946.675 5610502.609 5613154.009 5623619.807 5538400.069 5507213.044 5484007.151 5656699.536 5678186.610 5425313.742 5703370.212 5392214.804 5367409.020 5294029.309 5297790.468 5235551.061 5827547.774 5172474.758 5908433.767 5096564.801 6001766.205 4923814.229 6134021.018 4682616.478 6300908.050 6705182.339 10153517.75 2051530825.
      sorted:	 6077.901512 10392.02064 17431.39583 27953.54758 39229.77538 42522.92409 47657.96908 60750.74323 77721.95397 86606.92161 90217.53560 105578.8704 112190.2679 119960.4508 123830.6488 127955.0561 139051.6067 150334.6312 155575.6890 158962.1356 165511.5874 167505.9294 173697.0466 180727.8345 181892.9999 187946.3036 190110.4742 196565.8954 198681.9308 204807.3010 206518.8314 208747.0275 213146.2501 216986.0256 221077.8165 221416.3464 221879.2241 232362.4509 234035.1326 247008.4280 256742.6485 368796.2471 370070.8113 576151.4365 4682616.478 4923814.229 5096564.801 5172474.758 5235551.061 5294029.309 5297790.468 5367409.020 5392214.804 5425313.742 5484007.151 5507213.044 5538400.069 5559079.031 5562713.385 5570946.675 5610502.609 5613154.009 5623619.807 5656699.536 5678186.610 5703370.212 5827547.774 5908433.767 6001766.205 6134021.018 6300908.050 6705182.339 10153517.75 2051530825.
