    unsorted:	 198188.1989 196557.4976 199229.6812 200001.8805 195729.7133 203419.0329 204224.0109 192790.2554 205890.5743 190507.2592 189681.4292 208169.4516 181364.9330 178397.3769 217338.5438 219787.6734 225263.2725 168629.5482 164563.8681 163320.1182 233094.6020 234127.7697 155470.7630 239038.1444 242280.0418 150865.7753 250525.7256 134406.1042 127171.8657 117110.6477 268007.3856 271611.3592 101491.6914 97688.82952 91695.72004 78496.78295 69211.79596 59638.87359 54918.71855 43508.41263 37584.81893 35038.64020 34330.13601 22679.11583 21350.36298 13464.40350 12825.24211 6974.572550 292091.1849 475.2906706 330885.1510 370071.7180 392670.5049 441236.9655 470814.5407 475713.7562 491847.4700 520153.8908 538317.5569 569717.9860 655074.3464 689567.4901 822218.4161 907433.1008 991129.1957 1211738.402 1400155.852 1666899.110 1821105.433 2337366.734 3082312.634 3498998.474 7372459.767 11288078.31
      sorted:	 475.2906706 6974.572550 12825.24211 13464.40350 21350.36298 22679.11583 34330.13601 35038.64020 37584.81893 43508.41263 54918.71855 59638.87359 69211.79596 78496.78295 91695.72004 97688.82952 101491.6914 117110.6477 127171.8657 134406.1042 150865.7753 155470.7630 163320.1182 164563.8681 168629.5482 178397.3769 181364.9330 189681.4292 190507.2592 192790.2554 195729.7133 196557.4976 198188.1989 199229.6812 200001.8805 203419.0329 204224.0109 205890.5743 208169.4516 217338.5438 219787.6734 225263.2725 233094.6020 234127.7697 239038.1444 242280.0418 250525.7256 268007.3856 271611.3592 292091.1849 330885.1510 370071.7180 392670.5049 441236.9655 470814.5407 475713.7562 491847.4700 520153.8908 538317.5569 569717.9860 655074.3464 689567.4901 822218.4161 907433.1008 991129.1957 1211738.402 1400155.852 1666899.110 1821105.433 2337366.734 3082312.634 3498998.474 7372459.767 11288078.31
