    unsorted:	 199779.4093 199306.7122 198708.8596 197572.7415 202190.4150 203660.5866 203854.8199 195465.4115 191739.0658 185439.6249 180939.9609 178215.0623 177258.3929 213706.4977 214618.8255 216791.8131 171297.9308 168677.8497 162865.5883 161071.0703 224556.6298 233591.1178 238472.3778 240706.4206 245507.9474 148000.5626 145282.3399 132886.8983 127587.9196 118034.6327 260037.7854 108917.8220 97593.26717 92764.54871 272455.8963 75731.82958 67666.26559 56494.66068 52131.45339 42514.89882 39356.32461 31878.18594 33719.10450 286106.0245 22017.65231 20088.14610 13448.40011 12116.08678 6788.797414 383.8500150 324541.0629 370062.9758 386501.4837 421115.5219 451967.9568 458840.1319 479532.6795 506938.3593 536670.1659 545254.1438 625408.9673 669651.0446 805470.9545 866122.4239 987746.2100 1200211.063 1362554.685 1631099.116 1789865.017 2330646.951 3063936.599 3548223.763 7322411.132 11264244.37
      sorted:	 383.8500150 6788.797414 12116.08678 13448.40011 20088.14610 22017.65231 31878.18594 33719.10450 39356.32461 42514.89882 52131.45339 56494.66068 67666.26559 75731.82958 92764.54871 97593.26717 108917.8220 118034.6327 127587.9196 132886.8983 145282.3399 148000.5626 161071.0703 162865.5883 168677.8497 171297.9308 177258.3929 178215.0623 180939.9609 185439.6249 191739.0658 195465.4115 197572.7415 198708.8596 199306.7122 199779.4093 202190.4150 203660.5866 203854.8199 213706.4977 214618.8255 216791.8131 224556.6298 233591.1178 238472.3778 240706.4206 245507.9474 260037.7854 272455.8963 286106.0245 324541.0629 370062.9758 386501.4837 421115.5219 451967.9568 458840.1319 479532.6795 506938.3593 536670.1659 545254.1438 625408.9673 669651.0446 805470.9545 866122.4239 987746.2100 1200211.063 1362554.685 1631099.116 1789865.017 2330646.951 3063936.599 3548223.763 7322411.132 11264244.37
